4771
3676
427
1004
5498
5582
4890
2952
1012
3927
1247
3418
630
2195
77
1588
3272
1636
427
3633
3803
1214
1354
1718
4998
5599
4825
785
5022
2617
2882
195
2281
3308
3581
-1
3750
1214
1054
5202
4918
5179
3949
5311
2376
1161
3676
1914
4772
2196
3139
1468
2200
1997
4113
5621
3875
1042
5084
2196
3136
2455
3401
4717
376
3571
3436
3139
25
596
3139
3994
5054
41
5559
1934
4871
2652
4997
2420
3308
5616
4039
5362
3139
1691
3139
2583
206
3891
276
2260
4934
2084
2285
25
3875
1088
3139
1195
5471
4772
1461
2538
823
1287
698
3838
4746
2619
709
2196
4772
3139
1775
595
3308
4329
1203
1325
787
1870
5547
4426
2682
2618
5275
5431
4403
226
3066
2911
4746
3139
5616
2619
4978
1803
2205
11
1307
2697
3418
5062
4480
4465
4206
5133
5744
2469
2724
1650
193
2851
1429
1602
25
425
1272
4045
5288
2416
592
2056
2368
1029
2164
2379
4918
778
2189
2128
1276
3910
1619
5265
2762
5402
4884
219
-1
275
2882
1158
1300
1601
5655
4871
-1
4945
2864
3139
5402
3943
5525
1875
2277
3057
1707
3910
3401
4306
5132
1405
4945
835
3036
5621
3915
4884
3139
5287
1616
4142
2196
2785
3623
227
-1
1798
3139
4707
5746
-1
1313
5183
4717
4889
2274
2356
3139
1320
391
1073
4484
77
3996
1361
136
425
3676
5646
2762
-1
3289
3942
957
595
3949
2468
4195
25
4745
1503
2468
2730
1601
5153
3139
1281
3938
425
806
2567
4142
-1
630
5294
275
3166
3762
-1
3139
4416
-1
3003
3807
4808
1307
3571
970
1619
1313
4561
3875
5587
3139
5132
595
1798
5292
-1
281
1583
3139
4417
1384
2277
2075
4214
-1
1949
353
4416
2601
770
4194
2274
630
5695
4349
2383
4373
5532
482
2144
4039
2196
4091
2813
1179
5311
4416
1339
147
1115
2200
3165
620
1313
1095
1692
1760
1209
2214
2140
1352
595
4588
5183
2122
1850
630
1012
3139
16
482
703
2762
1485
425
238
2122
1350
590
2983
5049
3374
3342
2216
2562
931
1121
4478
2571
5384
3278
3456
1304
3645
1136
3202
4411
5047
951
3507
25
2785
5402
482
5292
5532
3139
2998
4784
3231
2097
4188
4188
1405
2285
3682
2486
763
3805
2730
5390
1138
5426
5587
3308
4138
3924
2571
3830
5402
1601
2196
-1
5093
3595
1307
2200
5267
4226
4110
2466
2882
5498
427
2196
1429
620
1759
4884
5336
1639
316
787
2285
5512
3964
1083
4975
4722
2762
3040
3415
5497
2200
1734
2122
4945
651
3139
2196
2003
-1
1192
3289
3066
807
3308
1213
2196
4451
3139
5587
5609
4959
5698
3817
2016
1044
766
4889
4226
3762
2525
4811
5343
2376
-1
1044
4352
4654
-1
5370
4002
1650
976
2328
5574
4373
-1
4125
4352
1297
5405
776
4945
2464
3
3139
4829
2562
1691
2807
5576
3139
227
195
-1
5575
5402
785
5049
2708
2384
412
1333
1560
2793
1567
11
2958
5576
798
827
1307
-1
1313
957
1238
4053
1370
4868
313
4018
2724
2243
5062
1427
4174
25
1731
2469
3367
4158
4807
4588
4890
3875
2611
3720
5567
1565
5016
-1
4713
2762
4326
5386
1429
4713
1681
1355
5162
3139
2285
3139
1650
2196
4270
3377
16
5402
5522
811
1843
5571
3139
2333
2200
2986
1304
482
1076
5402
5370
1352
3875
391
25
5587
1281
2125
2619
1512
2619
2009
148
482
182
4884
2200
1823
4546
2391
3377
1920
5362
2635
1539
4884
3315
1085
77
4287
470
2379
4713
2196
3136
1940
1296
913
5621
2762
3960
3139
5507
3317
5402
16
3040
3007
5077
852
5587
25
2421
3192
3139
5133
5232
1425
5027
55
-1
3139
4539
1214
2091
4998
1452
638
4872
957
4945
25
2746
425
5674
4974
3189
1429
440
427
2065
970
4884
3621
3585
3069
2285
2182
1601
1474
5235
4718
2873
4111
4890
3003
2196
2344
860
5413
963
1057
2762
1429
4867
3925
370
1429
5062
2911
484
3289
4046
2567
1356
1456
3136
4720
1297
5556
2196
82
4720
4206
3592
4184
932
5193
1679
4689
5728
-1
1625
1044
4348
51
3296
373
66
4244
147
883
3149
5250
4226
3139
3139
883
3390
2714
1775
425
5488
4718
4364
3308
2238
1092
5742
4763
309
425
3389
785
1200
5424
1405
2326
3408
4474
5427
2913
4784
4884
2196
5193
195
4686
3341
2196
4338
5589
4142
3139
3346
1313
3139
4722
628
1465
2383
3621
4076
5524
2350
3924
1724
41
1307
4239
5433
4740
4811
2050
4188
5609
3760
883
1931
282
5031
-1
4561
1699
2682
3838
1574
-1
5587
3240
5427
457
25
1809
5402
2562
5511
1452
4287
-1
1202
5152
184
4501
2697
4890
3838
3095
5053
3851
127
3380
4604
3517
687
4956
937
-1
4884
1199
763
1429
1898
105
4570
2200
664
2163
-1
3139
26
1297
713
3028
3057
425
806
4084
1339
5162
5587
529
3846
3069
4417
1636
5218
402
1709
1619
1351
3682
4387
4046
1106
1996
3222
3803
1657
5609
1283
2762
592
3824
5446
1731
3341
5587
5587
1546
24
5609
4912
630
5433
42
-1
4945
165
195
376
3308
331
2189
5362
4740
2762
2911
1313
5062
3621
5388
1785
472
5413
1427
2274
3461
1699
2196
4011
2200
25
-1
4966
2882
2825
3808
5384
3346
2196
1352
1850
5254
2863
4126
485
1489
3650
3408
4945
1307
1419
-1
4689
2761
2435
3887
25
2762
1574
2235
3308
1019
2285
835
3139
482
5062
3461
5030
5200
3139
484
4918
3621
542
5721
5467
2890
3682
3069
3950
342
3423
780
-1
531
5242
1909
508
-1
3192
3184
1352
3015
1067
2146
1449
425
4264
25
4467
-1
142
24
-1
1294
827
5698
2196
3139
806
5203
4373
4201
4884
3315
3139
2122
2822
2085
3442
4807
2196
1405
5415
2697
1650
1320
4373
700
4458
5254
1932
3136
5544
2104
5587
1661
5003
64
2285
3099
5087
2084
4861
2724
5135
5451
1534
-1
1356
5049
2568
5402
1331
1373
742
-1
3139
4559
1504
3110
1616
987
3139
1058
1776
4410
1759
1444
-1
1452
5629
1557
2196
4337
3139
908
2196
5272
5049
4454
4966
2762
785
647
4226
2612
638
5587
662
-1
5609
2825
4978
2911
1405
1405
425
5125
2825
-1
3139
192
4158
2943
285
276
195
2916
2084
2148
4570
5172
5387
5062
5114
1244
2682
5402
3621
2200
993
4835
1819
4465
3170
5062
-1
2285
2196
2146
1247
5576
3142
1601
1488
1990
5102
425
1984
5743
5222
3964
2619
5206
3139
1940
3734
4884
5138
3051
5182
3621
3107
1572
4889
-1
2428
3139
1373
4794
3835
3838
4254
711
3817
1480
378
4889
2680
2395
147
954
3875
1178
3610
2196
2946
2196
2630
243
669
5013
5402
4278
425
-1
547
3903
5560
2486
2281
3136
4188
1307
25
5587
3442
4211
1219
2196
1699
3308
2882
2784
1776
5132
1798
3015
3339
3682
3599
2739
2140
3069
5402
3139
4966
1846
5336
2196
4540
4671
1586
77
3199
2697
2196
3107
970
2882
1370
2181
147
3621
770
5402
5009
4615
1044
604
2156
2195
3734
1837
3739
5225
5419
5558
4264
448
5161
2979
5646
4142
5616
4493
4784
1963
130
1665
4945
450
2280
1307
2998
4931
1374
4487
3139
-1
1680
3928
4373
3003
5402
1038
5721
2323
817
5667
797
3887
3890
5402
3996
1468
1514
5402
4668
-1
147
4225
-1
2122
2160
2958
4945
1565
25
4192
3139
2571
1339
875
1681
25
476
3023
3875
5439
1396
5402
4966
16
5311
202
4038
2122
1586
2194
2196
1842
5556
2864
4491
3139
5125
400
4529
4398
1800
4373
775
-1
3308
3621
4815
630
4624
22
1851
2122
3676
2998
482
25
3531
5271
2312
1908
5502
2364
2719
542
3082
2463
5402
1017
4903
3139
25
3269
1650
5049
4039
4732
3461
1240
2867
41
3088
446
4993
512
175
778
2612
3616
2195
147
3003
3839
1680
81
1800
4226
1536
957
285
425
620
4356
1452
91
3800
2328
18
1313
889
2825
3139
5402
1994
2269
1384
3623
5384
4513
3928
53
508
4501
1405
3308
5587
5238
5402
4587
1809
174
1588
3037
4161
1699
5402
2154
4045
761
2517
4734
4561
1366
2243
827
951
3139
4867
3822
5336
2367
1800
5049
1793
2196
3621
4348
3072
1699
3139
4596
4765
1777
4703
2548
3621
4158
3095
2196
-1
1313
4720
2615
4956
4966
2164
1017
3269
5579
1595
561
5187
4671
1168
2830
3066
923
1088
4945
4629
425
93
3803
2562
5294
4497
3139
1148
2196
1639
1679
1118
4403
1186
4815
-1
4063
3007
2196
1436
-1
1412
1746
3967
3139
5287
24
2762
3289
2844
193
27
4803
3792
923
5623
5402
1352
4594
2056
3725
1482
2085
327
2128
1470
1429
1800
3382
492
3003
147
508
524
2243
831
3946
3139
5744
2958
5733
2697
4142
57
1313
1579
2196
4771
2724
1357
4993
5133
3342
1426
2084
2894
1384
3380
227
55
542
4833
3015
2762
1307
2697
1044
1493
2196
1583
4181
1574
425
4393
2196
2890
1869
4974
3830
4477
1793
4707
1110
5293
258
1250
4497
3734
4974
2200
2401
3269
3964
425
2650
4740
1240
4159
1106
2122
-1
4194
-1
5085
5378
1362
4142
2196
1969
4032
3184
-1
229
1179
2468
4986
5405
1307
5557
4779
5102
2754
1339
3573
2911
3139
3949
4226
4005
5381
1429
3693
425
5446
4722
482
1996
4611
1298
4188
4624
3189
2153
5746
193
3139
5585
835
4146
4276
4836
2196
4955
5532
3139
3139
1636
2401
3417
1800
4194
2243
3308
2531
1313
2196
2196
3595
1205
1178
213
1759
4900
5277
3139
827
797
5331
353
182
5119
338
4372
195
4142
508
2911
2196
1320
5419
4131
2724
5472
5133
5122
687
3068
3164
425
138
2315
3139
4188
2435
4172
5133
1636
1574
25
5422
431
3192
110
1376
51
3919
1038
304
3834
195
2830
425
1104
4142
5294
4931
5156
2658
-1
-1
1588
1054
3917
3267
53
177
25
3308
3003
5049
3461
-1
1405
1044
4998
4956
1601
3003
4454
5062
4438
2015
1752
1196
-1
5616
3944
5150
25
2610
3164
4763
1804
4032
1832
2615
5681
3139
425
5558
425
3479
25
769
2009
3661
3269
2724
1777
2314
2517
3039
-1
3621
5674
2189
1636
2404
65
2346
5491
2164
4945
711
1258
1600
1427
3021
2196
2390
138
2336
4539
2344
545
541
3139
1636
1855
3139
1681
1803
-1
3003
4354
115
583
1322
5671
2292
4689
1307
425
1018
1681
3739
3273
4235
1888
5207
5344
2006
1908
5277
880
175
1480
2122
4082
2200
5230
3064
57
123
4890
526
3308
4113
4598
3516
2200
4474
5353
2195
3066
5609
4717
5267
2619
2122
195
3740
3456
955
4405
2998
245
2762
1313
771
3838
1230
1429
79
4713
4497
630
5133
2072
2285
5402
-1
1128
4340
2507
1240
540
1601
-1
3139
3299
5235
687
2196
25
2762
1294
450
3621
3880
2195
1936
1667
957
404
1288
3057
1834
3512
3621
4111
2391
5576
3676
2867
-1
-1
5624
2412
3629
2682
1777
4668
4373
4004
4884
3077
4668
5019
913
2200
2293
2989
304
1429
1247
5049
1405
1183
5671
4646
482
5104
4736
1725
2349
2189
20
3778
3139
1370
4383
4998
1945
2196
3139
25
2016
5235
16
2167
5515
4718
-1
1185
5667
2376
3862
2154
1304
5003
406
2189
3621
425
2196
3055
3107
2196
4851
2243
-1
3054
548
1583
2911
1178
515
3616
5003
2144
2653
425
5362
425
4153
5132
1588
630
4901
1888
1149
1307
5402
615
25
4142
1152
498
4803
3667
2042
1200
5344
2548
304
1354
5322
1722
147
5250
2196
1699
142
267
3069
2095
4900
3627
2470
52
2488
-1
1859
1230
4326
56
719
5062
1178
1054
2835
1038
4993
1313
1119
3240
3592
3139
974
1800
3396
3479
2196
339
5464
1268
-1
3479
1888
785
4225
1872
368
2761
4945
2911
1803
4720
2049
99
3139
2615
249
2196
3165
5133
4371
4998
3227
1307
-1
1588
5402
2762
695
-1
1016
425
4235
1429
2142
1263
3315
3157
5115
785
387
3139
2196
3192
4652
25
4513
1977
3696
4700
1977
1017
2083
-1
5587
3820
1144
3653
2286
422
1184
2973
3003
1258
3139
2838
4853
71
2789
142
5062
3139
2983
16
3161
23
1427
689
2376
3635
5402
4624
41
4397
5466
4226
5497
3401
4793
4799
664
382
4142
5332
4142
1429
455
3579
460
1601
540
3192
4778
2394
540
2411
4815
4884
833
470
3139
482
156
1071
3003
1544
3342
5102
2196
2187
5497
2168
5157
1915
4454
1085
1283
1601
5402
4412
-1
41
1333
3653
4831
4945
3139
3919
2227
2691
3277
-1
976
5402
3057
787
3139
147
25
1703
4640
25
3139
1699
3066
3366
-1
2196
4820
1292
5501
5254
1196
25
2478
1405
1003
957
3069
1307
4391
1579
2882
2334
4315
195
400
138
2196
3449
4039
425
3192
5049
630
3397
1846
5695
470
1091
2187
2285
3139
3160
1247
3308
3039
5623
4815
4474
5102
4945
5742
2189
5687
3409
3095
2285
2569
4460
2196
1825
4428
3139
-1
2736
4986
2007
3827
1339
5587
25
4903
5603
-1
2573
2160
3629
1323
3834
142
227
2990
4854
3251
3139
-1
404
5155
425
25
4825
550
665
1058
19
4293
604
5609
2412
4254
993
5254
5362
2867
157
4158
1269
304
1601
5449
3139
2285
4878
746
3397
195
1353
4332
275
3095
2796
4507
4270
2196
2724
1294
1028
400
5402
445
391
73
1627
3659
5719
2196
4815
2989
3139
1672
2285
93
2003
3139
4039
5587
1016
5642
5402
4945
5175
794
3308
5384
375
923
1480
5362
594
4179
3269
3139
4142
-1
1822
5609
3139
2196
3157
3308
5093
52
4082
5133
1101
1448
925
5414
1595
695
5575
1313
3356
4497
5706
888
4515
3746
2587
3139
558
5028
5062
1294
4085
2189
24
4373
3880
2285
486
1313
138
2196
1019
4849
1727
2297
2122
1112
3996
5402
-1
5361
2285
4332
3242
5049
2364
3838
4654
1393
5091
2276
5426
5133
5641
1636
3396
4101
3592
3139
3511
1762
1948
1429
2716
1938
1405
1798
1110
4993
1583
2615
4198
719
25
5402
4555
579
1307
4393
3139
1307
2867
5362
2149
5271
5179
3378
2224
4958
2933
2825
425
5587
1605
195
2196
1371
4158
2147
4164
3834
2513
3385
425
993
1300
-1
3192
-1
425
1178
2409
1777
227
2296
425
4226
5485
-1
5074
2864
2825
5140
258
2227
4890
2657
1313
53
1628
1073
2200
4967
777
5669
3139
-1
3139
3485
57
4313
5518
2976
912
1230
2016
4562
482
3139
1044
1044
375
1536
1339
4448
-1
1546
1193
425
1152
166
3339
3401
4226
4653
5587
1203
238
1415
2153
2645
3676
3139
5497
3717
3139
4713
3427
95
2455
5362
5587
3139
5049
3139
4956
2534
2196
5362
2660
1218
5402
5402
5344
2714
95
2196
4669
5406
1427
2939
1073
4689
5280
-1
4965
328
4986
595
1362
2633
3210
4766
1795
2435
2923
3772
2266
4354
5561
5402
787
-1
3646
883
2813
1832
3621
4142
2051
2885
3442
3817
2122
2825
2286
3996
630
556
1376
1352
3107
1650
4155
1803
1320
3505
4998
1307
5576
5495
95
5292
5454
307
3139
4046
425
400
472
2279
2855
3139
1149
1219
2612
2468
2009
3705
1298
4135
1740
3683
3142
885
923
5049
3646
3592
590
-1
5695
4332
2911
719
4829
1727
2958
425
1541
1854
1775
932
2697
3366
324
857
4140
3308
4473
4051
1636
1465
193
425
1276
1354
2084
5254
1928
257
2243
2383
2266
1429
5706
1452
428
4265
4720
4188
5588
5040
1345
3887
2285
2703
5165
3924
1480
1313
5562
2435
2200
2525
5433
1421
4287
5466
5402
5062
5028
4945
2882
1269
4945
5285
1313
4162
674
2122
2084
227
4225
3125
4877
4884
630
5317
5254
5466
4347
792
452
3139
16
1073
5110
1480
1313
392
4313
1196
746
3139
1785
2196
4598
3401
934
742
4180
2515
4371
5426
4998
2196
1071
1606
419
2189
2697
5419
5026
4611
5706
2196
2958
2360
1405
5418
3273
-1
-1
2466
3053
1608
3139
3139
3616
1230
739
1405
5022
3139
5402
1414
3991
1095
1949
1657
3072
5062
1949
3985
2200
790
1217
2016
-1
3752
425
5202
-1
7
3139
3708
787
2762
2164
5402
3072
425
1219
2135
3201
2911
4598
3129
2189
3414
3139
2615
1429
3205
484
276
981
1636
1066
3139
3801
5402
4239
1661
1496
307
805
5062
3485
2911
5672
3203
3580
4993
41
4276
3496
2512
1595
3950
5133
3023
5656
1062
3875
3256
3308
25
1286
5218
1498
2196
5254
5551
2904
5402
1240
2921
4822
3862
594
3139
5062
1832
3016
4740
1635
2121
1681
4073
3317
2965
3139
1945
2813
5471
4998
250
2976
4197
3139
-1
1429
3838
4966
5699
2196
1857
4832
2196
4453
227
3139
3139
4720
1608
4700
4570
2548
1429
3876
5547
2060
5574
4277
1120
4282
1608
799
2621
4547
2882
1601
4513
-1
3676
1541
3631
339
1465
5254
5695
5402
2196
3003
1044
2401
3349
2973
1313
1139
5390
1280
5415
151
5731
25
3269
5402
4412
25
3708
3139
4367
2771
2794
2196
1019
5473
3445
3356
3308
329
3139
3139
2189
2724
5512
3099
2449
4039
5674
258
56
2200
2810
4931
4229
3948
4371
5402
4039
1829
4587
425
556
569
4056
5671
425
4287
304
4142
2709
5087
3362
2572
276
3456
482
1200
2016
1273
4966
2143
3139
4371
1307
2285
3192
5292
3139
2214
2414
2911
3139
-1
5049
4158
57
4890
5599
2911
2069
1429
3284
-1
4537
1681
1699
1298
5133
5746
457
590
5322
1298
2649
4555
5587
2285
2200
5593
-1
3308
25
2348
1339
2196
1307
4981
2196
669
2427
217
1480
1044
425
5419
2285
4359
1365
540
2346
3139
2782
2503
1038
5093
227
1429
3192
2308
1269
4142
1681
3192
3139
2562
1666
2691
3192
4884
2569
4244
494
5062
285
1699
1362
482
4268
2484
3840
1429
4127
2844
2762
3139
5373
1583
669
620
5512
2199
2000
5049
3296
3069
5748
4740
4075
594
816
2101
2196
4784
496
4163
1072
1429
1759
2668
5629
3599
-1
-1
1657
2762
625
5433
4778
-1
4426
4532
1452
932
2548
4692
1875
1405
993
852
3869
2028
3139
4132
5269
1928
3716
2333
3623
3553
5155
1757
4373
85
1694
1313
316
3139
1157
3139
1044
5733
3308
486
5121
1446
4188
2934
3496
126
3676
540
5067
-1
5413
-1
785
5152
425
2825
2468
2196
-1
2195
2890
1269
3003
638
4481
3768
682
4080
4791
4467
5592
490
4611
2196
4174
-1
5431
5061
324
3891
3999
1777
2225
411
2643
25
4418
2673
679
2489
1230
2794
41
258
4662
2243
2289
679
227
5509
3641
369
2196
3139
823
3139
3920
4113
1294
2102
156
1657
4188
1885
1291
2992
-1
3580
1354
3833
4966
3028
2939
2285
2560
4966
3139
3800
3139
5402
880
4142
4032
1057
-1
1157
1240
3256
3139
1771
482
2390
3621
486
2148
4986
4437
5062
482
1738
427
2196
3139
2653
3139
5311
2147
3377
5232
3773
-1
25
2881
2714
2196
4912
2285
1619
3077
3885
1429
25
785
3447
4497
1636
3139
2200
5133
740
2762
450
630
2196
3139
252
2905
2777
1307
1405
1313
4489
4998
2882
2501
4896
2901
5078
5109
3266
3165
3356
1653
4689
4486
3640
227
4477
3240
2399
1244
425
5712
5426
5552
2882
1573
3917
3770
4998
1888
5103
2243
220
1504
4101
3682
3139
1729
373
3999
2719
485
1638
2598
53
1112
30
5384
2201
-1
5202
5313
425
1286
3527
1722
1044
5402
1832
1446
539
1535
5023
2168
5712
586
-1
2567
25
3485
823
1601
521
5665
3139
3317
-1
-1
3745
-1
594
1323
4158
1155
914
1616
4492
1183
4884
2196
591
4407
425
-1
3459
1429
51
957
3526
2600
1307
5104
1025
1429
4707
5062
2510
482
25
1821
4158
1339
4538
5122
3651
5735
130
5432
91
2762
3308
25
425
2630
1647
3395
243
1222
3308
2196
2420
41
1837
4555
1016
1883
761
4158
-1
3121
3315
5530
775
2986
540
1219
3401
195
5003
1608
1601
5372
5497
485
3760
5633
2619
482
1985
3886
5155
2929
2328
5109
3139
3139
4593
4362
4998
2390
-1
3069
2367
5140
4148
3139
5203
1196
3139
1619
1016
1339
2277
4390
1300
3416
5088
3308
5271
4075
2196
4298
3748
400
521
5028
1777
4958
5502
4238
2882
2551
2551
5674
4966
1354
4281
4367
3532
66
3592
3290
5614
41
912
-1
3139
3003
1601
425
2784
2368
3066
482
2122
5062
482
5529
4993
1427
3139
4799
3887
1601
425
2762
2149
3069
2285
3139
4877
1588
4196
5375
3139
4158
5349
3139
5315
540
787
1298
4296
1144
3616
5235
3676
5133
-1
425
5706
1425
2196
1823
3139
740
4093
3139
425
3308
5404
2916
825
261
1044
5165
2196
425
3251
177
1429
3427
2196
4884
993
1562
3139
2958
4096
5518
3003
2867
2382
2328
3139
5671
1196
3592
3820
2196
474
4784
3139
5516
5491
3139
1218
1218
376
1352
4998
3875
227
394
2196
5674
1902
1011
3585
5021
696
131
5572
4348
4497
1969
3305
5132
2825
785
5254
4226
4836
806
3139
5207
5706
3772
3863
4945
1588
2939
2196
2627
649
934
4768
66
1699
24
5402
540
5021
2986
1180
843
2724
4858
723
1680
1178
2123
4771
3139
2789
159
4890
25
1365
5518
2691
195
4265
5304
1809
4532
25
923
5285
2752
4890
1116
2676
5687
4482
719
3875
3139
1330
4188
4816
3139
2214
4002
3800
5236
3139
5587
2517
5402
5003
5433
425
337
2285
3308
425
5009
-1
4832
5137
4298
3748
5496
951
2196
285
967
221
4853
5083
2164
390
1504
5706
1933
1073
611
3308
4287
482
2200
5064
324
1235
5574
4287
925
2285
4624
2358
2882
-1
1042
127
74
2963
2285
2189
4188
897
3308
5522
555
-1
2724
5362
2196
1480
4181
2206
689
25
1601
281
5164
5026
2196
1313
5605
2135
4497
2196
1298
-1
3139
1583
1793
1699
1949
5326
2473
1583
1339
2729
2875
3595
314
4947
1313
195
2046
3139
2753
4226
2196
4570
1073
4720
3536
5066
4945
591
4896
5731
5556
3139
1044
2196
3592
1405
2229
2702
787
3160
540
852
3139
170
2934
3139
3920
3858
642
2833
3139
1913
1677
2867
3837
2676
275
3139
5142
5331
3308
4998
1820
3794
4523
2762
1746
3139
4491
2768
1586
4069
2206
5630
2800
1605
41
227
2668
5102
3361
-1
5672
3810
4771
4720
-1
5402
4889
5695
5726
1938
1405
3605
2327
2944
4039
1407
2435
3676
2196
4891
594
218
3815
247
3139
4609
2122
5293
2058
227
482
3362
3058
2435
1448
1699
1711
2133
1549
4654
3139
3461
5129
3308
548
1257
1407
2724
5546
377
4944
4700
2724
3789
3289
5547
3555
4226
1334
4438
3516
3862
3139
1710
4142
1840
4196
4634
1776
3688
696
2862
2722
425
5285
2152
4934
3428
4294
1619
4998
2158
482
4435
1371
548
4142
936
5557
1339
3191
3139
1012
4884
5576
5028
1427
3139
1482
661
1601
4808
4768
3139
3139
5093
4475
852
25
2409
-1
1969
5087
2376
2867
1395
827
3237
2196
1606
5109
5232
4650
2164
2569
5152
3139
3339
177
482
2196
5049
1313
5603
3569
3054
5044
1041
275
56
4765
2164
2019
482
3999
3263
448
3086
1590
4056
1777
24
3004
787
625
425
3269
1157
2940
300
1081
542
4024
425
4048
2825
4616
1313
3739
-1
404
5676
3437
1465
425
2886
5733
1898
3469
1429
3707
1828
5728
1557
529
3139
4598
2297
56
5588
127
5587
2087
4039
5062
3291
1800
5497
486
3139
4158
5586
3215
482
2152
4914
5062
1465
3156
2165
4643
5046
5155
4680
1482
2470
1205
-1
4662
5057
2094
2196
3139
3653
2762
-1
967
1069
242
1131
5402
242
1383
5232
4621
5616
1405
4226
4283
4408
5673
4993
5359
4639
687
-1
5049
2438
4978
3905
4604
1430
1049
5433
4082
1298
2724
5712
1405
2333
2166
2390
2619
3317
556
1017
195
-1
2762
1278
414
2196
3734
1307
3160
99
3960
3132
5311
1254
1576
1468
127
3858
594
3412
2016
4763
1269
389
5441
3417
4484
1840
5213
4922
-1
1619
1387
2989
689
500
1016
2135
1307
2285
4107
3676
2317
556
881
1680
3800
3676
4665
1073
-1
3317
5062
740
1213
2800
2838
1731
2762
3139
425
4288
4358
1405
5587
5370
5156
4804
2003
3837
625
3513
2697
4040
2201
594
2656
4639
2196
5049
3164
2099
4751
1776
827
630
1907
4226
4109
3139
4373
4287
3049
1466
5133
4238
103
4255
2847
2016
5022
4811
307
4080
2697
2390
999
1245
2084
5085
4000
275
2847
2562
5402
1307
3057
4718
3648
4420
5122
4776
5062
2196
3621
486
2060
1601
573
2086
2192
-1
5587
5280
2491
2343
3716
363
-1
425
5049
2682
-1
4890
177
4891
425
2703
5191
2281
3139
304
630
2196
3676
719
1444
258
4338
2619
909
3963
1185
1143
4496
2619
3139
2196
4039
3139
1996
-1
5725
4662
2285
5374
5087
1407
531
4720
3139
5402
930
324
2691
5433
5621
823
2911
1823
1941
2825
3046
3539
261
-1
1185
5095
3139
5478
923
1155
25
3708
5671
540
1269
5040
4226
-1
3449
1583
4171
5402
1681
4040
4454
1888
484
1800
1902
1044
4934
3950
4158
1017
2196
1466
2195
16
3140
2838
3747
324
2730
3139
147
452
5070
-1
4359
2755
1307
1709
2934
3139
5426
4332
2149
304
3139
2113
594
3996
1788
2882
1603
5545
1429
3891
3315
4945
5516
425
482
3269
892
4128
3264
5258
2164
1800
1425
3240
2285
2762
1635
485
4759
3139
4204
1601
4397
2113
1073
696
1294
2724
4989
1840
1757
2196
4569
3317
747
5402
367
637
4508
5133
3308
3139
1480
35
1888
5049
1573
156
1117
2528
2724
4039
1670
4876
1444
3057
5362
5253
2285
5497
4002
3875
3289
2998
482
5003
1777
4226
5433
2009
3139
5062
281
4957
4225
4162
2762
2152
2196
-1
2196
2800
3139
1298
3003
5140
3980
661
1452
5049
2810
1320
2380
1139
227
474
1139
4718
5556
2939
2934
5108
5313
5292
1759
304
3931
4176
203
3003
305
1583
565
3561
4472
1429
2138
3240
4466
4169
195
4945
646
2196
5241
5074
1452
5541
2196
5385
1759
3308
-1
5293
3139
2574
4181
4235
2122
4878
3331
5269
4693
2306
3139
5491
3139
3696
2750
25
2838
5210
2890
3139
1430
3314
3095
2619
1588
4415
1057
258
2285
3452
483
4778
-1
4986
4626
5133
5186
1551
157
3976
3139
5062
4226
2762
4829
2911
41
330
16
1583
343
1465
5333
-1
3317
1916
2026
3139
2333
1228
3210
1427
2762
4966
-1
630
-1
3189
2639
41
285
2165
3139
2200
4936
5695
249
4723
-1
5326
25
3264
3822
3257
2612
5271
1636
2016
839
-1
632
2200
5013
2369
4851
2016
1452
2697
5191
5062
834
4529
336
2911
2078
324
5587
2285
4825
304
2195
5031
5077
138
427
937
1178
5049
3875
1832
3284
368
120
2825
195
1699
3994
5088
4513
520
5672
5442
2196
275
12
3037
2254
3623
2409
1465
483
3308
1945
2467
3317
474
5328
2114
5672
4373
2189
1588
3880
2195
4505
5326
1307
4654
381
5587
3128
1074
3011
-1
1901
3875
4406
404
486
5695
4796
4956
192
2912
745
189
594
2196
-1
1178
193
2055
5102
2548
4226
859
5609
1396
4286
231
107
1598
4183
3985
147
5191
3783
508
3615
5410
1636
3615
41
2200
2200
909
1429
3743
5050
3578
5402
2195
5232
1230
2685
17
2122
1601
190
5149
-1
4671
1195
4587
1407
2759
623
1230
2200
4457
4373
1323
4373
5471
1343
5287
4226
1307
5252
1878
1016
3139
5271
2196
586
1757
4975
5062
482
3692
2100
-1
3192
3139
2067
3539
1822
3855
4555
3139
5062
3139
1307
2285
4752
4890
4877
4740
5671
5587
2196
93
2311
196
4978
3139
425
3244
1879
2196
3139
3139
4408
1590
1601
3768
62
2196
2333
153
1016
4226
3875
1636
25
1822
1722
-1
4992
425
227
4539
2196
437
1475
2415
252
3139
3139
2194
868
1405
1898
3051
25
5272
4784
-1
425
1428
4572
4778
227
1102
3768
4896
1429
5184
2615
5331
425
4287
2583
1452
1708
449
5183
2196
3470
3089
3139
3820
1636
2332
3139
70
169
3592
4771
3192
482
2998
2200
3139
1480
5013
425
4005
3165
1354
3342
3838
2826
2377
3139
3869
53
5102
1298
494
1395
4603
5062
5062
2194
923
1167
4373
3744
5133
4864
3046
3040
2269
3107
746
3166
2079
400
2989
957
3495
3003
482
5077
2195
26
2390
5285
5232
4385
630
5497
3139
3062
416
329
3612
-1
5384
4789
2119
4085
1420
3976
3924
1636
425
5587
2153
423
5456
5269
4226
2465
3139
1913
4871
5062
4883
3381
2887
3139
1777
3946
1353
1875
2553
1073
3711
4864
1583
147
4555
2196
2196
2390
1054
41
5210
5009
540
3595
3139
2895
369
1850
4438
5744
3689
484
4991
4763
1269
5122
4884
401
1168
304
3834
25
4442
4371
747
2251
5028
53
4531
1871
5547
1752
4792
2498
-1
4348
5372
-1
2311
5742
4763
769
4887
3485
785
5398
1323
2986
-1
4564
-1
3392
-1
5019
314
-1
2285
1973
2126
3139
-1
5148
3611
5534
4158
4332
2882
4196
4945
3000
1796
5062
1799
2196
2197
1073
4311
1152
57
2380
3139
1315
239
1429
3621
1313
2438
102
5087
1429
1465
5609
2501
4890
2586
3903
4692
2376
4601
1210
5310
5062
3137
2304
1101
822
400
2882
2227
4158
52
3615
266
5022
3676
3139
5015
2333
4332
1467
2762
5364
1959
3800
1056
2719
3139
3349
1586
25
2233
4039
5616
5442
4188
806
4494
5271
5028
5733
482
4718
3920
972
5130
3355
777
639
2710
2332
1945
2222
1313
5156
3676
853
3487
3410
448
5385
2147
4393
1601
1465
5473
-1
4276
1588
4785
2196
1583
1313
1101
1289
1157
-1
2200
2200
878
5401
2557
3822
3650
3264
1803
4018
1279
3139
5449
669
1157
1681
1429
4406
4154
2325
4890
5714
3800
4230
3317
425
1425
4772
5413
2639
2167
3652
3297
1902
41
1168
1595
227
633
827
2785
5313
4707
4773
425
4633
5068
3058
5123
1268
5587
314
4771
4564
-1
1313
1909
4741
1491
5405
2196
5217
1527
3139
3139
1313
5505
3633
540
1601
4435
53
2364
25
3139
5545
3227
2489
3003
5269
2081
1811
157
5497
1775
3939
2325
3697
25
5485
4014
2435
5067
3573
4373
5164
695
5293
3139
2196
892
4142
482
635
2830
4707
2593
3621
-1
1402
3263
3840
16
1999
1352
2762
694
1142
3139
2149
1157
4732
25
284
5336
2099
5133
86
3800
227
5173
837
1636
3513
5252
2238
734
1465
574
1144
4615
482
2369
1565
4785
2977
2502
4471
127
4890
1949
1757
1016
4993
5062
593
281
1185
1539
3955
3139
3495
5049
3139
3801
3465
3139
1298
41
214
5171
2014
1598
2196
5589
2615
1699
5402
3139
584
4738
2438
4957
5200
4732
1931
4142
2097
5133
2354
5587
1841
5336
1017
3728
281
4163
5004
3485
3696
25
1202
1709
1551
1119
1193
2830
4890
482
2911
3139
3743
5695
85
3848
-1
1161
1101
1058
3099
1841
5744
4900
2630
2248
3240
785
5402
2016
1945
4961
3062
2333
2488
1157
4255
1780
2775
1205
1313
3931
4332
1829
3580
138
1219
3507
3139
5351
831
847
5184
3349
5402
4808
4171
3289
2380
3759
371
25
3139
4835
5114
392
2390
503
2724
166
2572
1397
5216
2243
4032
4815
2644
241
2979
3139
1016
689
4884
-1
147
2285
2196
3139
25
1480
4871
1405
3884
5137
4559
1535
806
5587
3580
5102
3139
304
3869
2598
3777
1429
425
3308
540
1429
4720
1598
1793
1095
747
649
3396
5183
827
41
2243
5587
3080
2019
1307
620
4188
283
967
2113
425
5144
1168
3676
4992
2949
1240
4348
4400
2983
3676
4533
5364
2247
4380
62
404
4158
3621
1681
4732
3139
3139
957
823
2160
1931
3139
-1
5050
242
2472
3139
1168
970
4158
-1
5576
2285
2321
773
2667
3503
993
2463
5497
1688
3017
1354
2420
1168
2800
1152
77
1589
4484
3771
5376
1307
5432
4694
5673
2382
2009
1095
3616
3834
16
3139
3676
5402
4598
3139
99
823
4718
4276
301
177
2196
655
2122
834
2828
4819
4740
3772
3139
2813
2455
721
1324
3676
5370
2122
1814
1973
5049
2200
39
4741
304
3139
694
883
4799
38
2297
3139
3177
3139
425
4158
2760
425
5616
5618
125
2266
2951
5062
5102
2985
2983
1636
5530
1101
5216
425
1624
4373
3485
3139
5073
4128
2196
2019
861
5049
4615
4287
5022
-1
2285
482
3139
1429
3308
4945
4771
540
2836
2831
4890
388
3648
3641
1405
2466
2751
3139
3139
4040
1501
1582
1307
1323
150
4890
1073
152
3999
1304
4039
4039
-1
5376
2178
2515
3139
3777
5402
1004
3588
583
5603
2196
4799
3139
1131
2699
2196
5279
41
5362
1465
2376
2934
2285
4039
5402
5410
2619
-1
2202
4497
2285
3245
300
3326
3408
540
5148
1151
3139
1230
331
4445
3278
3621
1307
2196
5235
5578
3139
5714
4497
1269
4602
3875
1044
127
611
2052
1885
1173
3765
2376
658
5111
2934
3695
624
4404
2238
1676
2246
3797
5431
4497
4936
5354
3139
4240
-1
5587
4731
2598
1244
4716
4945
1546
5682
3240
2766
2619
2195
4815
4998
2200
1636
2615
2911
5049
1357
5402
3362
675
1800
3072
4406
3139
-1
1588
3139
3139
755
1240
1044
5633
1597
3072
808
1407
1512
1790
5419
881
443
70
2438
2136
716
3139
542
1616
4425
806
1779
2325
924
485
57
2189
3282
1799
3003
2200
41
5595
1313
4125
4753
53
1588
3131
5442
3381
5190
333
5313
3139
425
3139
2196
5475
2951
258
2390
2670
5402
967
425
3743
1157
2652
3369
5269
1598
195
630
3623
3562
4004
5685
5062
1891
3139
425
4627
1733
3139
5458
1429
1207
3139
590
1414
2146
5587
2243
5547
975
4158
4497
3833
4564
3439
4137
5402
4654
4226
3924
3676
1307
5544
91
1014
982
4039
669
2285
853
4629
425
3139
5160
841
25
5000
890
147
5514
425
456
3679
2200
2175
4032
1875
485
1619
2761
3910
944
785
4677
1429
2122
5362
938
890
722
5733
2411
3308
440
594
4539
2189
923
645
1588
2285
4387
53
2800
3139
1811
294
687
5256
2847
2985
3830
3933
2467
5414
3464
1916
697
2320
195
5333
4497
92
5271
195
3621
2200
2196
5132
1583
5238
4740
716
4988
998
689
2036
1666
3676
1288
5714
489
3033
5524
5364
1600
772
5402
1000
2111
5049
2333
1564
900
1313
3139
318
4283
3418
787
2196
5062
2998
1638
1397
4647
1583
1313
5264
5712
3317
4029
4998
4945
1193
5062
2691
4792
5586
1407
3690
377
2789
1958
425
3395
425
1242
440
464
586
183
3933
1465
3906
2724
275
2619
2281
2751
582
1699
3669
1307
3534
975
1636
3427
53
227
3105
5017
2152
4226
-1
3139
425
1800
5313
1313
482
24
3139
1083
2196
2402
3139
677
4668
3584
2583
1594
425
3059
1313
2410
5028
3130
177
227
937
3768
2619
880
2838
2391
1448
3875
4004
4182
1750
249
4090
4569
3139
1213
3528
4778
3615
4252
1832
4276
482
975
2196
1636
3644
4884
4649
-1
5457
1811
1445
3139
1007
783
2724
2781
3139
3424
4966
3086
3071
1185
5674
1081
5746
3356
2966
681
261
1313
2267
482
5293
25
2625
3418
1407
5453
25
2785
489
3139
2100
1800
4945
1429
3067
3838
1300
4298
2218
1142
3623
5531
3139
5300
5062
4705
5203
4763
3003
5587
5028
5285
2196
3913
3209
4570
2615
5587
2196
274
-1
5435
41
-1
3139
1759
1636
1872
2512
4039
4237
1935
5678
261
3218
3003
1759
4791
5133
4937
276
5662
1185
242
348
3746
1570
2771
2939
183
482
3955
2043
4255
2548
4209
4226
1583
5661
-1
2100
3725
5718
3495
3057
515
3560
3308
1095
66
2196
2250
-1
1262
1350
2863
1854
3349
2008
4993
4188
399
183
695
5046
4786
2762
1218
1429
1083
1681
1194
1214
5530
3139
195
722
4775
4774
2364
3865
3139
4421
2420
402
4654
1830
2762
5205
5232
1116
482
5471
3335
3239
2569
2055
5681
5049
5466
5133
1389
2762
5333
2196
3592
18
3333
3199
787
3139
2196
1800
1355
2196
5744
1583
4623
3003
1480
2195
4822
1849
3822
1475
469
5107
2615
3445
1139
5565
2964
2514
742
2195
595
3744
2363
2762
3139
5575
1504
1658
-1
-1
1504
1638
857
-1
4019
3308
4750
829
5333
1595
567
923
1798
4576
2024
4998
863
195
1429
195
-1
4181
1298
5200
5025
1972
3139
1161
4001
4108
-1
1770
1712
1390
3937
2630
3115
285
5671
3157
3682
3139
4158
252
362
1344
2383
3139
1056
1845
810
5472
2103
4233
191
1521
4287
2019
284
41
2204
2701
3142
25
2673
5254
2200
3360
5405
3621
4750
2098
3139
2196
5521
1298
4175
3623
-1
5068
3003
2243
5133
257
1449
2327
4254
4039
245
4720
5671
4438
4521
4890
716
197
3380
5049
147
4720
4475
3707
2195
2762
3525
2196
1638
2191
1012
3496
2919
-1
3139
5660
5062
5587
5049
1679
4956
4966
5410
810
1184
5269
3789
2943
195
1504
3630
3139
2360
934
566
-1
1583
963
5285
5522
746
1635
-1
4493
1192
3139
2122
5565
3800
1793
1521
5133
3507
2989
338
5745
2762
2525
742
2619
5133
5062
5547
3900
2921
1168
2196
4298
785
5479
1210
2350
1831
275
1480
3497
3672
2474
5022
1298
5502
99
425
4682
689
2449
1082
5587
4702
5419
4007
5497
5402
1780
1300
3139
1405
1800
5526
2169
3028
501
2689
3578
5671
4654
1316
4157
-1
3418
485
3676
5049
3378
5387
2196
3139
92
4692
3139
5062
5111
184
5667
5402
1044
1284
2390
887
3308
1482
2569
2703
1670
1078
5085
407
428
1352
767
1007
2515
2286
4373
3820
4158
484
565
5402
3676
1800
5576
1821
3139
3621
967
3240
3346
2196
3696
2390
5477
3589
787
2554
1936
696
5638
2619
3312
4371
3107
1395
4481
425
1185
3461
1323
746
5616
1577
2762
2389
127
1936
5164
4966
2196
2085
4999
3658
3440
2420
1829
1680
4537
5172
425
3331
3943
5410
1298
2135
4461
1825
3946
1347
3046
568
4564
1861
2825
3955
3755
687
4238
3890
1339
1778
2404
5171
2066
4308
4373
5368
2085
4815
620
5288
3139
573
-1
188
2137
494
1429
3595
1452
372
5414
-1
482
5551
5671
1185
25
5475
3997
2196
2122
1480
1379
4654
1429
2250
3986
3066
1183
1652
3139
1878
241
2363
2326
2858
4016
4039
810
539
242
1703
5028
3142
4226
923
976
5218
5296
3054
4348
2395
4720
1757
4761
494
3139
4945
4945
4200
177
1016
3535
1530
5731
5351
4770
3944
3496
1298
2462
4998
418
227
348
4032
2122
2196
4861
2842
1003
1178
425
4360
3139
583
2762
2196
2196
1019
3323
5468
3139
4188
630
1619
4177
3139
448
2746
1376
-1
3308
907
4039
2122
2360
5021
3139
25
127
679
716
5642
5609
1405
847
4034
2196
834
-1
1095
3427
964
4127
5200
4647
-1
4265
5165
1255
5497
1298
353
1241
425
3946
3169
483
1480
3396
5587
482
127
3139
1384
3331
2489
2084
5562
5083
3115
3139
1465
709
2200
583
3139
3612
2311
949
3139
701
1429
934
1131
1298
4206
5402
2984
3139
3000
5466
3308
2612
1429
2314
4255
5362
-1
4689
386
3139
4000
3139
-1
4240
4270
2531
1238
565
3042
4995
425
3615
1636
1606
5282
3139
3039
1840
2846
792
2189
2146
2512
4890
3246
258
5304
1675
4792
1583
2724
5669
-1
1465
2285
473
4825
25
4896
4777
3139
3139
1168
586
5402
288
2196
3139
746
1307
185
4802
2269
-1
44
3139
1835
4552
2619
243
1525
4454
4890
2702
5354
4397
4713
2703
4014
4199
2486
556
4761
971
4447
1307
2767
3192
3887
3240
4221
1313
2376
5587
5501
1823
425
2061
1339
4036
4534
5427
1803
1405
1019
485
2986
4142
3028
2349
3139
2678
3003
4871
4287
3069
4615
2084
532
1793
5277
5296
774
5200
630
519
561
4158
3115
1465
4193
1354
258
1471
2122
4945
5725
1601
3139
2615
3476
1840
1044
5475
4005
2493
1405
1044
2662
3139
425
-1
1727
1588
4226
425
2462
3139
1429
1004
3651
5451
540
242
5587
252
1796
2170
399
2196
147
3222
2196
4518
865
148
1498
5433
195
4075
1157
5015
5587
2462
2674
3496
3676
3222
3000
2196
1847
1083
1699
2904
5164
3592
5733
1452
3139
4502
4378
110
1504
4598
1766
857
1578
1307
3139
127
1313
5412
4992
5420
2666
4210
5691
4266
-1
3139
2911
1465
5547
639
3356
2243
4433
5387
-1
1279
1776
1722
2762
1616
1153
1790
5576
3566
4890
2122
504
4123
2243
967
668
5512
2572
25
2813
5587
227
1429
3051
5587
5062
4884
4153
2851
3308
1433
2122
3139
2412
3768
4720
785
5123
2789
1101
123
3283
38
3139
3621
1671
1469
4597
2867
3738
1452
595
5514
5073
3768
4126
2473
4039
2308
2196
1865
3725
3271
3139
425
3139
3554
1979
1928
1699
935
3125
3508
2164
630
3997
3139
1405
1636
2943
3858
3052
275
3139
5022
177
3139
5068
-1
1798
2856
4720
4720
53
5158
3917
5277
1102
1601
985
2285
1545
5028
1405
3402
482
536
2825
1381
3781
4524
304
5576
1298
1595
2098
2285
1364
3139
3139
2200
2459
425
3300
4287
834
666
3113
378
1095
3621
2843
1722
482
1601
1691
3838
3000
1601
5062
195
3139
1390
3139
425
5587
4294
3139
2615
3139
5497
1298
425
2196
5050
993
57
1095
1269
2485
1286
3046
1942
3308
5587
689
3800
1881
255
1790
470
41
3682
3637
4720
3428
1619
2196
2615
136
425
2619
3139
1722
2196
3308
5695
16
3788
882
425
5348
2285
1276
5610
482
4007
4718
2882
25
5238
3293
823
1313
1661
3365
1802
1429
2122
16
4698
2200
2122
1690
3485
1699
137
3742
1914
2390
3139
4778
4444
4403
1452
3689
1167
242
1465
3097
1152
5619
3771
1793
493
5270
1449
2462
1465
1297
5480
3139
3240
5213
2876
4943
1598
2289
2882
3092
4900
1367
16
3139
3870
1044
2196
3920
254
924
5293
1449
474
1313
227
185
1230
5370
2219
5351
1307
3470
5558
482
62
482
2998
3139
2189
4945
1313
195
2333
1044
3139
4878
3040
3139
2038
5218
3137
5517
1465
2615
2565
5195
2333
4718
3676
4763
2200
2196
1480
3917
3139
1749
4986
3991
5497
288
3709
1218
3611
4702
3308
2333
2619
3139
2694
2698
3095
3109
1588
425
590
4442
957
1501
3994
2196
2328
1219
2019
3378
316
1482
4670
5609
3808
2986
1168
1300
5547
4634
3434
1798
425
5258
4335
3622
3139
2396
1537
-1
695
3439
4160
1083
3226
2698
16
3240
2710
3180
1905
2189
4924
5022
5049
3519
1475
2734
4815
2762
5518
62
5587
4876
4836
521
3863
967
3418
5293
4162
3139
2825
3771
275
2762
5267
5092
2285
4792
4901
646
3392
1298
4515
5362
1405
2016
3862
3139
4776
5426
4771
2662
3834
5010
3657
5206
4457
4945
3501
93
3461
4890
1429
3838
1821
147
4158
2523
-1
4644
3291
450
2285
4513
2495
3057
1227
1781
5695
4040
2852
2813
2645
561
5717
836
3679
1936
5402
4142
2762
2200
834
1601
425
-1
3834
3918
3396
1960
3003
5426
3880
4497
1258
1163
4945
4442
425
1480
127
1298
1681
106
1193
2154
5587
2196
3822
1243
3095
3595
3621
4583
2085
1777
5402
4564
1692
2724
2574
1902
2146
2724
1494
5389
2828
3445
3139
937
1699
4121
4689
3269
3697
4713
62
2113
1429
3113
1152
3996
1168
3054
1475
5384
5254
1313
2150
3139
3641
2624
1220
3651
2825
957
785
2016
3349
2809
1298
3139
3396
2390
425
3479
5682
3139
4791
3594
4986
3997
1379
4740
3558
1530
211
195
785
3139
1119
1281
763
1448
1339
3695
1699
177
5274
2146
4335
742
5310
2345
1636
670
1881
2435
739
975
2196
3513
25
3028
3711
-1
1248
1600
4998
4287
563
2588
2958
-1
5313
4438
127
5491
4000
2198
4039
5313
3962
1452
945
2615
5384
5200
3822
3621
2516
4373
2345
425
802
1101
4332
5402
5733
25
5034
234
4945
-1
1474
227
472
425
1606
2320
1671
482
1029
3139
5109
1210
5402
5293
2196
2189
1429
1681
923
3993
963
53
107
1282
2911
3139
2101
645
5571
5362
3862
742
3536
5164
541
3595
425
2399
3401
3139
3139
3308
2949
5499
4740
2196
4602
5497
615
1498
3107
5271
3139
400
2195
1601
681
2326
5108
3457
5397
1185
3818
890
3400
4945
626
5255
1071
2446
25
5028
1601
450
3139
25
5673
3676
2198
3621
3139
2251
2026
5387
5077
2810
1939
1570
-1
1097
220
4332
1788
4212
2333
2243
1353
4142
1554
3139
5267
2619
4158
1298
4053
3496
4317
158
1583
1887
5505
2762
2989
4555
2911
2285
3013
3378
2146
4971
25
425
3269
2989
5464
4056
823
4484
5587
545
147
452
-1
1909
1905
4107
3105
769
3630
136
1377
-1
558
2333
3511
5062
2777
166
5362
1469
2619
425
3139
3139
4497
2390
3139
5647
1016
1019
3139
3641
-1
5022
5003
5736
2531
258
5455
2044
1022
3139
1185
241
5402
3192
5571
1296
-1
3544
4497
2020
2196
5164
5215
3768
1636
4226
1119
2196
5068
1429
1208
195
3139
3312
1429
2196
3768
4693
4060
2895
3540
834
-1
1885
3154
2548
2164
508
3139
425
5254
4484
425
5102
3269
446
2196
425
4418
486
1429
1265
1699
5576
4000
2357
3308
4293
5085
1908
5466
5081
4087
5475
2552
1429
5533
482
1012
3139
2189
1307
2619
2189
1236
4591
3157
4992
4085
3838
3139
1601
227
876
2825
1475
5275
5077
25
-1
3192
4912
2837
4004
3139
2245
5451
1998
852
4571
1122
2311
3417
541
227
3296
3994
5154
195
1428
1482
3755
3308
2762
1636
227
4720
-1
2463
1847
5162
727
5402
3513
1218
3139
3139
3369
3028
3240
1307
252
3240
963
2606
4961
957
16
5022
482
1186
5044
3171
138
3401
2200
41
2712
5431
3439
1206
5507
1313
2206
2615
53
2619
3845
4205
2813
4039
4742
1237
3139
3139
425
4615
2584
-1
4053
425
1650
3931
4936
2879
4007
2383
1583
5049
576
854
3456
5062
1480
352
1918
1300
2882
3046
5671
3051
3139
2883
1294
3308
1650
5410
3581
1200
757
4417
743
1503
2383
4733
3139
4692
2306
2321
1902
687
1496
2285
2189
1793
2409
4213
3499
2306
1482
5255
5587
184
2988
3969
1464
18
102
2670
4301
746
165
1800
1757
669
4032
3569
1548
2867
3921
-1
2856
5705
3803
1095
1210
77
-1
5107
1302
1230
1821
16
5404
1313
25
5648
2499
628
5111
5551
2801
5576
1355
5340
4298
3396
5633
147
1699
427
3139
3763
3736
2948
1800
5049
4878
827
3642
1307
630
4720
285
1152
3079
494
1733
3766
16
2863
425
5571
3838
1601
844
3072
4959
4654
3241
2636
2911
669
4373
696
4755
5062
879
4763
3997
4689
5384
2838
3867
5197
4787
2919
2456
1216
4771
1407
4757
957
3238
3074
192
-1
4945
-1
330
3317
494
3057
4548
1967
1650
4911
25
548
3887
254
2691
349
5619
3139
3256
1601
1892
3689
4158
1944
4497
3308
3139
4713
2643
1303
541
3556
1756
3421
3499
3308
5466
5402
3102
2766
2200
2153
4414
2011
1055
911
427
-1
1627
4143
1777
4363
1619
16
998
3139
4226
1206
4039
747
1471
3240
2200
1160
-1
1298
4884
1405
2769
4158
1244
1362
5355
1471
3904
4293
1405
3679
1441
957
2196
1313
1300
2023
5565
2196
275
3137
4993
3711
52
1864
1583
2624
3015
3139
1206
3139
3920
5419
1588
2227
2838
3139
5466
722
25
2724
2671
993
3557
315
3139
2365
1747
1722
348
1405
5362
3000
2227
2870
2279
5587
-1
857
2724
-1
2084
1642
4829
4039
3045
1681
3880
1060
3696
1240
2531
1905
4966
4043
2196
1579
62
1086
1304
4482
1429
618
5733
3046
2724
3008
4945
425
2376
5013
1145
24
3730
127
5254
2280
2584
3129
288
5062
5336
3584
3139
5132
1354
5200
3072
4195
59
3800
4814
4158
630
2243
3139
-1
4966
3308
2572
703
2531
5222
4959
5491
1178
2200
1313
5642
1313
1313
548
937
425
5062
160
5502
4763
975
218
3042
5062
3066
5715
2390
3865
3139
4763
844
4771
2289
713
235
3991
4158
2122
5062
3879
1465
1003
2603
4415
193
425
3139
2462
1330
5671
4846
1843
3289
834
1206
1452
16
3058
4107
2292
3690
177
10
486
4007
4067
-1
1010
5207
2318
2615
4353
2969
3621
481
2565
4204
4457
3113
1054
4792
432
293
2285
1830
2285
2645
5547
5122
638
4039
3113
4650
3709
4682
4232
1681
5497
303
4320
-1
2615
3139
77
787
400
1429
1185
381
3090
5086
3928
5606
4082
2066
50
1297
427
5062
1549
637
2333
3016
2619
594
2196
5702
49
2004
880
18
5049
4785
3380
3506
1044
425
1152
4039
880
3916
2455
1371
1049
1427
3139
227
3856
227
5080
540
5402
4620
2764
34
2882
736
923
2409
2141
36
4654
2650
536
2219
2989
3139
4611
3672
4039
1874
5156
3250
4915
2855
4807
1095
4438
2742
3308
4329
4713
1586
2673
5587
3800
4576
3946
3323
5679
594
4373
-1
2678
1848
275
2084
391
2882
3139
1117
5440
5616
5587
3443
1601
1016
3875
614
665
1410
1429
1661
1945
5741
425
2973
740
2091
5614
2932
2724
547
2146
509
3217
3139
4929
1480
2304
4847
4811
227
3838
1157
5049
1269
5650
889
3139
4718
2038
2319
425
2019
4000
739
5271
1664
2196
1405
5295
4966
5504
5464
1776
1905
5497
482
1452
3682
1872
1210
4196
3730
1480
2619
1479
2463
3556
1044
5122
4078
5037
3057
2687
2196
1909
1269
5587
3699
5112
3003
3621
2350
425
3768
5521
3821
2041
4019
1931
570
3105
2697
2196
1178
4434
5213
2598
4945
4654
5322
4851
1945
482
4287
4185
5541
5425
5213
2698
1768
2040
2304
2473
2196
3139
606
2619
5081
3807
1016
5384
4378
3079
338
24
3139
3139
1727
569
25
3800
4836
2122
2383
3875
275
1573
1330
4853
853
556
25
25
5128
279
5712
2248
2195
5062
5011
1737
637
2517
3162
5294
425
4188
4400
1095
2285
4265
1800
5238
5062
1210
5731
482
285
3003
3980
2196
4651
1207
227
4231
2027
5382
1222
1307
5551
689
2364
-1
1414
4718
5064
3887
4400
747
4866
4300
2036
2411
3841
3536
1405
1044
3345
3876
5133
4371
3003
4771
5402
5671
3580
92
1016
1194
5731
4718
5742
253
3228
4255
2454
4746
4713
1267
2440
819
2932
4784
115
5402
2153
1405
4222
3999
400
4373
4039
1956
53
3139
4222
882
177
3139
3139
4998
3838
2153
1675
4000
3745
541
4298
2196
2702
2676
2306
4944
1681
1003
3838
1429
1619
1743
3105
1084
524
1639
2364
3523
1846
497
3139
304
2662
53
2160
4015
391
324
4520
5232
4856
1949
4332
5000
2895
2779
3046
1474
1699
4564
3410
1214
3139
3139
4331
3069
3621
2196
14
524
2154
66
-1
4742
5378
3474
4142
1307
1479
3139
3057
5586
5426
-1
3862
4383
2974
1586
2998
3437
4029
2548
1594
2189
4890
66
1722
276
443
2592
3445
1890
1298
3276
2016
844
4908
2596
4980
3139
804
1466
2762
3003
1616
3139
852
5172
2376
14
4188
25
4225
4763
3439
5493
3139
3139
5616
1184
2014
5548
2016
3136
1099
4231
1206
3139
3506
3312
3139
2523
4445
2911
2189
4158
5128
4601
1116
436
3521
4884
5262
188
3240
3578
3139
4188
5222
2200
3000
3997
227
1612
2019
2200
193
5731
2671
1230
3615
2651
719
5671
5236
5232
5384
2420
2369
1699
42
3684
3159
2346
1606
882
5402
1429
255
5198
324
631
2189
4373
1044
1345
1924
2814
2335
223
252
1407
3139
1054
1143
2196
4177
165
1941
3735
5049
4158
2462
5123
3139
5077
485
4853
5530
1215
2196
4666
4890
166
3046
4718
3875
3447
4468
4226
1304
3657
5183
1465
5133
5547
4542
5218
4482
25
2306
425
1800
5384
5087
5587
663
425
3800
4039
425
532
785
1322
670
1288
2909
3139
1432
1480
-1
1423
3641
1636
1547
5629
220
4585
4888
93
3676
5402
3749
2280
1219
425
5621
5417
3162
1145
2619
2615
3422
2196
4418
2331
2513
1546
5022
5643
3308
3360
66
1294
2615
3614
147
1307
4993
4272
5122
269
539
947
859
3515
3641
1800
5082
1313
5667
5096
4998
62
5235
2339
785
3139
3777
5019
3139
5576
1904
3046
2688
18
4808
4100
3676
1821
1653
1608
425
1076
4158
3139
1044
3139
1549
1813
2838
602
5155
2057
4347
4031
4718
-1
2778
5271
3939
1168
1823
4992
3735
2540
5191
5671
2696
-1
5213
5402
3436
4845
2960
374
1680
3315
3933
214
2825
4945
1459
3629
1809
1800
4792
2610
2168
5191
2135
3017
1528
4332
3844
3596
350
929
5419
1307
4787
2285
24
5587
573
1699
3808
4048
2702
2196
1168
893
2200
3696
1928
2934
241
1502
2196
5195
794
2333
5587
3730
2762
2615
5152
4383
4088
127
1283
1588
3647
1998
4224
1166
3875
2122
5328
702
5172
5402
808
1417
5472
4881
5162
5162
1339
1178
630
4944
284
2966
2285
4556
2196
3479
1418
1922
-1
3888
4497
4092
4884
1635
5357
1230
52
5243
5109
1521
4896
1800
3039
4829
1016
89
2642
993
3192
1283
2762
4039
889
5122
3139
1601
1307
4750
4890
3139
4416
858
3139
1095
3242
2164
475
957
3559
350
2164
5528
3967
5062
4188
572
2615
4665
2196
138
195
2503
1016
3864
2243
4836
1601
4564
2338
704
5497
567
4332
1521
768
1087
594
4975
1553
3752
1019
3583
3996
4005
4270
104
61
2148
41
4373
934
2374
1842
1571
3838
599
3401
4943
3573
5028
1906
3822
2838
3809
5062
1307
2813
5729
4371
1584
1230
2124
326
1429
195
4075
5402
34
2674
4741
2196
4746
1322
1727
25
1206
-1
3308
1568
1601
2253
1185
766
1288
3308
-1
1012
3139
2789
3037
227
3139
3621
3139
5433
2380
1082
5254
1650
5155
1354
2122
1296
1298
102
4890
2697
4497
5676
722
3139
2903
425
3957
2576
3499
4884
391
5062
1339
5325
827
3044
2911
5171
2196
2414
3800
1636
425
2446
1902
1429
1744
-1
1468
2099
195
4992
4657
2016
5156
4735
3240
2467
1407
2074
4125
133
4205
3183
5446
3171
1702
515
2196
1168
1931
3113
5419
3980
5742
864
3139
4620
-1
1313
66
1230
5402
3760
5099
713
2884
1809
5283
540
2016
425
4944
5402
1601
5049
3139
5132
5133
742
814
594
2724
5491
2626
5308
5362
2539
3005
4561
425
630
1423
1583
5521
3848
3125
4414
5671
3707
4039
5082
2142
3139
3396
2364
4408
5000
4777
25
4657
2196
882
5413
4039
2462
2961
3129
425
3139
5587
5412
1044
594
1681
5370
526
4353
4966
2958
1601
5402
5194
2196
5402
2051
3139
2200
5587
3762
-1
25
5376
3139
5603
5491
2911
4171
3139
875
2269
4998
759
609
2587
4040
2326
3544
787
301
5424
3215
3037
5054
1647
2854
2894
2189
89
5077
2631
2195
718
3308
3392
2135
5587
3054
4153
227
1157
5000
3461
1286
1168
852
2825
3875
2587
5156
1688
1793
3676
5354
1178
4484
-1
5133
2286
-1
24
3028
4200
4192
4945
5714
2610
1475
630
2196
2934
5340
1260
1044
425
1297
5062
3887
1354
1405
1307
2691
2827
1371
2383
4984
4966
589
5275
834
1692
-1
5660
16
1584
425
5714
1651
1506
3636
3729
5198
1452
5062
336
223
5062
2122
2146
4438
632
5473
1405
2184
3139
3432
4537
117
5714
1044
1583
4945
2923
3139
21
5311
5122
565
2164
1861
2196
5022
5195
1710
3718
3139
486
2153
-1
1185
1313
3072
2196
5087
3313
632
663
1187
1583
3751
4989
5442
4158
4788
5075
3095
2174
3917
3240
1016
3139
3346
3139
1496
4484
5419
746
1405
636
548
4763
5402
5699
3946
535
663
1185
5402
3738
482
3139
1185
654
2619
2050
4116
1782
2619
3139
3139
5370
2414
383
1210
485
2067
1255
3401
3139
2122
4598
3249
2383
2863
482
4203
630
766
25
541
608
5497
4437
5049
2838
3139
147
5587
3736
5419
1872
785
3139
25
3649
951
249
3139
1003
5433
2195
25
5521
4005
2060
3139
2122
4226
2061
3934
2830
2189
2196
3964
800
4231
5362
1945
1219
4825
1288
5518
3378
555
2200
3474
1016
3139
1757
787
4992
427
1574
4032
2196
4966
5062
1185
3308
1267
2016
3139
706
2153
5030
3500
3308
3139
425
1054
4945
425
428
5419
1122
3220
5660
1331
928
5576
1210
474
1414
3139
5744
2245
5022
-1
3378
3396
633
2383
4864
4621
1405
1800
4966
147
1307
2195
1853
227
5085
1601
4763
5258
-1
5162
425
2818
2659
1006
425
3994
1892
2251
2454
4966
2169
1012
5587
1359
1465
5664
3072
3974
4737
5062
4155
275
324
1801
3003
2948
2190
425
1454
583
1460
5194
3139
1160
1157
258
2200
1411
2544
1452
258
2059
227
3725
5709
4771
1960
25
3524
5260
2383
4567
1017
2615
-1
1448
2339
1429
5491
2376
4158
1101
3630
2016
1653
3240
4802
2565
1681
4778
5356
5155
1019
5062
2135
3070
1820
3675
2164
2398
2864
1649
2837
4926
2364
2390
3931
1157
972
3771
3072
3139
642
1044
1933
314
3724
3139
2474
3122
1206
4792
4048
2200
2569
1429
-1
5062
1938
2016
5133
2156
195
5561
5254
1127
2301
1000
5416
2830
4482
1044
5399
4188
1155
1178
4363
2160
-1
2700
440
303
3364
5254
25
2662
2762
2329
1777
3237
1339
4482
25
4999
4142
3487
2508
4298
3991
2352
5491
3139
3079
1653
2196
2021
5346
301
5410
1167
695
3732
25
4896
1475
923
3066
-1
4599
324
396
1992
4998
3139
3473
3139
2619
2122
2164
3974
1924
5162
2619
2305
2971
1321
1264
421
4842
2876
1095
3649
258
1210
1429
2724
4497
3537
3641
485
367
5062
1405
664
2962
2447
2515
4065
3621
2285
5238
5598
4217
4903
4039
5695
5512
3621
2579
482
5028
833
823
4142
3139
923
2068
3771
1185
1160
16
1588
5112
2762
4158
739
1434
4311
5062
1465
2867
1482
2603
4945
2576
4998
4836
1044
5021
4966
4184
1298
2762
288
1522
4330
1594
1636
1854
4763
4999
5402
4720
1898
5402
3362
5402
3139
1019
1273
4000
3843
5072
1210
2195
5623
2762
425
425
1019
3139
3139
3621
785
2587
3240
5402
4718
5162
4993
1795
1777
5340
1601
541
4718
3363
2813
901
177
4658
3449
1230
3308
1928
542
5062
1210
1046
5703
1636
3427
3136
748
4771
2162
411
2243
1681
1945
5133
2136
1429
2552
4065
3566
1601
5616
1405
4047
1681
1845
5429
4436
3862
5011
4373
536
2629
5362
396
2285
1583
-1
1244
2285
1269
2785
5497
2196
-1
4497
4768
1149
1185
3829
1699
2060
5493
326
348
4259
1429
1183
280
4718
3238
2629
425
1465
5706
2762
1339
1230
2189
1601
1506
5402
2016
3838
5088
275
3676
3139
1408
2693
2122
594
3875
680
3139
4634
2953
1722
2285
4763
5146
719
4890
5611
144
1480
4992
3822
3139
3139
2413
5077
3046
3676
937
3770
1145
263
3034
446
722
3838
1166
4616
2615
746
1307
1506
2878
4315
1313
1478
5700
2630
2281
284
2844
5076
4564
5124
810
4471
4998
1339
3066
2129
1727
1185
18
494
425
709
4226
2649
4331
3349
2692
25
2285
3987
2989
2196
985
769
1410
1255
5402
5731
2998
3139
3139
3830
3451
3324
5177
4615
2285
5009
594
2544
425
182
1044
5040
2274
2196
4890
1307
4938
2196
5499
5000
1053
5402
1153
2911
850
2321
485
2164
993
547
5142
5538
2751
2755
3682
1796
1757
177
5022
1699
3723
3906
2008
1800
25
5402
3552
5402
4771
630
138
5284
2287
425
993
4951
1699
4815
2195
4884
2233
4966
3904
2615
4687
1307
3283
2122
3838
3245
3509
4125
3139
5107
4935
4368
2285
619
1957
1083
4149
3838
787
4735
4966
2724
4890
425
5049
4371
3887
1420
3308
18
632
3139
3056
526
3139
258
5693
4039
1598
2294
3139
2084
583
1199
2364
5254
5696
478
1636
4492
1945
3139
4654
5490
2440
2191
804
5746
4074
3620
-1
452
5062
2095
1802
2122
5402
882
3838
4929
5674
4997
1627
3139
4158
3676
4255
1598
5442
922
3139
5067
3530
695
5473
1003
25
2130
5062
967
1852
4712
1796
1765
2196
1939
5313
2393
3564
626
2269
2953
1601
3139
2133
1273
425
1429
1298
4890
3134
4571
2057
1269
485
778
12
1742
4226
5062
5404
1776
2703
391
114
3363
5472
4771
3139
5077
4276
823
5262
3496
1178
4233
1706
2824
4097
5081
1650
-1
2635
3136
3139
4934
1490
583
2208
4733
429
3386
857
1007
5670
2124
2605
4874
1339
3139
391
3504
303
2522
508
3139
834
1902
923
382
4847
1482
1922
4007
1465
2825
1465
3308
4309
4335
2955
3970
4460
3696
3836
2462
1979
2196
5352
25
5402
1168
3139
1830
1297
3623
1095
5050
350
5232
1601
1089
2146
25
1772
470
40
5062
5402
5247
3139
3529
4890
1694
5165
4393
3875
5402
425
4966
127
4073
594
3800
66
2196
916
4045
3003
2196
443
1891
794
1866
4787
5059
3682
2724
25
961
5595
2748
3994
482
2762
3367
5155
5472
485
5629
1131
532
4159
1044
4723
5714
3139
4406
1860
156
2459
3139
324
719
1717
1583
1405
3349
3641
4945
1452
2122
2405
3244
1504
25
1269
3515
1638
2152
1796
5269
916
4839
5155
3139
5208
2825
2574
5733
4792
4298
4035
3139
2882
3468
4489
442
3481
3449
5249
5155
1185
5235
-1
4507
5642
1786
5497
2724
425
4884
1056
2562
5137
2167
1684
3595
315
3931
5235
3480
3139
4978
1168
4497
1832
4852
3725
5191
482
2911
1307
2122
3682
2629
3853
5727
1427
1793
3139
4252
3650
4643
3139
5671
2974
1273
2575
1504
4771
1452
3462
521
1566
5402
2333
2974
1902
35
425
3188
4096
1429
932
2821
3495
1099
1307
1429
539
425
4439
2892
-1
5483
676
5712
5077
2200
807
5499
2249
5664
5402
2539
3887
-1
1945
3139
1561
482
3861
5062
2610
5497
4197
1427
630
5402
4777
2489
3623
41
4936
223
650
3725
2882
3761
3308
785
833
254
1157
3139
5419
4568
3985
1354
3676
5587
11
2053
1601
339
115
1083
2950
3317
4720
1692
4815
227
5576
2202
5326
2567
5475
3072
4238
2563
3139
3568
2220
5111
3225
3139
4111
3307
1307
1482
5221
4158
3313
5685
3139
630
5566
3387
2873
3552
2026
5402
5473
2665
4810
2350
3139
4966
25
4005
2491
3443
1016
448
5087
258
3139
3139
1405
2180
2566
5106
2440
3814
2196
4888
3067
5621
3852
4792
1101
628
839
3139
25
2867
1223
195
4226
3744
3621
4007
3139
474
4741
3139
5411
3139
450
3139
5700
3917
2196
4039
5247
2980
1902
5595
4406
495
2016
1298
-1
1405
3521
2390
1215
1618
2730
1410
2543
1298
2714
4038
2320
5062
1140
25
3240
1902
92
2950
5687
1583
3396
5412
4045
1429
3139
3139
5402
-1
823
2003
5470
3139
1195
1157
1157
4238
1081
3399
1629
2189
4584
4209
1182
2285
587
3139
857
3003
5178
196
5312
4912
2333
2838
2612
2435
4784
127
-1
5547
4865
5256
1574
3139
1446
3676
5402
195
2195
3725
905
3930
1909
2196
4406
1725
2724
2914
4226
2186
3451
2037
5254
1152
5041
5077
2453
4156
1168
5062
5087
2892
3139
1583
1307
1529
3139
225
1583
5505
726
3353
3139
4397
3197
4039
1307
1479
3422
4298
2682
2200
2196
1427
147
5096
5384
5009
425
5247
482
4042
4082
2813
1101
53
5340
2341
1307
3317
1349
3676
3122
3308
357
3738
3844
5022
354
1161
4039
1640
-1
3992
540
2135
1044
2619
4742
5062
2863
3592
1013
4657
4945
3139
508
195
630
1483
5387
5466
3241
787
2196
5232
425
1619
787
4126
4493
549
3800
1298
1657
2893
448
1016
1255
1017
5547
307
24
5700
304
25
25
4200
1480
2619
2548
4525
25
1791
3333
369
548
3197
2974
1354
4093
5049
1638
1945
5687
473
1139
556
3142
3308
526
3066
1565
3422
5340
3676
3057
4315
2269
4444
5402
4998
138
1073
1016
3139
1913
2156
1897
951
5204
1703
2196
482
2762
2724
611
4162
727
3072
988
425
348
5402
4270
242
5022
3621
16
4196
3920
1429
5491
482
1830
540
1699
3139
3139
938
3676
3139
3944
5156
2751
1654
1608
5419
3676
1549
1945
4119
5576
1931
3139
5707
2943
5183
5094
3404
79
2380
5062
4677
3496
425
2714
36
2725
1313
4330
1601
2196
3071
1501
1371
314
289
425
2237
2005
5497
4884
5726
450
425
1213
460
190
2372
5402
4181
450
2183
5497
4471
2813
41
5649
395
787
1336
968
4014
3191
3748
5160
5062
4983
5271
2196
4497
3382
596
4222
177
4158
-1
3836
720
5214
25
719
3513
5162
2539
2469
2666
791
5375
4771
2196
4082
2537
5259
5402
5533
227
-1
2097
3136
5385
227
1304
1949
3240
1137
2148
3727
3387
4226
5176
3485
1167
2993
425
1480
1016
787
1579
5583
2462
102
4397
2561
1101
5362
2742
553
3553
378
5227
4247
1586
542
494
2841
5428
5271
2862
3062
2333
2724
1830
5629
541
3800
1116
937
2174
3139
4771
2196
4142
3040
2135
2762
716
1814
3139
5046
1623
2991
5642
1611
1867
3279
195
1012
1116
4088
1949
1159
2269
5140
4732
3072
2297
747
965
10
1429
92
785
2630
3115
4472
5550
2196
3591
4826
25
3139
5419
4253
5695
418
4978
3401
4039
5062
2911
288
4270
4890
2285
3595
2583
77
2296
1921
2205
3682
356
1381
923
2122
5304
389
1367
1044
794
1488
3215
4158
632
3392
3139
1598
5402
51
1520
3000
3676
5695
4337
3508
554
2615
4702
1339
5499
3768
2164
2122
2164
5149
1335
5313
2196
1722
3820
5402
4763
2882
3308
3976
494
5123
2662
258
5558
4371
4902
176
1430
1242
2449
5653
4127
425
4712
-1
3139
3570
-1
1692
2872
4130
3139
3446
1016
540
2257
562
4982
2269
99
2388
4255
4894
4639
3107
5062
2449
1230
5271
3072
1356
3679
1702
1269
107
3139
739
3247
5714
348
70
2098
3219
2177
1795
4188
4158
746
3910
2861
5345
3139
2825
1601
2938
5518
411
5210
2189
3139
2196
4007
275
5286
3621
2246
3139
3604
-1
1636
1210
3676
1584
1504
4276
2196
4366
2196
4158
3743
41
1168
800
1337
2364
1134
92
2971
2652
1965
1429
3003
1044
3628
2164
3306
3139
1650
4650
5476
4188
2783
3139
860
1675
5165
1016
5574
273
1354
1429
5402
3339
814
4890
425
4890
5521
2285
2669
1732
2122
1480
665
5304
1776
2314
1680
645
4975
1348
539
3139
5442
16
3139
2196
58
2122
3830
4966
5587
4761
5711
1317
1782
2339
233
5050
138
937
3308
2554
3139
5160
-1
41
23
3115
3139
1504
5426
4875
1362
2462
1791
2465
2376
3139
553
1902
1307
5402
1006
5062
2196
4038
5576
3695
3085
443
1429
3139
909
4497
1042
2531
1038
5473
425
2269
3139
2196
623
3139
5133
3761
4624
4002
1054
425
1095
5491
2514
2813
220
2314
3139
4039
4561
1622
3569
138
4188
1101
5402
2724
1631
1206
2196
1467
3139
4654
5414
911
1491
4720
3204
425
5062
2189
66
1821
5574
630
339
4039
4732
3982
1446
5133
687
2689
-1
425
4689
19
2165
444
443
2566
4226
876
3832
641
2630
3395
2662
590
5374
3682
2762
789
1095
3496
1746
425
4226
1198
778
1647
1704
4142
2196
3139
5235
92
5037
594
406
1775
304
3395
3274
639
5476
4071
835
3621
987
1230
3288
2462
2148
3702
4792
5690
5648
1338
3139
3117
2290
4740
3628
1152
5566
4188
349
2953
381
482
2576
847
1945
1429
1044
5385
2814
1480
5358
746
1965
1588
2923
3139
5241
3072
3612
5017
1809
2345
167
425
5183
852
275
3633
1756
1297
3139
1760
595
747
2196
369
1583
2196
5133
2196
3139
346
4039
1759
5571
1573
4801
3039
3308
4945
1347
3139
3009
425
4720
1794
1405
2670
118
286
275
5177
605
1297
-1
1313
2989
4192
5547
4348
2626
4050
2374
5238
2285
1154
2953
1623
2196
716
5133
2986
3417
5271
425
3139
2285
3139
3139
1888
1116
515
1206
1595
2567
2153
2825
1601
1692
5271
3833
4099
1185
5087
3914
2196
1699
1796
923
3046
1320
4497
674
4235
3139
2196
258
666
4890
3291
743
4126
1465
2948
486
4276
586
4841
3616
3386
18
4815
595
785
2549
1588
1744
1681
41
5402
5385
-1
1958
25
4966
4975
4890
3139
4078
3330
5126
1427
3289
556
3474
1178
1639
5271
4039
3924
4452
4720
3000
4014
3772
2153
4209
4920
1313
3621
750
5271
5021
381
304
3139
5183
1929
1119
3003
5403
4763
5466
4224
25
4373
3576
3485
482
4497
3054
2298
3181
1601
-1
1230
25
3360
5491
4623
4238
255
3377
4486
4545
5183
845
5560
5475
5191
3003
2620
586
1465
4494
2326
25
3623
1016
3795
195
3951
3485
2489
2989
4039
1371
205
3139
1016
3019
5482
923
3697
5188
4712
3296
2645
1405
4702
3510
5209
834
3968
2825
2370
5285
1044
3139
1221
1731
3914
1931
2243
4105
966
5426
444
722
3449
1230
5089
3427
4392
1741
630
4792
2170
11
-1
743
2615
1616
5280
4591
2200
961
1429
3771
5271
3150
1309
3972
1185
238
5000
685
3547
5587
4331
5031
2762
1613
4371
548
713
3238
2196
482
3800
3045
3242
2168
2
2122
3284
3057
4086
2352
5587
4567
2530
-1
5558
1588
1148
4205
4890
1945
1931
482
3959
2196
86
5544
1571
5411
2825
2503
3439
2986
1085
5345
4032
3139
1455
695
3849
3139
4582
1553
4158
25
5183
3682
4226
2097
3057
2196
1405
4624
2548
4142
1650
3621
2603
469
4177
1298
3126
5333
993
1371
3900
5269
3766
2390
961
5521
5140
227
16
2502
5247
2594
2190
2762
3308
3801
1631
3790
1095
1796
127
2034
1924
220
4693
1542
5152
5417
4495
4915
2911
2196
4196
1769
113
1132
5402
425
3875
5142
5049
4107
404
2200
2172
1824
5183
3475
2898
5497
1899
4966
2662
625
3178
3139
3223
5512
25
937
3470
5587
304
4158
4280
5094
2021
857
2473
391
583
2378
2989
2338
3190
4509
3069
5057
4944
3139
3722
5427
759
2903
2009
1610
3887
717
3600
5412
3439
5049
1178
1673
3139
3139
4438
3484
3238
1583
2164
611
1335
18
1465
4942
2285
195
-1
5419
2245
2760
2148
547
630
303
1194
2974
1405
1196
5133
421
3240
3763
4952
2016
3711
4599
4358
227
4221
1016
1003
1249
1601
2196
583
4400
927
2375
127
4023
1307
2996
1067
787
3485
4945
1269
1044
3139
297
5606
674
1167
4987
1757
4039
3743
5402
2446
1443
4631
425
5524
4578
1315
1183
2876
227
801
3682
4777
4720
147
1439
5107
1415
3933
1665
3003
5178
5551
3139
25
2196
3494
1044
2055
2798
5738
1269
3139
3139
1178
4438
482
5271
2697
5548
4497
3676
3356
25
2691
5564
4222
3139
41
3160
4438
2196
2243
4890
1206
4453
25
630
3513
2724
3782
2492
3137
2825
-1
1601
-1
5556
127
285
3139
482
1897
2619
4227
2195
4158
4804
3676
3621
2724
3534
922
5062
4882
4309
1178
3139
5491
4900
3139
5402
5547
2261
1139
725
3741
4308
2573
3650
4490
1083
5133
5497
4763
1885
3139
1044
2762
5205
53
1756
3139
785
1619
-1
5094
659
3139
4607
4014
5699
2531
10
2226
-1
4907
5238
4689
612
1945
548
3317
3623
1692
5050
3879
2724
5402
4918
3139
741
583
5740
3617
3497
5587
4188
1071
2227
1588
1001
3662
2160
2285
3139
3139
3495
1480
1722
3996
425
1465
3139
5425
165
1583
5085
485
882
2762
5009
5433
3316
4889
2860
4906
2383
3139
980
4972
5434
4226
1798
3916
1601
3139
540
5497
4149
5427
1338
1071
3976
1463
5287
451
3280
1212
739
5510
1618
5466
1250
993
2651
5561
-1
2691
5307
3966
482
2768
4929
2939
263
513
4134
1230
-1
1922
1352
443
1890
425
3841
3654
1016
3689
3862
1518
632
5120
4041
3613
165
1429
2660
4032
4945
2706
2813
5191
2196
2880
3139
5068
3580
2697
5121
4890
5569
1742
1155
1021
4412
1298
5609
4222
4635
4188
1499
3139
5733
5514
2164
1194
2882
1259
3139
2443
5505
3456
1337
3139
425
1407
5372
1044
524
3379
2196
1384
3308
2400
4290
1979
3435
4369
78
479
3139
2290
1163
3000
4884
2167
3139
2882
5402
5085
3838
1210
3581
3050
2762
4188
1953
1273
5049
540
514
5236
5402
482
1425
2953
515
5657
1405
3139
4348
4948
975
2212
3095
3672
3621
2911
1625
2748
227
4763
4181
2924
285
1405
5062
3072
1149
1427
5671
957
5546
5364
3676
425
583
147
377
1719
890
3029
323
1095
3665
391
2189
4188
469
4158
252
853
220
4994
5200
5313
5397
183
2189
4478
630
583
4162
2125
4226
3875
3781
2067
2167
1692
5528
715
3476
334
3681
1897
4594
5726
937
4822
4127
1969
166
195
3450
3139
5076
5466
823
4890
5216
5057
5457
5003
4564
5474
378
3725
432
4497
3139
1780
356
2242
552
4181
1843
1095
4205
258
4196
3970
5062
583
4611
1405
1405
376
4878
3139
2615
3878
3139
5402
3139
923
1809
1686
2462
5183
524
5475
4373
3062
3139
2016
5062
3139
2196
1800
16
3139
2196
2364
216
521
5402
4966
2790
1288
4558
5712
1429
3046
695
2285
5241
548
1429
5238
1291
1468
3107
2122
1183
2196
1056
2435
1307
-1
3400
4039
2921
5133
2196
3365
957
3053
1185
5155
3621
4965
5497
3139
2515
4226
993
2196
3676
3139
1976
1570
5313
136
3875
-1
5030
1264
4986
3892
4497
739
4566
3139
3437
4890
5402
515
1083
3711
1583
2164
2437
3139
-1
1601
1044
1405
5330
53
3752
2059
-1
5671
264
4636
3139
4776
2196
3875
4779
1429
1902
3863
3365
2686
2196
5683
5402
3317
-1
1131
4912
4713
5402
865
1371
2016
127
2196
5419
5140
3869
425
751
104
2974
2200
5402
1579
3676
5471
3377
650
3275
5037
3072
2122
2691
4545
4740
287
4635
3139
1298
284
1811
3696
1605
3139
2649
1796
5491
4280
1323
3878
4732
3139
1050
4327
5481
5413
3219
1462
3843
2196
1095
3298
746
1777
2196
1706
5254
1458
2430
4218
3439
5642
1905
195
4771
2122
1019
3840
2285
1530
2430
3495
1429
785
3240
3566
5412
3139
3676
630
243
915
1184
2514
784
229
1686
4374
485
214
2800
4158
1323
4868
3996
3308
5270
738
3965
542
36
806
3139
314
304
1350
4598
68
5473
5297
5555
4287
5156
4904
3926
3139
3139
932
4654
5304
4945
5518
3139
2196
5702
1232
1307
1166
4997
5497
2843
13
4342
3875
716
4151
4718
482
5254
3651
1338
2783
2285
114
3550
3139
1247
3139
990
3904
5364
2828
594
645
-1
3682
3862
3491
16
5587
599
5100
4408
1699
4453
179
5576
4778
4823
1681
425
785
975
3781
-1
3139
5521
3139
823
5413
1583
4373
5191
1504
1189
3875
586
5172
4467
3340
2055
92
3139
1919
3510
719
490
695
2269
2838
4188
147
2285
1949
1631
3139
2196
3139
5502
-1
460
4713
4444
2762
5714
5671
829
5087
4373
3139
756
5699
3813
5616
1269
4945
215
2383
5265
4700
4886
2196
5674
3139
4438
3904
5156
740
4371
3003
1244
5410
3641
5561
1504
3061
923
2122
2720
883
2590
4630
5289
1922
2591
3139
5063
1787
2676
1183
5385
1999
3113
16
1429
2196
3933
16
1661
1904
5299
5647
3136
1352
275
2863
61
5547
57
4
1019
-1
1157
1149
4720
5062
3887
-1
2243
5117
4708
413
612
5062
3945
5255
1588
3198
1076
2802
-1
2083
1405
3139
195
1235
1300
5197
5093
2838
540
1086
25
5598
2465
787
3312
227
4188
4072
1798
4539
1506
1429
826
3742
2390
3756
4435
645
5370
1601
1809
1809
4110
2085
3167
4054
1473
1157
2196
1950
937
1208
1675
2612
1105
304
2326
4039
4287
3377
3458
1211
5068
4075
1897
5366
1472
2764
5697
594
634
2285
2196
975
1909
1796
4784
2196
630
3994
2196
695
1932
4471
1713
5100
2016
5032
2196
5714
1480
4438
4494
1194
877
5362
1297
1671
2961
2050
4720
3875
1681
25
1510
4529
1199
2160
3151
147
1757
3498
4836
275
1611
542
545
2939
4438
5587
1339
3255
2390
1928
1727
2680
4826
1778
4165
57
4998
2496
2544
2233
4438
3841
2908
441
2514
1588
287
1147
4298
3877
1583
3141
1082
1475
2016
4280
1931
41
1282
2133
4371
1800
4966
515
991
5178
4945
