4804
334
25
5684
4615
2226
3466
4615
5683
3224
5110
1323
4373
4617
540
2615
5333
5362
1338
2530
241
3676
1719
5587
283
5683
2755
4511
2267
1496
2196
716
3218
92
1588
5235
3396
2838
425
3086
3327
4397
5362
2196
628
4900
3139
3026
1719
4966
2364
3315
3946
2762
3328
4804
4902
1719
5402
3711
2167
3552
4303
1095
25
4890
1313
3136
1588
3328
3870
3328
2122
3315
5433
3251
2872
5467
2285
5499
4039
2762
62
4484
82
4890
741
1119
5432
1793
5241
400
5607
1101
576
334
5349
425
5644
672
1699
5196
2632
62
1300
16
5526
-1
2907
4082
3598
3418
2907
3136
5133
2189
1842
740
3139
4804
2364
4617
5491
2195
2751
576
4966
1178
2158
1178
3958
925
373
5576
2333
1300
2122
2632
82
3139
1313
3139
4915
2196
2195
1650
3245
1699
5218
1408
2308
838
4221
4899
2383
2979
2154
62
3251
5362
1778
5636
92
464
4059
945
3688
2196
195
4303
4902
4484
4250
57
2196
1504
5587
4689
3487
5402
3308
2196
4369
3598
1800
3466
5502
195
4902
5324
1778
3309
425
2002
4673
5518
548
3139
5235
3730
3240
5402
5343
2383
3955
672
657
3139
2374
16
1429
4251
3139
2748
4890
1479
3676
3308
5062
5028
3278
16
5607
3160
1313
2195
442
5135
1273
2285
4900
5402
5402
1101
3955
5402
2196
1902
1842
3418
1374
4652
5030
1313
242
4337
4471
3799
2200
1313
3139
3955
4617
242
1178
1334
2934
3139
5241
101
1908
1095
695
288
5362
431
2762
912
695
5235
1934
62
957
2934
2017
3257
2226
2751
5030
4406
4221
1429
4406
3799
1902
1639
4221
5587
2435
3246
373
1706
3139
695
5402
227
4204
1313
2356
4600
1429
5595
4327
1842
1429
1313
4600
2010
835
485
5587
825
3487
4039
1298
195
3923
227
1719
3422
4484
3462
3958
5139
1673
3278
3139
3676
2907
5402
2364
379
4445
1429
267
4804
3139
540
5402
4303
5526
425
4900
2285
57
16
1546
3139
1867
862
1307
400
3966
1588
1919
3367
-1
4559
4226
2196
3887
4059
3958
3033
2062
3651
1778
4395
482
3192
2872
4221
5576
4700
862
2778
2267
2122
2167
1427
2743
591
1427
25
482
1429
3466
5402
2838
3328
3136
1546
3054
3402
485
2196
2196
3139
227
350
304
5607
4693
2160
2200
2793
1313
5587
3139
746
1429
3711
5412
695
4337
2002
2189
5587
5595
2196
1681
2656
365
2845
3753
3026
740
5587
482
1601
3139
3139
2621
3308
540
1300
1281
1806
2098
3676
1719
4902
1119
242
3437
2098
1960
5576
1240
4221
3136
1960
2154
3152
2231
1479
630
227
2167
723
1092
3965
1778
657
3139
3499
242
1429
1429
3054
4693
4114
3086
2196
5587
5576
1313
1601
2196
25
1778
1908
2267
3418
3139
1313
3139
5465
4226
3227
657
5595
1010
2934
5491
3502
2196
1465
5576
1706
2243
4330
2920
1323
2200
4226
4337
4307
3139
3098
1821
2016
-1
5028
5499
1878
1408
3676
3291
3676
5235
602
3966
1998
3676
2838
4054
4059
428
41
5587
1781
3271
591
3139
5112
2123
5402
1300
4158
5491
1152
5062
5271
3188
5433
3723
1240
2196
510
2724
5386
2364
1408
4221
1480
1313
1578
509
1427
1719
2975
1510
3139
2196
4039
1821
1029
60
1781
4913
1772
485
5402
4484
-1
5386
4330
763
4890
2374
60
4900
482
746
1101
3462
1595
5576
5241
5362
2828
1939
4673
1916
4255
3139
1624
4899
1480
5218
3308
3690
5402
4142
3869
95
348
1980
1313
739
548
1719
1174
583
485
4673
4913
3139
-1
3139
1778
4395
672
639
3170
1385
4311
3139
5587
2084
425
3139
2364
4028
330
2023
4998
442
2934
3711
482
4718
2762
1313
1101
1691
1906
5616
25
3900
4989
5028
1298
3139
2231
21
5738
5156
3139
4039
2084
1479
1730
5293
4916
5687
1867
4890
2243
536
2122
1427
3139
4332
4462
4335
3168
4299
3427
12
4900
5238
4028
1152
425
3139
3280
4054
3139
3043
1465
2828
3046
716
4400
3139
2435
3439
52
510
3418
1405
835
5738
5068
4177
3396
1005
3830
4082
5671
5402
1307
5616
3887
1642
5402
2965
3862
825
4330
5671
25
5094
716
2196
672
4497
-1
4453
932
2584
25
2548
25
5402
3245
3247
1420
3238
425
740
482
5587
1054
3651
1307
5616
2023
1961
4720
746
273
4720
3141
2189
1480
4373
540
1427
5094
2183
2435
4226
3192
630
3462
2762
4080
3224
11
3139
918
258
5474
1450
4303
1178
3838
3026
4252
1846
3280
2267
5062
1960
2196
1465
984
25
2285
1353
2527
4088
327
2390
2122
1902
5472
3139
3838
5410
1101
4022
2084
285
4707
3266
4238
918
3375
3238
1699
1681
4303
5502
2755
1095
2062
1504
2285
4899
3401
3621
1939
2196
4395
5062
3160
4158
5030
5094
2010
2200
4890
62
4084
4158
227
4916
465
285
1307
2920
3937
3160
2267
482
3407
485
2189
2975
4226
4039
24
5402
314
1636
3587
3923
1793
5602
4718
-1
548
5655
1307
2154
1842
1636
227
5616
2164
3496
957
3139
5362
4373
932
4699
1800
2615
1800
3466
2196
1465
5094
2411
4299
1919
1178
5671
4039
301
5587
3462
2768
379
25
4226
5062
3084
227
2122
1778
1297
912
16
1699
5576
3139
1044
3046
2838
5410
1858
3308
3462
1307
2626
4808
2430
66
3877
2196
1313
3136
984
227
2935
425
649
3015
3769
3139
18
3072
2825
3054
425
1083
4373
1019
2738
2990
932
3139
4998
2196
3301
1313
3592
2196
161
485
5156
5671
3139
5576
3238
1019
3084
1429
5213
2845
1636
5412
630
5616
695
3499
2200
1777
5671
3887
3621
5133
258
2768
3422
4901
2285
1919
5587
3139
12
2085
425
5062
4238
1465
3072
657
1672
5426
1939
4226
695
2762
258
2200
3799
3139
241
482
1384
3838
4158
3970
1215
60
2196
4232
5587
5595
1650
425
2356
2308
2383
3875
2122
425
2196
3975
2153
1281
1240
1383
1420
1765
1647
5386
1844
1307
482
1019
2951
993
301
3139
3838
1298
3098
25
1215
2195
66
1307
425
5122
2122
1313
3086
5502
2188
5028
567
4158
2762
3139
4771
1479
275
4998
2025
2196
24
1371
2882
2990
1777
450
25
482
716
4226
3965
373
5074
4966
2333
1178
52
2531
2390
3139
4913
4871
4405
5402
482
373
2777
1610
1429
482
2160
937
2313
1153
540
5322
3139
4497
4134
3131
594
4082
4559
322
2084
1636
1313
4134
685
5419
1309
1083
5402
716
5122
379
5671
2196
5496
2919
5636
4890
2196
3966
2164
4199
5607
4910
464
2813
4330
1169
3521
3328
4569
5472
25
4902
672
2697
2122
3838
3139
227
1044
5475
1636
4331
510
1044
2196
3188
1601
5367
1281
1595
5214
482
5062
3986
207
1636
1800
2200
4925
2619
2825
229
428
5112
3647
5087
3091
5621
3139
5595
3139
1300
1833
1909
195
4373
1480
5362
2935
3139
591
499
2122
3139
2196
2615
5426
815
1044
2196
36
5062
1480
3395
425
4707
1307
2196
3705
639
4950
1174
2356
4204
5324
3098
3139
283
716
5525
3875
4158
4718
1906
5502
3308
3139
4400
4371
1588
746
628
1977
2863
3091
630
4007
288
2200
5402
3667
1601
2016
4878
5384
4975
5402
1781
633
1016
5066
1831
1353
3409
5491
2196
4657
4373
4901
2122
275
2285
3139
2489
4462
510
4998
5022
3139
3499
2934
2164
695
3139
3799
787
547
1071
3139
1116
2285
3705
3139
5112
4794
4494
5028
5410
1465
4084
4780
1429
2226
1681
1757
3192
5497
1313
2258
5221
1429
3308
25
425
3838
4039
450
4902
5062
1429
1800
1307
4371
3139
5062
5402
1491
1660
5402
3559
2146
947
1955
4494
3139
911
258
482
1405
5402
3521
1071
2196
1044
2882
1193
3760
2200
3833
425
536
983
4626
4762
2902
4902
5247
5512
2122
4489
5402
1429
940
2166
2196
3713
3139
1218
1571
4007
1588
41
4975
649
3003
2285
4778
3139
5491
3139
5135
1789
1300
2285
5062
5271
1345
1691
2548
2430
3139
4808
2565
5587
1998
5410
825
2196
3139
873
5135
548
3139
2951
4371
5607
1601
5738
594
4039
3923
3650
2435
220
3592
835
2584
2619
1313
2838
2738
1479
378
1112
2196
3250
25
3128
1005
4826
2196
2561
4268
717
3591
2196
5049
4238
1046
1800
2164
1858
53
187
4902
2995
2655
4559
5332
1778
1316
1044
3676
2350
4373
195
3924
911
3160
5062
4188
1706
1044
1429
1095
2844
4497
5727
4039
2200
4567
4998
227
6
1046
2724
4871
2619
1960
1578
227
425
630
5062
41
425
4569
3621
2226
4426
1069
5159
5621
16
3830
2189
1452
2122
5412
3437
4537
5254
1858
1282
2196
1095
1405
1867
1922
1494
5132
3139
3000
3139
5515
2200
3139
4945
2645
3139
940
4778
4238
5076
2825
1647
482
5062
3592
2435
5714
25
330
1909
1757
4484
3139
5156
3000
539
3139
5545
2195
1778
1230
4998
1985
4415
4559
41
2951
4929
2584
2084
1153
1328
1313
3139
5433
3308
984
2196
3877
2084
3620
5402
2196
2196
2632
4740
5419
4373
1240
2098
1636
425
269
4158
16
6
1831
3308
258
4643
3139
4272
2531
1420
291
1152
4142
242
4435
4771
1769
1307
1719
18
2505
5402
62
3629
594
1166
425
815
4966
3621
118
425
2838
5351
3462
3598
4989
4114
2934
4484
4569
213
3308
1681
918
2780
1636
3054
3369
3838
4427
3970
3652
2762
3077
561
3224
3833
1429
4373
3308
614
2724
4225
386
1615
1071
3933
1033
583
1405
2619
5402
630
490
4740
3675
2615
442
983
1178
3396
3043
2269
1083
1480
3485
5616
1442
5009
2505
4998
5062
1016
2619
1429
5461
630
2269
3887
2652
4002
4039
3054
5426
4238
2829
4497
1772
3900
195
3250
787
3963
2945
3800
5049
5294
5402
3086
5062
1675
3496
993
5110
465
2762
4303
4204
405
1405
1044
1147
540
5621
5166
2724
1152
1897
3375
4039
4914
3382
3139
3139
348
1304
957
1044
3139
2919
3369
4328
2934
630
36
5112
4371
2465
1371
1283
3946
1313
2685
5351
2628
3240
3863
1854
41
1465
548
4032
510
2911
5497
5431
1095
75
2200
5028
5487
1553
3808
1699
1405
5062
2233
3474
2435
4792
3963
3139
4330
3003
3682
3242
391
4039
4826
1482
3924
3194
1116
2828
4652
1601
4039
4221
5062
5049
242
4929
4446
1185
2364
3098
195
3003
5129
3065
3077
1300
3887
4352
2390
926
2195
2619
1897
3407
207
3139
5602
2196
3650
3435
3800
18
1298
1479
1429
1722
3139
1101
4700
2526
2196
425
5433
2915
5318
1772
66
4975
193
1949
3766
25
1777
2196
1465
838
1588
593
2084
4914
5132
2122
2743
3139
-1
5142
726
1405
2196
2615
1722
3046
4700
4007
3377
3946
984
2195
695
25
3676
1429
1480
2565
4082
4998
5402
5502
5062
3887
2934
4158
3139
4564
4901
3410
3459
5253
4658
984
4585
3113
5510
281
3830
1465
1977
5028
2164
5616
548
5244
5232
4485
3139
3199
1405
923
4400
5396
41
3690
1019
4188
3139
2016
5545
5550
2975
4000
4902
3422
2167
291
2911
5474
2465
5028
3963
5587
3755
3139
1313
957
2195
3139
1405
3139
220
3966
510
4780
1323
3862
3592
3308
5465
1588
425
4158
1313
116
1199
431
425
2195
2615
1992
2561
4569
1616
3098
1300
1240
5049
650
3462
4335
5235
3280
1210
2196
25
957
3284
62
2168
-1
2435
1510
1902
2196
1452
3629
1610
3887
4901
1309
3875
3003
5714
1405
1506
5744
2195
1744
639
2196
5094
1282
2565
2615
2007
3301
2615
5133
3675
1836
5587
3629
1636
2531
5272
2210
2269
2584
4158
4534
402
3051
425
1583
2196
3139
536
5518
1588
3433
1777
3713
324
2200
3115
473
1699
1800
3641
3531
2516
838
4171
4497
5672
220
5706
4188
3377
2724
739
4562
425
1636
4188
1655
3725
2196
485
1583
1480
1233
5323
2062
425
4238
4078
1722
5254
425
2196
5402
3591
4226
2691
53
694
1345
3737
3375
5472
3735
1777
3327
5049
5491
249
-1
1420
4084
1480
5126
540
5587
3682
5570
4032
5049
2895
52
4489
1480
630
652
5644
2122
4032
227
2430
1636
3456
5616
2377
324
4151
1722
4002
5687
3072
540
1967
2523
3800
3139
1452
787
166
2285
1777
4718
4929
2762
3139
5475
4975
4891
1601
2196
5580
3887
5449
534
285
5491
4966
3190
633
1744
4966
3676
685
3838
5087
482
4763
3948
1167
4332
967
425
5243
4945
3139
5717
672
4762
5247
2164
743
2374
2376
3621
841
82
4199
3939
5062
2200
5502
5402
4975
2196
2153
5466
147
2153
2055
3077
3174
4225
716
4708
5076
4902
5491
2213
3126
2189
1044
1504
4226
2615
3168
2762
1405
3139
5271
1405
402
3308
5049
827
3495
1281
3139
425
5587
1856
1044
3584
425
3785
4998
2196
50
1800
4373
2285
4945
1601
482
2724
4158
1977
4373
5062
1157
3361
5502
5322
5362
810
3509
5497
2195
3332
3535
3000
227
4373
3369
3139
5232
2333
5429
883
1116
630
77
1429
526
4537
1865
3755
1568
3875
5255
3510
4687
1219
3139
2196
2615
482
2763
5587
4016
379
5362
4945
25
1800
5714
1429
1206
4221
4268
2330
4497
2998
2364
1384
1033
5616
4226
1168
5576
2061
4901
1583
3848
5742
1429
4945
2196
4202
4082
4226
4713
5474
3556
1218
5062
2189
1636
2449
3139
1298
911
5547
4537
4945
1244
2829
1601
2565
5382
4148
2367
2196
1722
1480
630
171
4951
1234
4438
1186
4471
3838
5738
5256
1147
1157
3621
4204
5271
3139
4814
1430
4720
778
4331
3139
66
258
4162
5074
1636
2608
3485
1618
1796
1844
2762
3079
1610
858
41
1044
4537
425
3139
4204
5140
4007
1549
1744
1588
2267
5435
1452
1427
1219
1405
4771
5402
2196
3046
1300
425
2196
5502
2619
937
5309
1185
2196
25
1044
4998
2326
16
5087
3994
3139
5547
1215
4585
53
2016
5738
861
4007
3122
1791
826
5155
3838
2748
3139
4966
649
3316
5155
1313
1240
1882
2196
4900
5313
5062
4584
3174
2285
3084
1429
425
5396
25
3091
3139
763
195
2243
3139
4713
1777
3139
428
3013
2619
2655
5131
676
4397
474
4220
2285
5318
1701
3838
425
25
1480
4569
937
5402
275
3581
3332
4559
2882
3996
3072
5156
613
2884
1405
2196
4767
1831
2390
4287
1925
5695
5122
66
2465
1777
1608
25
482
2184
4039
1206
1781
1405
2285
2589
3269
5211
311
4559
2778
628
1730
2195
5003
1636
3875
1894
1376
717
1016
3139
3139
4497
2189
1016
695
2882
5402
4142
4022
4406
5155
1384
1029
5149
3139
5085
1298
746
3456
650
193
1044
1800
1387
1565
3139
195
5132
1925
3139
1601
3137
5466
1796
3139
3308
425
540
3393
5426
4018
3315
2998
5586
3139
5122
2619
3690
5497
689
4107
1636
3696
4188
3676
425
1016
3139
1243
5139
5313
4945
3392
5491
957
1791
703
1116
1307
147
2762
4810
1077
482
5122
1244
2344
220
5155
482
3003
3139
3139
4945
5028
2966
3139
3448
4054
747
2948
785
1468
3113
3115
1899
3495
5466
1178
2872
886
25
346
1345
3046
1142
2468
227
1618
2285
1124
5671
3289
3139
2825
422
4400
1429
425
5671
482
1781
4925
1044
5062
3139
41
3139
3838
716
2829
5502
284
5547
2377
1016
275
3003
5062
2939
2632
4106
3936
3887
474
3650
1889
5530
2385
3509
5402
3192
1583
3139
3139
747
1168
3869
5302
1606
886
5551
2308
1480
-1
3966
5491
1405
482
2902
4330
5254
1054
99
561
2196
5440
4794
746
2186
1730
2243
3308
1483
2196
1427
3139
3676
5426
2440
1235
3689
4453
1408
1429
1776
1636
3308
1304
5031
3469
3139
2196
5255
3401
1996
787
5587
3928
4945
787
5271
482
3139
4348
4707
1335
3924
3651
4199
324
3139
4371
1054
2189
2844
1618
3245
3139
2195
1858
3139
25
4287
5152
5450
3139
2762
1800
5178
3036
195
1307
3675
3756
2195
1934
1429
3592
1147
937
2200
5085
4884
1706
2974
5210
3880
1854
220
3139
5264
16
5449
476
3682
583
1405
4902
2474
5077
2196
1183
484
4902
4427
2196
993
2690
51
1307
5302
5062
2974
3422
444
3875
5062
5049
5412
378
3887
4763
4890
2233
2122
1291
5587
3139
1044
1066
242
1553
3617
258
3419
5621
5621
1210
5456
3499
630
5497
1800
3933
62
4884
3139
1565
2122
1480
2829
3003
147
4139
25
2285
3800
2526
1095
2565
2285
4945
1664
1307
4493
1897
3015
647
1429
406
4690
3410
4658
3369
3139
3142
4689
5254
1504
639
3456
4778
4415
4875
5384
1588
5562
3848
2196
5426
24
1821
3830
3000
1313
1298
4039
3139
5472
5318
2084
4188
5587
3541
4778
1044
147
4435
400
4199
5087
650
1570
5133
1069
1352
5518
4015
4005
2350
425
5087
913
2383
5362
1405
5049
2285
4142
2196
5507
1384
425
2023
4822
1800
3289
5571
3939
41
346
1681
1713
4060
2937
1429
5587
2153
2902
1908
630
3616
350
4373
1178
5269
3122
3731
1809
3139
4945
2380
639
2200
1992
3190
4005
2762
2200
3139
1902
2196
630
5155
781
3033
4878
2200
3667
2009
50
3139
425
4019
5616
5115
195
3139
1977
4287
1601
3139
850
3139
886
3227
5363
4951
425
261
2698
3841
5497
77
5309
2724
5587
2326
4584
2196
3991
2958
3072
1480
425
1166
1618
314
1044
4518
540
5695
25
1058
5247
5062
2189
2285
2384
5402
1405
3862
1850
2591
1922
1313
3139
5621
3003
1897
1821
1157
3676
3139
2200
923
4915
482
285
3734
425
3139
2200
496
3139
3139
2153
2226
3777
5195
25
2084
30
60
1796
534
3308
405
3139
5264
1703
3139
506
1521
3814
3139
3800
4771
1934
2652
3287
2449
3838
815
3160
4158
3883
3139
25
5571
4763
1430
3848
482
3003
4158
2691
2269
3494
2084
3451
5402
3003
1206
5664
1842
4435
4966
743
2619
4943
-1
4307
3139
3139
4287
5049
2763
3676
5402
3139
1601
3711
2111
5587
242
833
3815
5140
4162
5139
227
1650
16
4890
883
2122
3051
4975
99
4934
425
5218
1168
5442
5402
754
3240
1185
1673
548
5664
4348
1448
4718
2196
1583
5505
3160
5210
2882
4998
3139
425
356
857
4975
1053
882
2882
1016
694
5544
2189
1298
5271
3713
4348
485
1680
1699
1777
1352
957
3139
3136
1016
628
3711
672
4992
1780
5077
3933
3456
1914
1233
2061
3139
5402
2196
2442
1475
1429
3095
2615
5362
1905
2989
5497
5107
1298
4778
4693
4252
1166
1168
4654
4567
5402
258
5049
1044
3139
4188
4493
1078
5294
4039
255
2243
1583
406
3150
3923
2829
2196
3616
1185
2697
425
1307
3251
137
886
2292
5587
1465
1044
15
258
1738
1087
652
4720
1919
1608
5524
3139
3838
1679
2757
5280
4998
2621
4373
261
4482
1291
1298
1044
928
4998
3139
3139
4142
2630
5518
911
1297
583
2196
3003
5028
2724
2156
3039
5616
3139
2196
5402
1405
494
3838
350
4348
1429
1101
3139
957
5031
1240
36
4929
2339
1044
1681
4945
1116
1744
3495
1083
195
3676
1601
4633
4792
1354
4373
1131
4966
3862
1598
5022
1240
1429
4959
57
3815
1579
1169
3136
2196
743
1298
5232
3800
30
2285
695
1152
147
1184
2911
5518
1206
1307
4305
540
1429
3139
3843
5362
738
3139
2240
227
1298
5203
5491
5062
195
3139
2153
3139
301
3502
1504
5238
515
1177
552
18
3139
1448
1219
3058
704
3689
2333
1699
2406
3139
630
2768
5402
3043
425
1475
3308
1583
4373
3139
425
5254
5481
3399
1800
2615
1157
5384
2383
3142
3245
5576
1300
3737
4712
2131
4972
4226
694
2440
3139
3139
666
3095
2999
425
1546
1428
1945
5684
4975
1757
1101
3249
1031
4471
1945
3139
591
4107
3499
2196
5442
16
5461
324
4916
5466
5022
1325
5110
2164
5402
1194
3725
3485
4294
5507
3122
195
1793
195
5156
52
5097
1379
16
3139
482
5512
2703
4720
3139
3408
2101
3072
3671
2122
3139
3436
1427
4497
5133
5684
1071
3240
1945
2380
2724
2825
1966
5426
285
746
5402
220
4792
3574
2196
4707
2188
4875
542
2211
3280
75
2937
925
5576
1699
3003
4039
5576
975
2615
5497
1636
3367
547
1387
3462
5627
62
716
1961
5714
1475
425
547
1324
3139
2196
1482
3079
5433
993
785
2243
368
66
288
4039
2724
923
5211
4616
4007
4869
1699
3991
1454
195
2794
3139
2364
5499
5402
66
3139
4039
1313
5133
1967
937
485
365
4966
957
2196
25
993
2380
602
630
2195
2882
1681
2113
1452
2090
3139
1429
3139
1240
3830
3139
5280
1307
1168
4858
4778
2548
5402
474
3192
1919
118
4780
1636
4000
2698
1769
1071
3308
5066
834
5313
1053
53
185
1960
5164
3139
2902
1408
785
541
2958
5062
3621
2196
4713
185
2651
2374
1504
3046
3946
2057
1153
1044
4188
2655
4718
2391
3139
747
3308
430
3296
30
1777
5152
2257
4188
474
242
4677
1699
4966
4674
2998
5409
425
3139
3139
852
1313
4616
2934
4654
1313
4713
1730
1427
1618
1675
5164
4804
2390
3308
2615
4497
2762
1636
5384
2847
4934
4890
4978
3996
3900
3255
471
1139
539
195
1699
2751
3676
3814
1798
3690
4188
3003
4799
3139
5097
5635
25
1945
66
443
4332
594
1504
4792
2009
324
4720
2164
5633
1692
3795
2189
5587
540
5313
2243
4780
3690
1616
1238
5587
4658
3723
1016
549
3139
3139
2333
3676
2632
1371
4007
3436
3192
3282
1465
2257
1090
5195
5068
4616
1680
5587
3837
1429
1796
3197
937
5062
5491
2311
5419
3308
52
3139
4975
3139
2880
4700
1843
482
1922
1842
1777
441
5587
1139
1429
1452
5695
652
1744
4615
3620
5203
1775
4287
5649
2189
1588
4332
3592
2584
5097
1598
1601
443
4784
147
425
1323
2196
4762
1016
4158
3139
5062
5570
4040
5362
3162
3190
5419
2051
1465
18
4232
1661
1919
3139
1801
1108
2762
1429
1310
1480
5717
2691
2200
2966
4768
425
1294
3136
1862
1185
3821
4713
3410
3117
2651
425
2363
639
3933
5271
3449
2430
195
5183
1165
1465
3000
4299
482
3308
5414
5587
5142
-1
4039
2097
3509
5402
5062
1913
4778
666
4158
5059
92
5362
2196
4513
3139
5432
2378
3139
5419
2949
2196
630
1371
2856
2196
1692
540
1588
1168
425
2333
5176
256
3479
4890
443
1608
3393
2285
932
2285
3015
5319
2567
4303
3296
4331
2153
4890
425
348
2085
1269
786
2724
2196
314
3838
1468
482
5062
4106
5171
2267
3362
1897
1206
630
628
4344
4200
3139
1781
5131
1504
5576
739
227
5704
1482
1178
1653
4945
380
4343
636
3356
1294
3982
2285
482
861
147
3139
425
5319
3800
1107
4255
787
1606
1583
2454
5338
356
2196
1465
1371
3534
4763
583
3286
1206
3139
3192
2196
1482
967
4438
4132
465
4158
482
5309
993
1298
630
1345
1168
425
5547
425
5587
2243
4614
1546
2615
4808
1427
425
1681
3437
548
4550
2619
3072
1381
3478
2240
3000
3952
4815
834
689
25
2563
1316
3139
4015
4132
4158
3255
4884
2036
1588
3799
275
5491
5493
1339
1636
3003
5019
104
5463
1571
5622
3676
314
2363
494
3616
3139
3139
25
923
3107
2562
633
165
2762
2825
1430
1119
2619
5128
4827
5622
3139
4497
3079
2762
1468
5402
482
1283
787
5128
2143
5309
4226
1405
1976
1565
2399
2390
1131
1673
1830
3010
3392
4126
3427
62
1005
1307
2285
3067
5586
482
1467
4062
2630
3162
4158
3377
4815
993
4039
1586
1381
2196
5133
5576
5255
4975
5412
2169
1081
4127
2196
2951
149
5466
4335
1082
3629
2573
1429
4929
4348
1579
5491
4900
4039
425
2882
1452
1920
623
2655
1894
1044
3139
3139
1054
5384
2896
1598
1798
3641
3136
3139
25
1185
3822
1405
5213
2619
2911
583
5499
3621
1836
4142
2847
1699
3139
3139
5077
1846
4329
4936
1914
522
4975
425
3462
1945
1178
2762
4945
25
913
16
5364
5022
5250
4777
5238
195
432
1414
2468
3856
249
5077
5686
684
3072
4039
2762
5171
482
5062
2196
3428
785
3676
425
5487
3139
5371
227
5576
1681
3623
5271
1313
1902
425
3139
1638
4039
3139
5561
227
3965
1269
3139
2895
2630
937
548
2390
2097
5271
558
4371
3139
1108
4497
4762
1583
4453
4039
3139
5183
541
923
3928
1480
2016
1297
2008
2619
1776
5405
3403
3876
2589
4232
4966
4763
4690
2762
5220
2762
4497
1601
2009
2040
3139
4348
2939
5744
1123
1019
1777
3139
4712
5434
4720
1336
3725
3591
227
1082
1313
4890
3966
1081
3139
594
2950
4352
2911
400
5497
3139
3496
4201
1405
1429
3139
2231
4142
425
3139
1197
147
1844
4890
4966
2122
1230
3676
1079
3595
4373
3675
3617
3616
1298
3308
156
2465
1405
4966
3768
4331
3653
1427
1452
1902
4371
1405
5087
2233
1801
1185
3771
4305
171
787
834
431
2189
3621
3139
4707
3353
448
3707
4014
2902
2196
2200
4000
5587
2958
3139
406
3238
4493
2724
1583
3017
4002
1653
1857
4226
425
2196
891
3139
127
5385
25
3003
1178
3900
4966
2825
482
1083
3349
5384
3139
1189
3139
1619
5587
1699
425
4147
1185
814
1546
3863
1429
53
1727
2702
2196
3095
1965
3139
542
3139
4406
2825
3139
5413
1681
195
474
2153
2440
1427
4415
3139
2328
2628
1720
5152
4142
1281
3996
5415
857
2565
3255
2200
1506
4966
4763
5665
2195
739
3139
852
4945
3139
3676
4998
1203
3039
2615
548
3626
1373
482
3994
1354
2196
4771
3283
2911
41
485
3621
630
1936
5587
5387
162
3752
5076
4335
5727
4875
3139
1647
3139
3496
2196
4082
5364
1636
425
473
1012
1071
3139
2565
2084
695
2614
3795
1779
3734
41
3075
2285
1095
1414
314
1588
2195
4802
4998
3139
195
1101
2122
4732
3586
5139
2164
1500
987
2998
4714
1185
3521
1930
147
3730
4252
3506
2196
1953
5293
2435
4000
576
3200
4492
1157
1044
1006
1046
3317
4497
3820
2825
311
482
2227
25
1054
4657
1916
3937
2232
2285
1142
2783
1706
4497
2006
4007
2196
2724
3621
1298
4497
3139
4033
1014
5049
4986
4330
1405
4188
86
2196
1300
1429
4082
285
534
687
4585
1554
785
548
425
4200
482
425
1104
1636
1429
3139
1480
1480
3057
303
3003
2122
5241
177
5402
25
2196
5419
1949
1159
1666
425
649
1504
5704
787
5128
4331
716
1244
1185
1313
1379
1661
1759
4453
1108
3136
4584
1307
1178
25
4654
2380
425
3139
2619
3356
4371
785
2612
2196
5123
1650
195
425
1307
3139
5003
823
1407
3653
1583
4611
11
2285
4763
4226
1598
1692
3628
53
2374
2703
2826
262
5029
5674
4154
2762
1619
1909
25
5364
450
286
3283
4415
6
5140
5402
4188
3838
4162
4096
5733
2825
4983
4226
4896
1294
3875
2196
5518
2830
1016
5362
3485
3139
2350
2724
1583
630
5481
3296
5695
5695
2196
1307
1356
649
549
5035
1444
590
1429
2333
2196
2495
354
4040
988
4511
2619
847
695
1434
2196
2841
1221
3308
258
2762
4226
5621
2615
3107
5140
1298
2196
4039
3046
4287
2665
1185
4075
3115
5496
1527
1352
5068
1430
4335
630
4158
630
2679
2122
1275
5062
4327
4373
3362
16
3395
66
1178
4127
1210
1184
4936
2243
5587
3139
490
787
5726
2333
4998
3019
1178
5155
3317
3974
2724
75
3139
4912
1546
4718
2285
3545
694
3139
285
430
4004
2196
1636
3139
5107
5133
3139
923
5022
3308
2285
3502
4884
5009
41
3316
16
3430
1307
5062
3875
285
2285
2569
5176
3676
2743
1410
1405
285
1496
1989
275
1586
127
1170
4643
3192
1160
18
3136
1636
4931
484
3139
2196
2196
2200
3115
220
2619
3095
3800
5627
2196
225
1298
2911
4998
2200
1902
2196
5271
2316
4998
3766
258
4032
5211
1465
5475
5741
3000
2802
1759
2892
127
1757
5505
5049
787
2138
25
746
5062
639
1809
1636
514
1197
634
1722
1796
5133
5402
3129
1465
1323
2285
2776
1116
5404
5571
3156
3136
5049
2962
1958
5448
5696
3139
5647
3139
4280
1759
1470
1300
5233
4622
937
3988
2426
5714
2016
5530
1307
5695
2762
2194
2939
195
4158
5073
509
2285
1556
2196
5068
1936
2376
127
4060
2986
4113
1313
1429
917
2882
223
583
4757
1793
3401
630
4162
2122
47
2762
4188
931
425
897
3517
4975
5380
3139
1219
1504
1006
378
5019
993
2527
5241
2369
1483
3139
2016
5126
4825
1214
3156
4188
2378
1854
2195
2239
2825
1044
227
5431
25
1044
425
5402
4966
1685
102
1019
3139
3830
1480
3676
4513
4585
3139
1017
5049
2496
1503
4832
3360
739
5087
4978
2911
2979
3139
946
2911
1639
5642
2243
227
2619
1430
3707
5576
3650
2724
4458
16
1207
2615
1501
4438
38
1281
5254
2274
923
823
379
719
2306
3946
448
4555
3619
5019
3688
561
1475
3887
3594
2768
1636
5351
195
1914
4492
2934
5402
1680
5433
57
5419
1095
275
5022
4287
2153
3240
5402
1203
841
3139
5736
5673
3139
5097
3037
5603
1366
1016
104
4529
3580
400
1339
443
3000
4629
2724
5402
4792
5210
1800
3369
1101
5049
3139
3367
685
5218
1016
177
594
3780
5271
5062
4718
1913
2423
4836
324
1168
5587
3402
3010
1801
5164
2196
4815
1429
2101
5405
2146
5404
4107
3485
1448
3875
4255
4060
4497
4332
275
4331
5595
5440
4966
756
1185
3139
25
4181
4787
1930
2233
4184
3769
3139
1185
2420
1298
2200
3139
630
5155
3595
2321
5362
3139
446
4890
3280
4497
1961
1460
4078
177
1337
5254
1044
2447
1854
4000
3308
695
630
1405
2326
3009
3057
2762
2619
107
4148
1619
3291
1588
5419
4151
1149
1502
2200
3139
552
2311
3240
501
4890
5583
689
188
5674
2567
3139
3139
1862
2988
3139
5700
5313
3591
5621
3139
1429
405
4332
3139
5616
5402
127
5413
1016
5049
5112
2998
3371
1732
2063
5587
1427
5028
1417
4513
3639
25
4061
2085
425
3435
1801
1152
3800
1598
3139
694
4693
785
2762
5746
4327
5364
3641
2697
5107
5587
2825
2825
4771
2122
1017
3250
3086
4373
1230
3624
4452
3931
2811
4497
1800
227
5271
1205
814
831
5275
1744
3003
1427
3768
3240
1012
1500
2164
92
18
425
1405
3822
3016
2345
3621
3308
4497
2167
3194
4896
2269
4708
1269
5294
4603
5587
3139
2531
2762
5198
5133
4371
5028
1313
1300
5053
1012
3552
2990
79
3139
2662
2825
5183
2630
2964
1244
5049
2830
1288
5011
3349
2122
1429
1584
4998
5412
190
1896
391
3730
1230
5671
82
1117
5062
5497
3139
1480
3139
4039
4238
5474
4177
2583
1206
1556
195
4209
4142
1313
425
2870
1480
1772
4659
16
3240
4493
5293
2390
4777
746
5384
2196
2164
3496
373
5178
5419
703
785
3289
937
5499
4494
1307
3484
781
1196
3139
5616
1520
3026
2383
5062
5345
5525
2619
4992
1727
4392
4998
1313
3506
5035
10
1684
687
2911
886
442
4945
2196
40
1142
3656
3067
3139
3139
4039
3291
2196
275
4569
1210
1429
857
2619
3017
4966
4620
2156
1219
4912
1583
1425
2097
5364
3139
4929
2449
3139
2195
2575
3994
1757
1843
4039
1153
323
25
630
3419
5022
923
2376
3010
5695
4685
5171
2196
2196
993
2860
641
2383
1500
4611
3650
2383
41
4082
2162
2196
5062
5299
2844
2911
4331
2596
1396
2502
2838
2285
937
23
1757
1082
324
1498
4541
4623
4497
957
3071
853
3830
5674
2085
1699
284
2841
5547
1842
25
1821
2016
2196
2196
5547
2364
1737
3139
4945
1757
1601
612
717
99
1444
1178
1521
241
2248
4192
3977
1031
3113
679
592
3057
3900
1429
2266
5425
2200
425
1465
639
3139
5450
3238
2195
57
3441
2135
5126
3089
2167
5037
1504
1159
1699
9
959
4884
5094
653
425
2523
3595
2813
5198
3139
5062
2263
1083
450
5049
4158
4732
835
3139
2724
3916
5402
1522
5235
2164
3621
5696
1046
4618
2724
540
196
2813
4825
654
5466
1681
1082
5433
3451
547
2630
1132
1307
1203
5387
5247
1429
53
5521
4982
3139
4890
3621
3139
612
1313
147
2454
812
3139
787
3641
3760
3843
3303
5292
2987
642
1079
1811
4998
5587
2569
2515
3770
3356
4945
823
665
1639
18
1759
1405
4970
1946
3496
4259
3240
3139
2958
923
4397
5571
4718
5156
5595
602
4142
5595
5049
3139
5502
868
1242
3313
3770
3592
3139
339
2948
3493
1184
1273
2390
2605
2196
4226
5235
2647
1606
5172
448
3139
834
3268
3612
5466
4113
1304
5433
3057
951
3696
3139
3434
3799
4654
284
4966
5062
602
2122
446
1801
576
524
129
1757
1016
2762
1200
3582
2489
3388
430
642
225
5340
3317
3139
3875
4616
3616
4971
3139
2591
595
5699
3308
25
5284
787
4027
3392
923
3139
3766
3153
4586
2285
1814
4826
4482
3115
5419
4258
5021
1681
2583
4041
1406
2628
1778
147
4255
425
425
156
1407
2244
1101
3485
3139
1931
1583
739
4802
3139
402
1405
810
1578
1169
3865
4802
5491
1307
5354
4446
4677
1139
1757
5062
1588
1719
1520
5003
823
3139
1636
5363
2390
1429
4763
541
1683
2285
1307
2859
4452
3139
4226
1095
3139
3142
5595
4614
5133
3623
549
53
934
2544
1464
127
1405
3422
5339
5269
3830
179
2511
2196
3139
1826
3511
258
2146
4945
4114
4398
3822
3305
443
1206
4815
5402
1183
1769
107
1073
847
3592
4986
3439
1598
5238
5028
5402
3653
1003
3734
1307
5587
3139
1010
3139
3696
2612
3931
3115
4784
5414
1769
5648
2196
1650
4689
5254
227
3240
2238
3098
852
937
4484
3919
679
5413
1942
3696
3245
2821
1123
2156
474
5587
2369
2122
2285
5408
425
4737
1313
4494
5497
2762
2909
1149
2226
3017
482
4966
1313
3139
1390
4855
4998
1230
4771
2882
489
5022
3139
4890
2195
5386
4815
3139
1902
5166
3032
1665
391
1650
2838
156
4869
3136
3768
3139
1480
4673
4890
4677
3867
3382
2016
4039
1083
1800
3156
1445
1846
3139
4763
5085
5726
16
5085
3399
4226
3920
1147
2196
4826
4762
4884
3304
3139
368
1124
3139
314
3308
5576
3768
4393
4720
2122
1337
2328
5077
1352
3046
3192
4980
4371
4945
1425
5092
3612
4774
4158
5213
5062
3139
1016
2257
2195
2591
4944
4975
678
3914
1727
3317
2122
1713
5172
1800
1044
161
425
2057
5507
2757
3190
2211
1058
1355
1339
127
5254
5003
1446
2269
2629
2196
1452
3738
2274
5587
2122
3139
694
3838
1307
3240
3139
50
2893
1269
1244
2443
425
2195
3507
4655
1157
5288
3495
5176
5195
270
3621
3156
3395
4763
2406
5587
326
476
1083
1601
3812
2016
2531
339
2196
2953
5491
4943
5640
547
3139
5665
3332
1584
2724
5426
912
337
334
2196
3139
1692
3139
2762
4890
5293
2376
5587
5280
469
482
3479
3730
5587
2308
1244
2409
4158
785
967
2016
5653
3113
1892
1811
2269
2326
826
3039
4720
1791
4784
482
4884
1429
1737
18
2830
5404
4884
1429
4373
925
4945
3889
2196
5140
425
4778
1095
104
3139
3377
3573
3039
2243
3230
1854
223
5473
5068
804
1407
177
522
2267
2549
5586
1476
3308
425
5569
4549
1840
4053
4581
4497
4007
713
1533
1588
378
834
4225
2974
2825
5650
4044
2122
254
5660
3280
5235
4700
5586
3139
2686
2066
41
1131
5022
2285
556
1742
3139
-1
5424
2196
4984
4497
1915
3139
2016
2932
2285
5691
4038
2882
2435
3107
2196
53
3139
1331
4639
3107
4039
5176
3283
425
3000
2055
1299
5200
5616
3072
5190
1071
4912
4720
2157
3160
923
2016
1016
3676
2797
1185
5402
5419
5068
2420
2390
604
482
5518
5062
3139
1297
2645
2813
1601
5414
2574
5587
3139
3676
324
2632
5404
1195
3744
4550
1230
3142
4158
3072
2135
5313
5433
2098
781
4966
976
3696
25
3190
2200
465
3139
2314
2196
1618
1015
4039
5402
2934
1040
2750
255
3997
5254
25
5140
1680
5530
3410
5402
1160
1821
2864
5247
1636
1160
4142
1601
356
3289
2268
3280
53
304
5009
1709
4022
177
3676
4966
5326
4039
2194
5576
3928
2583
3621
5140
3139
3658
5642
25
5545
77
1405
2321
4708
1672
5133
1625
1601
918
2243
5692
4920
2016
639
25
5497
852
2619
3003
2762
5062
3139
3428
3485
1763
975
719
587
4803
5587
2240
2196
5547
2523
5049
3139
5030
425
4776
4007
2615
4602
1709
195
5612
5037
831
3364
341
5547
1555
5609
5411
425
1213
1083
460
4373
1101
1800
1636
2333
3139
5049
4400
1730
1427
5191
4623
1798
4966
425
1429
3621
583
4700
1194
689
2783
3217
3308
5587
2196
5714
5152
630
4677
3768
3848
1699
5140
1053
2762
916
3991
3675
3139
5674
1636
1243
727
937
1339
2122
2911
4039
5050
3308
2895
815
923
1230
285
1354
1480
4934
195
2314
5254
4226
1583
2876
3003
4999
147
25
4075
3008
448
1524
2269
227
2338
413
3955
2365
4497
5402
5028
882
3136
3160
2645
3139
2196
594
5156
275
66
3019
1116
3139
4498
465
2061
2269
2938
4491
2196
4437
3072
4713
5062
3380
4934
4875
4039
14
5155
195
603
4337
5471
3051
4181
3931
3072
5313
3137
1528
735
5132
2285
1651
1692
5326
2189
53
2196
3821
5133
2548
3722
5384
2898
2828
3506
1452
4158
3313
1168
5644
5517
2825
286
2200
1888
3965
5671
2904
4497
632
5210
1636
628
5450
3015
4497
196
1044
2911
4650
5664
620
827
441
425
1809
654
5717
5367
1161
1856
275
4861
630
796
1139
1273
704
4343
482
254
2430
1601
41
1429
3136
5235
5695
2009
2449
3308
16
4298
2189
4555
5405
3260
4776
2958
5068
4125
3107
4141
1095
1307
1044
3139
1965
2697
589
1307
5013
147
2196
2195
3257
916
5310
5515
5648
1298
4884
4158
3736
823
11
1601
3041
4488
3240
4078
2953
3615
2168
4723
3822
301
2187
3139
2156
2376
548
2751
5472
195
3950
3711
1405
5203
3887
1269
2122
1282
2958
2122
3308
1081
1429
5587
16
5587
4896
2406
4096
283
25
5671
5518
5616
25
3838
2196
2489
3308
3139
5265
1722
3461
18
4966
5642
2311
3833
3139
4884
4564
5272
1650
5101
3139
722
5639
1017
1598
5238
24
1756
2934
3139
2569
2311
4794
24
3641
1619
1405
3308
5712
1210
3456
2971
1465
3057
4896
227
165
3685
3017
1044
3139
36
1044
2055
1313
3028
5061
1427
425
1699
2603
3881
227
5434
2196
1073
3837
5544
4158
4763
3817
4003
2825
1044
5653
3308
1452
5616
847
5155
1080
3151
3057
4188
3353
2376
937
2755
4298
3317
2875
2133
2196
220
3139
5402
695
1681
3139
4226
1588
3139
5402
4844
5587
3439
2367
5491
1598
2571
5402
5709
3277
3139
3676
53
5037
4787
61
2196
2406
1854
4878
3676
3621
630
2974
4792
681
1204
3932
166
38
1584
2826
1407
2333
1157
2695
1050
1269
3219
2652
2196
5402
1938
5049
5674
5674
2884
3800
3139
1588
1584
2196
1044
834
3308
4371
144
991
2612
787
1356
4654
3963
3529
1122
5402
1264
4236
1586
2882
1313
3682
936
450
5028
4371
425
853
4910
4959
2367
4902
1269
1470
3868
1496
242
4007
1588
5595
1931
1143
5250
5062
3395
127
3308
3139
249
3996
4158
937
3401
5419
284
5476
66
4992
2714
2567
1737
3139
4755
4802
427
1095
1773
400
875
1916
514
3139
1288
3308
1601
2423
4998
3725
5287
3392
2615
2196
3048
2462
2999
886
1448
1722
3592
5695
1595
4255
4397
1627
1744
469
5587
3880
5402
484
3653
3139
5410
657
25
4305
4228
1262
2567
5499
4125
2998
5442
5375
2231
2826
3427
2328
2157
2640
1702
3711
482
1185
2937
2517
3934
3074
3003
405
5275
614
3331
3184
5191
594
2561
1830
1586
5738
1273
1601
3139
4226
1239
5547
5712
967
2240
1601
53
2966
2055
4966
3933
4039
4373
3139
5076
2771
4298
5726
2196
303
746
4677
3621
2200
3729
92
2413
2666
3875
1777
3800
2200
5733
4713
5254
1262
1354
4643
1131
1320
5640
5164
482
1199
2196
215
1237
3308
594
2196
5077
4171
4181
5689
5183
3408
3210
391
4330
2160
2196
2974
5426
2098
62
937
4396
4075
1407
4559
4494
4757
2697
1840
3820
773
1161
1854
3139
5671
450
4835
1429
4062
2196
1584
785
3139
4188
425
4911
1362
4998
5473
2465
4998
5062
5238
5686
4039
5072
812
3875
4330
3139
3139
630
25
3115
207
2882
227
1307
4325
1157
3396
2196
3771
5119
4960
5049
3621
3308
2780
1664
1044
5171
2187
4884
5364
3317
278
5300
5380
2529
4068
3528
4611
2825
4041
5292
2958
2619
2589
1123
2813
288
2383
3179
2383
1381
460
5370
195
4435
2491
5402
993
41
88
5333
4998
3887
5402
4853
3485
4787
3746
254
4054
766
4588
1914
4884
255
4975
3838
5326
207
371
4297
4255
515
1184
2612
5402
3139
2615
5152
5587
3400
2189
1793
3139
223
4255
1619
2911
4720
5313
1430
428
1016
2328
4763
1230
4570
1095
5726
3875
740
1465
3538
1124
1429
890
425
2195
5547
5614
2196
923
4741
4444
1157
3139
1210
286
4232
3514
5699
4251
4966
3240
2390
1143
645
4158
2691
5412
3201
1101
1298
2762
726
4771
2724
4014
3086
3838
195
1619
41
3399
1623
5133
2189
2572
2615
1331
793
484
2619
77
92
1429
5411
2579
4258
227
3139
3218
1058
1249
3880
4082
1904
4136
3156
2045
2573
3139
3848
1601
3139
5587
3139
4482
4627
25
2200
5742
1159
3000
1242
2210
938
1925
25
1298
482
695
5497
389
494
4975
1006
1405
5171
1119
1902
886
3621
493
254
5049
53
275
1200
5062
5587
4690
5545
3536
107
540
1811
5587
3139
3878
1588
5497
3139
2612
4529
2099
1480
3905
2115
227
3139
147
2200
3592
2830
4158
1854
4142
722
2200
695
881
229
5049
4764
3820
3463
4720
5062
5232
4281
25
2196
3289
552
3139
943
4708
3561
1675
3977
3219
2882
5433
1015
1298
3046
5587
4158
2113
3139
25
1881
1213
3174
4272
2196
1958
5235
5313
1298
5521
3308
2122
3240
1230
1737
146
3139
1056
5402
5538
57
219
2196
2986
4890
425
583
4452
1313
18
5109
1307
2780
427
5726
1016
2976
628
5235
1800
2122
3141
2101
41
5402
1016
4155
3074
3139
2619
5576
3901
4936
349
5544
4134
5254
4522
540
5425
2167
5062
751
2122
2122
165
576
2196
4249
4689
1313
1298
3066
1619
4555
287
1725
1444
5351
1638
1583
102
3955
3046
273
2751
2409
957
1264
5551
3072
4482
3856
3584
2314
586
4707
590
1147
2818
2243
5062
1029
4188
1961
5402
1405
694
5402
25
5022
5109
1019
1240
5062
2195
2374
2196
2196
5022
192
2561
2724
1079
4763
5271
890
5674
2200
4564
3621
25
3820
4038
1991
3139
3095
2189
3401
1884
2196
2195
2797
3139
3563
5049
324
1167
2085
2122
1100
785
4188
5198
147
1152
5551
4559
4095
1420
1945
2753
1475
1465
3054
3261
16
5149
5152
2196
2196
5402
1681
1168
3139
5284
595
2164
3046
1867
3199
5587
4598
2364
5062
4342
177
5549
3771
3139
2200
750
2567
2122
2420
3387
2378
639
4944
376
3139
3580
5172
2741
391
1429
2009
4998
4004
5609
4142
5551
993
3317
1504
3139
2285
1861
5385
4998
1507
2990
4713
4032
5133
5402
3139
285
1064
3057
2499
5491
5333
2245
4884
482
1468
4000
2196
1902
4426
1583
3499
4005
1210
787
4243
613
3783
3437
2114
482
1405
5133
2153
4226
5155
3924
390
2243
3653
2285
4958
3139
227
604
3651
1636
2958
1273
4890
5049
3496
4707
3037
3139
1407
1573
5396
1744
2489
2164
5448
2813
4877
3917
623
2306
2084
2196
3139
3222
3308
2233
425
1744
3139
2838
5326
2196
2951
4209
5521
1178
147
5123
1145
2196
5629
4153
1213
5431
5700
2411
4492
127
3341
5310
3139
195
4280
1636
2196
5120
3139
4039
1638
1896
5419
4513
5241
4896
5561
4011
2365
1830
5472
1297
3139
3887
1298
195
425
3528
1429
2196
2615
41
3137
2333
2196
127
4945
2380
1397
5463
4226
4945
514
993
5702
2016
5425
3139
166
868
4602
24
4966
4847
3296
4107
5746
5197
3878
3291
4966
152
3139
5412
1483
2164
689
323
1638
4200
3139
3139
784
3768
1601
1480
526
425
5008
2069
2548
2731
25
2929
1017
3602
4778
287
2911
739
5254
5234
3822
1475
195
4130
77
5021
1727
516
2974
5644
2892
2285
3800
2196
25
1452
2838
5742
2326
5402
4390
2189
419
5695
3676
3139
5587
2245
482
2342
3139
1298
1185
3342
4142
1185
5310
1480
227
2449
1588
2888
1379
2966
1017
848
1335
3600
4181
3442
2449
1601
4079
3534
1017
4181
2196
2195
716
25
2762
1407
2531
4125
25
1159
5402
4373
2167
1277
2184
3710
1016
2503
4238
4945
3763
1480
3881
3139
147
1337
2697
1681
2196
3996
4005
3367
493
502
5132
4383
4903
3139
1751
1307
4838
5056
4787
482
5254
5333
3830
4158
4188
4231
4276
482
4700
188
3349
4822
3139
4158
3139
1103
1408
3616
922
1339
294
25
882
378
5062
3369
2187
540
583
2309
4039
1719
5671
1601
391
243
1339
5627
2945
540
787
1307
787
3139
3800
3003
4438
2350
51
4617
1522
348
1095
5512
2762
1468
4943
1699
92
3838
2320
378
4945
4226
3456
4014
2919
3393
5402
141
5547
2146
3485
2196
2156
827
1727
565
1675
2189
1309
1380
1294
1930
25
3084
1152
110
482
672
4900
2724
1636
2016
2762
1931
4270
2804
1361
2135
482
2934
2697
2814
5402
945
2285
785
5485
5402
3139
1157
2867
3107
733
2911
1586
425
1699
2762
1086
5021
195
3139
2196
425
1480
4884
2858
4780
545
227
5472
4348
2762
3255
4270
16
448
1939
542
41
3308
3621
3282
4720
1535
5479
3139
4915
1798
5524
4188
2714
4655
5744
4348
733
1313
3875
5671
1616
2148
1313
4360
2856
195
2344
2196
1410
1699
2246
2665
474
2619
923
2828
1230
5411
2243
3395
41
2021
62
5313
1298
3624
1269
243
443
25
377
3621
3362
4000
288
3451
3393
3162
4358
1298
2196
4127
5195
1897
2196
5587
2016
5501
254
3139
635
2762
3138
1601
3018
642
128
4844
4975
4342
5133
5195
3227
5172
425
3003
524
5221
5587
5558
18
3682
5674
728
787
5683
590
2227
2951
5336
3996
61
1722
4417
5191
2196
1320
3573
2825
3581
2838
5402
1042
1298
1300
99
1100
3838
4547
5402
2333
3139
1601
1608
5587
5402
3139
5254
1588
3029
3296
637
2748
3621
2196
3966
1639
25
5433
1800
4692
2619
1167
2084
2143
4998
1465
5491
2794
3139
3139
4884
3139
1588
3139
2882
785
5238
5466
3139
1465
515
2473
2376
5271
1068
2196
5049
5463
425
171
630
5200
1307
3073
25
740
5313
540
5402
3240
1746
3139
5402
196
1384
3606
3395
4768
4308
4993
2057
1183
4999
2849
2313
5402
425
5466
4438
5068
1945
3139
1793
3023
2839
3308
4707
5364
5162
1650
3616
137
1625
2544
1651
1504
1082
425
3139
1776
5474
285
3139
1044
5267
1796
3240
1423
2195
5049
2964
2615
5133
3056
5205
787
4158
4458
3730
256
4534
1016
1101
2378
1429
303
2285
1056
1320
3308
3003
3095
3139
4756
1222
5466
3139
3107
3139
2453
1147
4040
2880
1578
3000
2164
2673
3139
1095
4327
2476
3003
3041
5576
5062
5554
3676
1101
4330
3646
5433
5194
2882
4126
1016
3676
5085
3308
460
5172
1480
583
3139
4659
2008
3830
3139
1526
1684
1498
2825
2196
5167
1300
227
427
195
3547
738
1429
2645
1472
275
1307
5476
1872
3139
1073
485
4875
1830
1157
4281
3139
5603
632
2154
3219
425
4720
2615
227
1283
195
5062
1583
3139
3139
425
5280
1282
3072
1429
1095
3184
4497
5530
5162
4713
1380
1307
1673
115
1168
1429
4744
785
5235
3852
3889
3682
4445
2911
1681
4332
2548
3641
3139
275
324
2998
2084
1429
2993
5160
348
3189
3530
5062
425
3452
5165
3139
663
600
3139
556
521
2440
3954
2463
3312
3454
425
2443
3139
3771
2023
5402
4945
338
3139
4877
5402
1307
1809
1405
1095
4060
5362
4779
25
4815
5109
241
1269
5402
1504
3463
4827
4226
3748
3168
1044
4720
3920
1598
2435
258
1116
645
1608
4438
1371
1313
4438
2863
5196
5011
304
1814
247
3139
3799
1178
2660
411
1787
2311
4417
2390
4497
632
1427
957
2825
2196
3139
1491
2189
3610
37
1304
2196
1166
4438
5508
2666
4226
1914
3931
504
4195
3240
4715
2762
2016
1313
1404
1313
425
645
4158
2933
4297
4970
2926
425
3139
5097
4255
4280
806
482
4264
5336
4039
4825
5668
5402
1606
3808
1896
2200
2301
1905
5049
1073
5402
3621
1945
1149
5497
276
542
5586
4780
1636
3679
4615
2659
1168
4142
3139
4107
4032
1568
5473
594
5133
4053
5062
3520
3072
5442
5384
2622
2164
1248
628
3308
864
1945
3139
5419
3449
482
2167
835
4746
663
2390
547
23
1185
3623
3139
1298
1384
2316
2647
5695
595
4791
188
5660
3308
5587
4329
3595
5006
2122
104
1221
4158
1650
482
1213
5133
482
722
1095
2409
25
1585
5218
922
1898
1381
3191
1574
41
254
346
4188
2771
2911
4980
2196
3996
911
2244
746
540
3966
281
3139
3814
3003
556
5062
4481
3965
2691
5405
2196
5248
4200
3269
993
5413
2951
102
2691
4415
165
4801
1029
5384
3573
916
5028
2976
3869
4562
1044
4822
177
630
3308
3219
2864
4602
4890
2196
275
2548
1323
304
4011
1339
3046
5062
4868
1313
3139
1798
1427
3838
1858
4891
2989
1598
1945
3284
1953
4700
2700
3768
4966
1770
4845
177
183
2196
1123
2826
5362
4267
4142
4972
1635
2285
5505
5162
1185
882
787
5744
789
2809
583
2762
4226
1071
620
3676
5050
2762
1860
1300
1178
5232
5587
669
482
2516
207
1242
3139
4154
3139
5370
3904
2837
425
4375
3485
2122
3349
4559
1722
2158
3028
1184
4287
5623
5269
1269
1552
156
631
1512
4884
1185
4420
5271
2196
275
4943
3139
3054
583
5671
1178
5213
1429
1395
4371
348
1031
1230
3139
470
25
2762
2981
3838
2998
3139
5617
4998
891
2196
3930
833
485
2619
661
1775
1816
36
4877
2196
3497
5111
4708
2882
641
2763
2762
1440
923
4624
5671
1298
3964
1330
3439
481
3430
3308
3113
4651
1185
1452
1829
92
4371
5287
1568
3529
2196
242
5109
2026
2176
3591
2890
2200
423
5081
698
5085
3931
4851
2196
3053
3418
3980
594
1876
695
285
5550
3113
5062
3139
2626
2269
4588
5547
1945
1157
3139
1345
3136
1583
3113
3507
4570
1501
25
937
5433
5247
2350
4945
5502
5062
689
1313
3317
25
3432
255
5566
674
4155
425
2630
4471
3019
4181
5419
3401
2673
2943
2547
1495
25
1822
4123
1452
1073
4132
2579
4945
2996
10
2168
25
2122
3933
3139
3591
923
5497
3711
1362
2697
3707
2200
304
2196
918
2489
3296
2274
3039
561
394
2195
4713
3621
5497
3904
3461
2205
4772
5177
166
41
785
4088
5556
3139
425
1157
4330
516
5313
5232
3139
1298
413
3289
2762
4994
2196
4612
2269
195
1958
4792
452
1480
3136
590
5009
5062
1185
5456
4945
5092
5592
630
3401
3387
2762
590
4792
2333
1689
3595
4936
5738
2744
3139
3875
5673
1601
3139
5235
3676
2462
1407
5036
3637
2306
1601
4855
628
5744
766
223
5475
5155
2383
5714
3651
4373
1168
1830
2016
1222
968
4432
1145
3365
4065
4890
1601
1307
3242
2435
2191
2714
5037
719
812
937
2971
4949
1249
3177
5402
5132
5587
2016
5133
5587
3079
1679
1936
1922
2619
3139
5162
590
2189
4276
1598
425
1601
3450
916
1095
2697
4992
747
1744
5558
5402
2724
5497
5009
3139
3139
1149
2876
4771
967
1829
5022
2670
5731
5632
4722
540
3994
2825
2393
3386
2762
4159
806
443
165
4494
425
2775
3139
5097
258
1016
5304
630
482
614
1354
5361
4998
2762
1073
3308
1310
5155
2986
16
3139
3147
780
324
1965
227
594
3479
2196
5566
2615
5587
2724
1931
1073
2065
1549
704
3312
1922
3040
4482
5671
2061
2196
3139
2196
4771
5062
4200
548
594
1410
16
2378
5068
2811
404
1584
3139
25
68
2210
3802
827
3439
350
5160
676
5493
1273
2196
3917
3676
709
777
3254
2360
5402
3838
1465
4323
1742
3429
1239
2208
4282
1350
1780
1298
4107
425
1853
1067
3139
4641
4549
3569
1239
1795
1255
5108
5402
1019
2383
2196
3766
2489
3007
4158
5466
3507
1269
612
1468
2376
4226
1898
1945
25
152
1756
3676
5255
2285
3600
4513
92
425
304
3363
2943
5256
4725
1931
425
442
2825
746
2241
2285
4993
4226
62
5288
5046
5049
1405
62
3615
1583
1482
2513
3139
1429
4564
1794
5086
810
5062
1207
5587
713
4106
3676
2364
1335
2055
4945
687
1945
3932
739
1680
2619
293
3308
5200
2390
5271
3537
3875
1307
4658
4224
1405
3931
258
5481
3768
2174
4844
2296
4567
5587
3139
3003
565
1083
2214
532
38
4576
425
2189
3502
187
2777
2196
4000
1405
5121
4158
719
2677
4648
4978
4912
5133
554
5077
1752
220
3976
859
4792
2198
937
2662
1601
2153
227
4332
4718
1298
3242
4298
5293
114
3139
1719
1307
41
2989
2196
3126
3141
4992
5162
2383
2285
2473
3399
5606
2603
5402
3072
5254
5049
5402
4763
2923
548
399
1480
25
3869
2196
127
382
3044
5518
4920
556
4720
258
178
5702
425
5696
2750
3139
835
2762
923
2500
5271
5382
5152
1149
4806
2603
1313
3139
293
4829
1001
4235
2114
4433
2196
2196
5011
4784
2882
3623
602
3084
400
3535
2200
4071
4884
1405
833
3838
2671
3924
3830
425
498
540
1830
2196
5664
1601
4134
3862
1639
432
2566
3278
2269
834
5568
1727
1016
610
3273
1044
5598
195
5393
5062
2539
1425
2189
1996
689
4039
4689
147
2243
5547
3308
2196
2196
5117
4534
4447
1681
4127
482
357
2982
2200
3238
428
2476
4054
3097
2847
123
2382
4256
834
3875
5505
4007
482
1601
4315
590
3191
2257
3650
1082
4235
2196
425
3139
3480
147
2196
5497
4977
1313
1584
4945
2614
3139
5431
2576
3400
4158
2724
1405
425
3790
1619
3365
5062
4222
2364
3841
2285
4673
4158
3241
3485
1555
3405
541
1810
3651
4039
3763
4808
3615
1496
3545
2153
4359
4080
4039
4763
2326
3046
722
5150
670
1185
1297
4890
1790
4945
2200
3139
1896
4225
719
3734
25
5299
4158
3918
2869
425
3581
4482
1160
3591
5402
1698
3264
5133
2454
2285
5062
4890
1757
1210
3000
4616
2189
932
3592
311
2620
934
2435
5471
663
2062
5087
4986
95
1598
2351
5336
25
1269
681
5191
4966
4039
440
425
2465
4769
3139
4718
1588
1913
5238
2016
5133
4226
227
1405
740
1790
2450
1157
4899
2962
5571
2762
381
4196
2619
1019
949
1044
1777
1003
1230
3139
4995
541
4890
3749
4956
482
5587
2612
3188
3086
4741
1307
5015
3240
5247
2164
3139
3335
3139
1313
3479
4093
2350
5292
4806
1269
1362
2196
4062
5335
2196
2535
3224
951
3312
258
1323
3621
2266
947
4720
3072
1429
594
3875
3062
2328
882
61
727
2856
1885
5744
3997
5731
5491
227
1350
4378
3139
2435
3312
4287
3363
400
2195
4772
540
5586
3466
2196
2517
425
1320
4039
4836
1183
746
5233
583
2412
314
1422
1821
5558
3427
2943
5671
3308
1580
1307
3139
4929
827
4212
3689
2867
1680
2589
3139
4654
1601
545
3139
2196
2953
3192
2615
5322
2294
303
3139
242
521
3786
5544
3570
2882
1298
2113
1037
3115
3139
1068
865
5254
2615
3038
177
4371
5499
957
5041
4424
1800
4441
1765
2200
59
425
5587
1601
3421
2164
2195
4993
923
1919
594
1618
1830
2269
1777
1339
637
4851
2390
1155
1297
3139
2814
3139
5254
147
2196
1598
3139
3139
541
3676
3240
3510
4598
1054
2837
4144
3749
16
3139
3171
5235
2662
5491
1184
1095
267
823
311
4799
1475
5402
5587
4975
2691
2122
4602
5587
1465
5705
2649
425
882
5243
2515
3346
1620
1803
769
2146
3072
4713
1811
4035
4226
1776
5133
1896
1103
220
4720
3139
3920
1914
5505
179
4255
4890
3139
975
4248
486
1793
2989
4763
1776
258
16
1636
3139
1313
4829
4900
3040
2673
25
4699
5077
2582
3095
540
1660
5687
4276
1313
3920
396
4744
261
1119
348
2334
304
486
3498
2195
304
5402
2196
923
1608
3139
1945
702
804
2619
2016
4564
3852
2130
2195
4226
2863
3057
4890
5235
2168
2936
485
3139
3362
1899
542
775
3005
157
329
2196
4913
5293
4682
249
5518
1583
3800
4019
1530
2761
3777
5062
1616
2873
3194
5733
4718
4739
92
1647
3139
4884
2724
2828
128
1998
1452
4875
1794
4884
5497
3528
3349
3428
4966
3621
43
1210
3725
4238
3553
5471
5497
1549
3822
830
2455
1206
1429
1213
3240
2610
5671
1429
5053
556
4890
1269
5253
4506
1757
4158
599
542
3412
3139
1313
1504
5292
36
36
1727
541
2726
1452
3696
4054
3054
446
3139
5013
249
223
400
4226
4689
3917
1429
5328
41
1178
5087
5384
1583
3989
637
5497
1816
2122
2830
1546
4945
4039
2903
1307
3283
961
2285
2825
254
1239
2838
1116
1475
4602
2675
991
3863
1845
594
2882
3621
4682
1298
1897
2825
1468
2011
3140
4479
4521
1362
3512
2135
5613
1905
4836
1601
425
4599
3028
739
5130
889
2285
1731
5497
3946
304
2196
1706
4887
3139
5062
227
2196
2148
1759
4039
5111
1653
3875
5272
5140
1168
16
2390
2593
1168
4287
3139
5200
2060
3484
2174
2469
630
3139
4363
4293
391
3676
2243
3696
2122
2266
5062
485
3139
2461
1016
5419
1269
540
1627
5472
1111
3209
4549
482
1601
4654
2724
1044
2196
1463
1361
5547
3000
1809
2248
2719
261
2013
1213
1168
482
853
425
5729
2675
541
5132
2304
425
3139
3761
353
2691
1450
2196
2196
2399
540
3051
2867
1678
1405
1016
2660
229
5093
1044
3139
4720
4077
3735
4419
2243
25
5254
3139
677
526
227
4792
3814
5476
1759
1727
1823
1504
304
808
993
2619
25
3165
352
4825
195
1482
56
1504
2196
4758
1215
5140
2244
4438
823
339
1916
1763
1017
2499
1101
1671
5671
2863
2102
2160
4956
4478
1601
1058
1491
5104
2543
2999
2220
1699
2285
2615
2189
2196
3139
3095
1665
3003
2789
1650
3066
2861
5235
276
1919
1931
1313
1583
5546
36
3139
3139
425
963
1230
5049
1778
5695
630
3676
1116
852
3265
2194
209
3240
2284
5267
4222
4771
4654
3676
4718
4196
2462
396
1588
4975
4142
1323
233
2016
243
1277
883
5402
1230
2196
1206
4999
1479
3139
3878
1681
350
1029
4444
195
3696
3139
1504
3139
2285
2762
2153
1480
4231
3784
4931
4763
4582
2953
3910
3422
127
3139
5191
4945
2354
145
279
1230
787
1961
3139
1491
881
2383
3139
2196
4373
4039
4406
4205
5031
2762
1307
5062
138
1434
901
3139
2838
2867
25
2196
3736
3386
785
1462
5133
2372
1429
5601
1269
5238
2923
2170
1054
5587
540
3015
5432
3862
2122
1777
1636
5446
3676
4742
214
2009
5432
1469
1692
746
5165
2200
5402
2269
288
41
4238
25
4763
1640
3496
743
2867
5655
495
2825
4616
3139
2863
2867
4240
3308
2196
666
25
961
1313
2873
1866
3580
1699
100
1313
2285
1743
1777
2474
177
1307
3107
1157
5597
5402
1053
1460
3619
1452
1429
3139
18
3836
482
1891
2233
4142
547
4908
1823
4852
5521
5518
812
1777
1336
5629
3308
5215
1821
3871
1830
1446
5647
3730
4371
4111
4226
4890
4315
5637
2376
596
3139
5402
4665
1244
5475
1405
25
460
3003
2689
5154
5733
37
5695
3139
4654
418
1625
1556
99
1395
4039
1428
3676
3139
5697
3139
3139
3139
4129
3697
3139
425
2016
3139
2961
3057
2911
918
1044
1054
1429
3040
5050
1012
2016
4890
374
2707
2285
1298
1941
3862
2153
475
1298
4998
1588
3139
3991
3139
3463
4158
1122
1692
1230
4222
3950
5062
3569
1504
1671
469
5370
5033
1653
5164
5695
5475
4763
2821
2400
1482
1157
5271
5254
2977
4564
1452
739
2122
2279
972
719
2245
1307
1073
3577
1116
53
3863
5414
5229
425
623
5676
1568
810
594
2196
4371
1624
5685
2838
1579
3485
3450
3139
541
5576
1405
337
5402
3139
2196
4373
1465
4986
2238
5142
3621
1681
2285
2619
1681
4347
3621
465
2817
2762
2266
3800
1313
138
4048
3959
25
857
1407
4808
2526
1727
3237
792
4900
1019
2940
2147
5522
3924
3707
425
5521
1616
1482
5156
482
1892
2285
3377
2698
5271
2099
1429
3676
3392
4497
1731
993
1722
3139
4945
3139
4484
3623
1076
1297
4823
3261
3139
1506
432
586
746
1549
1405
5232
5304
1568
1307
1429
1601
4718
1269
53
3139
4088
4040
2196
5731
2462
2619
4935
1132
695
5015
4513
5621
1638
636
1759
4446
5576
16
5062
2008
5566
4689
2196
3003
5271
4497
1848
3139
280
1012
1657
4763
4815
827
5699
917
3308
176
5402
957
3139
5313
1206
876
1598
1155
4181
4489
2998
2333
5733
1410
3284
1185
3676
288
1601
1601
5362
241
1470
25
304
3139
3651
2083
3360
2360
5402
4298
785
1704
4158
785
4040
3491
3139
2350
823
3702
5712
2350
3139
594
3495
1016
5209
4944
3098
1597
4615
1215
3875
2146
1222
261
1038
304
2813
25
5587
4928
4774
5466
4836
5050
2880
1452
4408
4877
635
4534
1017
1273
3066
719
1319
5029
2605
1722
983
3730
3875
2021
5674
632
3139
4200
1168
425
2183
1298
3869
1350
548
2164
25
3028
2200
3461
3980
2318
1193
4945
51
25
307
4227
5028
425
3676
3651
2650
2619
5497
1320
1465
57
1095
5062
1307
1823
1168
1307
1183
3838
183
3139
4373
4618
4497
630
1775
144
478
3470
227
3308
193
4590
5387
3800
1583
2783
3914
3297
5122
5109
5434
3621
4400
957
276
5378
4654
24
4939
923
1313
2619
4890
2227
4276
3486
3904
5671
993
3308
41
5094
3431
3240
2378
2285
5544
1405
718
1163
2304
5576
3139
2503
1825
4048
4484
4177
3139
177
2864
1891
5402
4718
3256
1429
441
270
1160
447
2825
1616
3617
5714
516
4036
3139
3139
4945
3513
1601
1902
3240
1452
5042
1983
2830
4438
1260
2146
2724
36
1339
1480
4040
3479
2084
4978
1465
4238
3970
3744
2332
443
2569
5362
4000
3139
2200
3190
3139
1423
146
4039
5419
3822
785
56
3139
1699
1650
2269
4975
4763
2989
5381
1228
1148
233
304
1429
3863
5340
4645
3996
3550
1722
2285
2196
3974
1983
876
1016
2333
1333
4130
25
5370
382
1405
1194
1211
1583
3982
5313
3317
494
425
1230
1829
3056
444
3512
1601
3862
2196
2719
2828
3238
827
3936
425
4890
5213
2446
4558
3880
2196
5100
4784
84
395
2430
5695
623
3139
2998
623
5709
5062
2146
1429
3139
2200
5101
785
3209
3139
303
2924
3695
3139
3139
5587
5695
878
4763
524
4127
5183
5107
5733
1897
1692
1814
1095
5247
5122
2290
1791
5184
3003
747
1313
2949
1619
2882
1545
4258
4954
4986
3139
25
4439
524
2383
3000
4792
199
4502
4331
3615
5162
5213
3817
4771
1307
2762
3800
5220
1168
3015
3137
3903
5062
1003
4184
147
526
1452
3378
1988
1488
2635
1044
474
594
5528
5402
3139
482
485
1601
823
4829
2911
2196
425
850
2164
1286
1596
4598
3139
425
5587
4265
2443
4718
482
2524
147
561
5402
1958
4912
3105
1785
2809
1307
4992
165
3378
2084
284
3800
1579
912
3139
1194
1697
5362
1300
1016
5598
3139
3139
326
3875
147
810
4998
2911
1339
404
4949
2390
1361
2285
794
3676
801
1460
18
2326
425
3621
1139
650
1280
3676
1636
5419
4188
1897
2698
3676
5216
923
2882
1390
255
189
4014
1757
1214
2345
4651
4654
583
861
5239
8
1757
5213
3495
1681
3139
3621
1583
95
4635
1619
547
3139
1848
4039
1717
3801
2648
5587
25
4400
3317
425
2067
4861
104
4291
5271
2066
5022
3028
3499
5576
886
680
5049
1339
5364
2870
5062
5690
5466
4472
5402
4053
3768
258
2189
2200
3840
5121
5402
5583
4966
1119
99
1902
2710
3317
670
3139
3496
378
878
2066
4227
502
1549
659
648
4406
2196
1429
1902
4818
1283
3992
2911
2142
3216
1016
3618
3556
4484
2702
2333
5345
1298
391
2122
2164
2189
2976
2399
4196
4393
5152
5093
252
3764
2292
1354
280
1269
2940
975
4945
1298
5475
2958
425
5331
632
3485
1123
1377
3623
3308
5547
2376
2420
258
5183
1821
297
4226
2196
4438
2285
3240
2724
425
3589
2282
3139
5390
3210
5362
4266
748
3294
1085
3308
810
1087
4467
4890
1071
197
138
5062
3833
4497
4771
3139
4392
3902
1909
5155
4561
2630
1503
1013
2882
1889
1931
3139
5714
1699
1681
1601
1157
51
2174
2882
4330
3139
1902
2285
4718
3676
1897
5340
3591
1038
853
2196
212
425
1183
937
2286
5671
428
3676
1178
1185
5402
4412
3003
5165
1636
2762
4890
2762
275
5050
1210
612
4555
1276
5671
127
3066
533
2449
938
5492
539
3139
3056
3485
5621
1452
3799
1757
787
5402
2196
3649
2059
4733
5402
4226
1429
3982
2619
177
3682
3580
1890
1083
1722
3139
5700
565
3139
2635
2882
1583
2733
3139
4987
3763
4763
439
1605
1902
548
4650
5402
16
630
1501
1566
3705
1885
1759
3997
3623
450
16
3242
5062
3506
4082
2574
5160
2884
483
2414
1298
5236
3771
5633
4014
2669
1238
4188
1313
3630
5671
5062
66
3904
2333
548
602
3139
2972
1076
4564
425
1163
2989
4123
223
3139
2754
3355
3139
4632
25
1095
4720
957
4740
4226
2060
4099
4998
1046
1588
4371
3308
4572
2420
4464
25
3676
4836
268
52
2430
4693
4634
1847
2500
4763
5280
3160
5271
5499
934
5077
4226
2148
5547
3695
4283
4537
3139
1480
3813
2462
642
5740
4945
5268
4235
1178
2200
154
5304
3315
5419
630
5074
2762
4777
4381
2243
374
425
4815
1132
425
5412
1452
5085
4224
967
3016
2011
3748
4311
425
3222
3139
5712
4158
5133
5667
540
3139
609
2551
1452
794
1353
3160
4884
3228
2619
2160
1939
1405
4796
25
4763
3878
241
5402
227
5218
2864
5033
3955
2825
3139
1681
5426
4303
2189
3003
785
2055
482
1338
5712
907
5273
3158
1722
2190
5208
2195
1583
1362
5258
4092
4162
4904
1307
2511
377
4384
3838
425
4453
3308
1178
57
3684
4720
4104
5313
4097
1075
1888
3066
1339
3015
2122
3139
2724
1410
4906
5402
4587
1405
2390
4928
1830
3401
3139
1044
595
2319
1504
5213
4778
107
5419
3635
2359
1567
4888
4111
971
2285
4965
3308
1760
634
1056
5162
1297
5062
3139
2762
3697
1429
4713
4890
4896
2576
940
2164
3623
1116
4022
4966
5351
2125
1429
452
3595
227
5616
220
5630
5402
425
1573
195
1498
1777
1044
1210
4720
16
5587
4584
3003
975
1798
2860
985
2470
304
3060
1809
2160
3392
3110
1616
2892
615
1149
5714
61
2615
1167
4915
1594
2691
1564
5200
975
4733
4070
248
2161
5402
2986
2196
5370
630
3238
1016
4038
3581
2426
4701
4400
558
349
2584
425
2949
5049
2566
5497
1606
3238
4761
2829
1945
923
5683
77
189
242
4826
1019
5297
1935
1230
876
774
4945
645
1793
425
2911
5293
5565
4945
195
2462
4945
3838
1405
2336
4944
25
2122
4513
5164
3738
1452
263
1835
4373
3581
1601
5681
5307
425
25
2762
3574
882
3252
2016
227
3139
1452
3139
5062
4497
2314
685
2468
3904
3215
147
195
1800
552
1605
2233
2467
4763
4594
2548
1354
1463
348
2196
482
4032
4397
5062
1430
3139
5362
5402
5576
539
1298
889
5635
3139
556
1594
787
1230
1897
4494
5049
3139
747
2285
5587
41
3061
425
5297
3003
2737
2009
3676
1429
3530
1335
1825
5549
4904
1798
4732
4158
2146
1465
1155
3676
2714
1795
93
448
41
2200
5062
2516
1101
2196
4196
1692
2819
4226
4153
2572
5085
1311
2891
2670
844
3139
923
1465
5086
3447
5285
3458
3308
275
5571
2014
1157
3139
369
1583
5140
4326
2390
3158
1884
2548
1307
3994
3939
586
2122
25
3996
583
3139
4742
5714
5082
695
2619
3069
4997
2370
4884
1307
3732
3003
5059
4884
901
5410
5128
5402
4871
227
3139
1482
2383
5402
5049
3878
482
4986
2697
494
757
328
4298
3139
4134
3954
539
5049
1429
3495
5535
5687
1244
779
5133
4115
4406
1709
469
823
5439
3959
1586
4561
814
5557
1269
2355
1731
5197
5650
5155
5217
1183
4408
4995
2260
1429
2565
1429
2122
5362
5742
4611
1352
1218
2727
5466
4632
5270
2615
2823
2706
5300
70
3975
2345
1407
594
1595
1427
740
3875
5259
5062
1012
5012
4709
5576
1514
5642
1781
2911
5457
5062
5719
5402
25
4077
2882
1282
1206
275
3406
2200
4591
3875
3139
1777
2710
281
2364
4993
1230
1152
25
3621
1890
5473
381
967
3139
1354
630
1152
1601
4853
2065
5587
5512
5319
5397
2037
3628
3228
1796
1597
1630
3396
5687
5062
5293
2196
3932
5088
923
5129
2122
2285
232
5402
3191
3689
5049
3994
3822
2200
3716
4598
4630
2152
4287
4479
949
2297
1777
852
2088
275
540
4428
5062
3279
5183
4332
3066
1950
630
4301
1016
1681
2960
1095
4979
1313
4841
2183
785
1286
515
556
57
3003
1699
2285
3240
3360
3738
5028
2196
402
25
4259
526
377
5049
2451
3428
5402
2196
4081
1185
5133
276
1196
41
128
1843
5387
2810
1465
3139
1154
2097
5446
1180
3841
4998
5100
3139
4287
5411
1913
482
1681
1625
5587
53
4737
3139
3836
5587
5062
275
2702
757
4015
1808
5062
25
2196
5132
2517
227
5419
3204
1807
4884
1429
4938
1202
706
2719
2724
3069
4330
36
1686
2057
5385
2196
5657
391
4158
1721
3308
276
1902
1827
600
4647
1800
374
4777
1313
2813
831
4332
5362
4720
4142
3145
4213
2196
2196
1307
2942
2883
127
2154
1347
2208
3139
5269
2805
2196
3139
25
3743
5214
521
227
2146
5402
1157
425
3139
5133
3916
4188
1044
4784
1359
5672
4966
5412
127
432
1574
2622
2196
3756
3381
2820
1269
1178
2583
4654
5049
3566
1601
5049
2196
1053
2843
2326
5402
975
2882
400
4126
193
12
4762
2124
3139
4373
3621
4696
4658
2462
2768
3401
3474
303
2135
3333
25
3772
5215
1928
5277
4890
2619
3139
4712
2338
2830
975
5547
2615
4539
1455
2122
5402
3994
3951
5062
2196
425
5062
4877
2724
2823
4373
747
1086
883
3487
3641
3139
4975
4373
3910
1389
484
3676
3258
2426
41
2304
3875
1885
1200
5647
3308
3072
5400
190
665
540
2619
3954
595
1004
285
5587
4945
747
594
1405
2867
1504
3139
1681
4383
5657
2189
3471
2781
1846
1699
5712
4313
1189
1087
1168
4238
3427
4929
5191
5155
5419
747
3308
4383
915
1304
5344
5156
4992
540
5466
3139
425
3781
138
1298
3000
5183
4045
2169
4196
1480
4720
2285
630
218
1407
4332
778
3139
2196
2440
3944
2482
1728
2911
3139
2067
5172
5402
5402
3679
41
823
3045
829
3333
1832
2646
2085
4438
1595
2196
4777
3090
958
2762
1811
1681
3066
1218
2535
1885
4158
2333
2240
3139
4050
785
5347
827
1354
5164
5022
1145
2333
2515
3592
254
1594
645
3139
2849
2383
2154
2778
2084
1405
3139
2320
3980
1427
1727
1809
4778
3862
5330
2196
3761
2420
2934
3017
5629
1949
3750
2975
5402
425
4484
5077
5271
5402
3308
2462
2285
4149
2191
255
118
2243
5574
541
497
5402
2195
3621
4944
3057
2703
2019
4222
3887
4004
616
5731
324
5402
1506
1465
3396
1206
4188
4045
1230
1374
3978
5481
2468
923
3427
967
1553
1125
25
4691
5062
324
57
2122
4158
5667
5528
3875
4158
1187
127
1465
1580
1414
2400
485
1583
3623
2771
2380
2149
2584
25
1601
3781
1823
991
5502
3308
5087
1429
5402
3449
3878
41
2838
5402
5050
857
4984
4378
630
2703
366
2189
4763
4158
1273
2526
3139
5082
5402
3139
1441
4735
2281
5451
869
633
5384
315
5254
4074
3139
1017
1801
5354
5322
5402
1044
4192
3139
2050
2164
4218
41
3618
1230
1313
5049
1384
4777
2552
5315
2196
5521
4043
3139
2762
2196
1928
5055
3510
1405
2164
304
612
196
3422
5122
2539
4763
1475
2893
738
5382
1577
1619
2148
1504
1354
1647
3095
3139
2825
2196
556
2879
1692
4265
1273
5162
3537
1699
3285
427
4032
536
1902
5387
3682
5701
3241
2196
5746
2635
1300
1452
4986
3682
3160
4808
3049
5558
2723
1613
1553
716
79
5049
3803
5410
2339
4130
3651
1880
1727
4890
4226
444
386
4740
2880
3046
2698
2164
4402
5340
193
4799
2245
4890
1003
391
227
4110
4200
2149
5428
2939
1661
5551
1003
5003
66
275
4497
2759
1159
1794
2164
3910
4611
1465
747
4127
1928
2357
114
2569
223
3139
1699
2435
1288
2035
3126
2153
5133
3641
990
1313
5003
828
823
378
4703
3139
1949
4654
5714
2446
2825
2247
425
4723
3378
304
3178
2762
4890
485
909
2196
1686
348
1313
1623
1925
2748
5183
3483
2995
4298
25
2016
177
4549
4276
2707
4373
599
5068
1294
3495
482
1933
3139
2390
2285
3991
3222
425
1919
2314
4438
5576
973
880
5402
227
957
3317
1583
3641
25
4877
3592
3594
3752
3781
923
470
4222
1273
1931
2212
2863
2913
127
1429
4287
4771
3293
1313
4629
1374
258
4484
1699
2165
5194
421
3394
482
4591
2693
5660
1354
3497
1480
16
5402
25
1095
2762
3139
3238
5141
4890
4039
2144
2724
3569
2215
2196
1290
3445
3139
2133
722
1483
227
4497
1354
722
1139
182
2300
2285
2085
1313
2194
5402
1268
3139
4185
542
4371
1161
1583
2196
2122
4692
3934
2838
127
4611
4497
4771
1756
5021
5050
4039
5271
5451
2196
3800
227
1821
5142
5587
4298
184
719
93
1242
5062
4604
2939
4615
1945
4309
972
143
3536
2196
1354
1315
3139
2473
1779
3331
4039
2196
3984
5122
304
3449
3139
4802
3037
3072
5471
787
594
1830
1945
2490
4570
225
1206
3396
1595
1210
2196
4039
1719
227
432
2406
823
147
494
3139
1699
5480
1976
5133
62
5528
5183
3308
2122
4039
3057
1801
2989
3139
4740
4398
68
5251
4387
5333
1623
4197
1095
5733
744
5742
4142
740
2100
4162
1352
301
25
3676
2712
5232
572
3830
425
5096
5706
3139
34
285
602
5671
4039
586
3039
3308
2196
2016
4142
2761
5082
3139
457
138
4157
88
4746
2764
4272
2196
3074
3878
3401
722
2762
4878
2688
1809
1019
3392
3139
1131
3139
834
1230
1157
2021
2589
1694
3139
485
823
3339
521
4771
1119
3327
4689
2544
3139
95
2200
2362
3046
5177
2196
1776
5081
127
3931
3727
1313
3820
1379
4566
3046
1536
5402
4038
5064
3308
706
3139
4125
2882
2124
5560
4016
532
4039
1612
4975
1352
1374
4720
4075
1405
2462
5307
425
5497
2877
1482
699
4682
2196
1583
1161
5169
3979
4414
4986
3800
1885
2955
411
1122
2872
5254
2454
515
833
3139
4902
3067
4438
3803
3820
2200
3676
2196
2465
5494
4298
5491
2196
2196
5022
1543
521
5148
1242
1194
5122
5183
3139
3139
4763
1339
5578
5269
2327
365
3725
5611
1083
3554
3139
5050
1062
937
3139
1598
1780
5201
2422
5027
5114
2084
3139
1183
4718
4945
936
5543
5633
3970
2414
4763
746
1570
1307
5254
4331
2196
4416
4265
3446
3072
1808
4951
4039
454
5595
1699
3945
1462
3308
2248
3280
2285
4957
2529
4763
2768
314
4039
1928
2005
3999
2676
3996
2196
1429
494
1407
3057
1044
1999
1330
5505
4073
2724
4662
2285
3888
1661
2286
3682
3525
3743
5062
1475
3331
5160
4564
4778
5466
1501
2196
3991
4826
4600
4177
25
3800
1298
594
1407
1465
3139
450
1521
4986
583
2196
1603
819
3197
425
889
425
252
2777
3800
5607
4741
482
5433
1694
5561
1809
2196
5555
5271
138
882
540
1192
4654
4986
25
5566
195
1277
5062
4193
3461
3139
3139
4825
5473
4966
4158
1833
5642
4454
5109
934
1967
1824
2629
1371
4438
5587
5586
5232
5562
3139
3139
1702
5119
1583
3808
1137
227
4332
2903
3439
5455
3452
3422
2122
3139
3139
2463
4997
812
3139
4973
4393
1636
4046
1185
5414
4418
3682
5385
3051
