4804
334
25
5684
4615
2226
3466
2333
5683
3224
5110
1323
4373
4617
540
2615
5333
5362
1338
2530
241
3676
1719
5587
283
4328
2755
4511
2267
1496
2196
716
3218
92
1588
5235
3396
2838
425
3086
3327
4397
5362
1119
628
4900
-1
3026
5570
4966
2364
3315
3946
2762
3328
5644
4902
1429
5402
3711
2167
3552
4303
1095
4890
4915
1313
3136
379
5048
3870
1919
2122
5031
5433
3251
2872
5467
2285
5499
4039
2979
62
4484
82
3427
741
3192
5432
1793
5241
400
5607
1101
576
4082
5349
425
5644
672
1699
5196
2632
16
1300
16
5526
-1
2907
4332
3598
3418
3499
3136
5133
2189
1842
740
2195
4804
3887
4617
5491
3755
2751
3651
4966
1800
2158
1178
3958
925
373
5576
465
1300
5049
2632
1408
3139
1313
3139
3955
2196
1806
1650
3245
1673
5218
510
2308
838
4221
4899
2383
1010
2154
2017
3251
5362
1778
5636
3769
464
4059
945
3688
2196
195
862
4902
3160
4250
57
4689
1504
5587
1781
3487
5402
3308
2196
4369
3598
1800
2062
2200
195
657
5324
1778
3309
425
2002
4673
5518
548
3139
3647
3730
3240
5402
5343
2828
639
1460
2243
3139
2374
16
1429
4251
3139
2748
4890
1479
3676
3308
4444
5028
3278
3489
2231
1821
1313
-1
442
5135
1273
2285
3013
5402
5402
2337
3955
5402
2196
1902
4177
3418
1374
4652
5030
1313
242
4337
4471
3799
2200
1313
3139
3955
322
242
1178
1334
1230
3139
5386
101
1908
3271
695
288
5362
431
4497
912
695
835
1934
1546
957
873
2017
3257
227
5465
2779
4406
4221
1429
2920
3799
2190
1639
4221
5587
2435
3246
18
1706
3139
695
5402
227
4204
4028
2356
4600
1429
5595
4327
1842
1429
3966
4600
2010
835
485
594
825
2863
4039
5068
195
3923
227
5633
3422
5712
3462
1019
5414
4479
3278
3139
3676
4693
5402
2364
5140
4445
2619
267
3843
1713
540
2188
5479
1939
425
4900
2285
213
16
1546
1054
1867
862
1215
400
3966
1011
5322
3367
-1
4559
4226
2196
3887
4220
1005
3033
2062
5115
-1
4395
1465
3192
685
4221
-1
4700
862
3501
3098
2122
2786
1427
2743
591
1636
25
482
1789
4084
1882
1033
3328
3136
3084
3054
3402
485
2196
2196
3139
227
350
304
1369
5616
2160
430
2793
3008
1610
5535
746
2845
5112
630
5410
4415
2002
2189
5587
5595
2196
1681
2656
4054
154
3753
4956
4413
5309
482
1601
3139
3139
2621
3308
5293
1300
1281
1806
2098
-1
5214
4902
5097
2593
3437
4489
1691
5576
1240
4221
3136
1960
1410
3152
60
1479
3043
227
2167
723
1092
3965
3280
4158
3139
3499
2348
3375
4916
3407
5131
4114
3086
2196
4462
1966
1313
2825
2196
25
4792
4352
3227
937
3139
1313
5292
5465
1624
1878
657
5595
4492
787
5491
3502
2196
1465
2330
1706
5129
2016
649
1323
2200
4226
4337
4307
3139
4175
1821
2016
-1
5028
4925
3439
2975
3676
3291
1916
1029
285
3966
1998
3676
2838
4950
5271
428
41
5587
1781
3271
591
3139
330
2123
5402
1300
-1
5210
1152
5062
3046
3188
5238
3723
1240
2196
1953
2724
3435
2364
1408
95
1480
1313
1578
509
1427
1772
4238
1510
3139
2196
4039
1821
2935
5507
1781
4913
1772
485
1116
5472
-1
-1
3869
763
4890
2374
1044
1157
482
746
1101
3462
1595
726
5241
3877
1957
2269
4763
1916
4255
3139
3784
4899
1480
3072
3308
3690
5402
4142
3869
4736
348
1371
4627
739
3091
1719
1174
583
1777
2584
3713
826
-1
3139
4535
3937
1554
4983
3170
1385
5094
3139
5587
2084
3000
3139
2364
4028
330
4371
4998
5738
2934
3711
482
4718
2762
1313
1101
2868
1906
5616
25
543
4989
5332
1298
3139
2231
21
1910
5156
3313
229
2084
1479
1730
1583
4771
5687
5142
4890
4299
536
2122
1427
3139
4332
547
4335
1675
2951
3427
12
2685
2548
1309
1152
425
3139
-1
4054
-1
-1
1465
3485
3046
716
4400
3139
2390
451
52
510
3077
1405
835
5671
3682
2645
3822
932
3830
4082
2814
4252
1307
4871
858
1642
5402
2965
3862
5122
4330
5671
25
5094
4458
2196
255
4497
-1
4453
1420
1131
25
2548
25
3141
3245
3247
1420
3238
425
5155
482
5587
1054
3651
1307
5616
2023
1961
4720
5087
273
4720
3141
-1
1480
3448
540
4612
1297
2183
4305
4226
2626
630
570
2762
4080
3737
11
1218
2376
258
5474
5009
5166
1178
3838
3970
4252
1846
3280
2267
5062
1275
2196
1465
984
25
3875
2192
2527
4088
327
2390
2122
1902
4136
3139
5550
5410
1101
-1
166
2133
3436
3266
5621
2156
1858
3238
1699
1681
4303
5502
3587
1095
1598
947
2285
3370
5426
3621
1939
2196
1672
5062
262
-1
5030
5094
2010
2200
1399
3933
4084
-1
2148
4405
5602
275
1307
3205
3937
441
5387
482
3407
4602
2189
4990
4226
4039
24
5402
314
1636
-1
3923
1793
5602
4718
-1
-1
5655
1307
2154
1842
1636
227
5616
2164
2241
957
3139
5362
-1
3959
4699
1800
2615
1800
1844
2196
1465
5094
2411
4299
1919
1178
5671
4039
301
5587
3462
2768
4493
25
4226
5062
3803
3641
2122
1615
1297
171
3199
1699
5576
3139
1044
3046
2838
5373
36
3308
3462
1307
-1
4808
2430
5288
3877
2196
-1
3136
5367
227
3833
425
4426
3015
3769
3139
4225
3072
2825
2440
425
1083
4373
1019
2738
2990
932
3139
4998
1949
3301
1313
3592
2196
161
485
5156
5671
3139
402
3238
5727
5396
2184
2964
-1
1636
5448
630
2516
695
-1
2200
1777
5671
3887
3621
5133
258
1914
3422
4901
2285
3051
5587
3139
12
2085
425
5062
4238
1465
5074
5497
1672
5426
2024
4226
695
2762
5053
2200
3799
1147
241
482
715
2698
4158
3725
1215
2350
2196
4232
5587
2420
1650
425
3369
405
3254
3875
2122
425
2196
3975
2153
-1
1240
1383
3935
1765
1647
123
3433
1307
482
1019
407
2008
301
3139
3838
717
3098
25
1215
2195
5099
1307
425
5122
5466
1313
2377
5119
2188
4959
3584
4158
2762
3139
4771
1479
275
-1
2025
2196
24
1371
2882
4060
1442
1620
25
482
716
1169
1448
373
4934
1616
2333
1178
52
2531
2390
3139
5254
5353
2166
5402
2097
1881
2777
458
1429
482
2160
937
2313
1153
540
5322
3139
4497
4134
3131
3377
4082
1725
-1
2915
1636
1313
4134
685
5419
1309
1083
5402
716
5122
1024
4188
2196
5496
2919
5636
4890
2196
3594
2164
4199
4851
4910
2505
5384
3840
1169
3630
1534
4569
3128
25
4902
672
2697
2122
3838
3139
227
1044
5475
5431
4331
510
1044
2196
2963
1601
5367
4132
1595
2902
482
5062
3986
1006
1636
1800
2200
4925
2619
2825
1193
428
5112
1612
1233
1922
5233
3139
556
3139
74
1833
1434
2565
4373
1480
32
448
280
1121
633
2122
3139
1231
2615
5426
3863
-1
2196
1897
5062
1480
3395
425
1660
5340
2196
3705
3250
193
1571
5699
5294
5324
3629
3003
3814
716
5525
3875
4158
4718
1865
5502
-1
3139
4400
4371
3652
746
2187
1977
5449
1319
5624
4007
1003
2200
-1
3667
1601
2016
4878
5384
4975
5402
2258
2605
1016
5066
1831
1328
3409
5491
2196
4657
4373
1210
2122
177
2285
3139
2489
4462
510
2944
5022
3139
754
5481
2164
695
3139
4951
787
848
1071
4033
1116
2285
490
2426
5744
4794
4494
5028
5410
1465
1345
4780
4302
2226
1681
1757
3192
5497
1313
2258
5221
1429
3308
25
425
3838
2962
450
4902
614
1429
1800
1307
4371
3139
5062
5402
5487
2007
3195
3559
2146
947
1955
4494
3139
911
4906
482
1405
5402
3521
-1
2196
1044
2882
1193
3760
2200
3833
-1
-1
983
4249
4762
81
3122
5247
5512
2122
4489
5402
1429
940
5552
2196
3713
3139
1218
1571
4323
1588
41
-1
291
3003
2285
4778
3139
5491
3139
5370
1789
1300
2285
5062
534
6
1691
3360
4708
3139
4808
2565
5587
623
5410
4281
2196
3139
873
747
548
3139
516
4371
5607
1601
5738
594
4039
3923
3650
2435
220
3592
835
2584
2619
4764
4490
3788
4004
378
1112
2196
2995
25
3128
4984
4826
2196
1701
4268
713
3591
2196
5049
4664
1046
1800
2164
1661
53
187
4902
1060
2655
4559
5332
1778
4151
1044
-1
5574
4373
195
3924
911
3160
5062
4188
1706
2837
1429
-1
2844
2822
5727
4039
2200
4567
4998
1291
6
1046
2724
4871
2619
1960
3977
227
425
630
5062
41
425
4569
3621
2226
4426
1069
-1
5621
16
-1
3831
1452
2122
5456
3617
3707
5254
3821
1282
2196
-1
2157
3242
3581
1494
1606
3139
3000
3139
5515
2200
3139
4945
-1
3139
4064
4778
4238
5076
2825
1647
482
5062
114
2435
5714
25
1336
1909
1527
4484
3139
5156
3000
539
3139
1856
2195
1778
1230
4998
1985
1058
1692
-1
2951
3964
2584
2084
3454
5551
-1
3139
5433
3308
984
2196
3877
2084
3620
5402
2196
2196
2632
4740
5419
5318
1240
5152
1636
425
269
3849
16
318
-1
3308
258
368
3139
4272
2531
5077
3563
1152
4142
242
4435
4771
3399
1307
1719
18
2236
5402
62
3629
594
2385
425
815
4966
3621
118
425
2838
5351
3462
3952
4989
4114
2934
-1
4569
1796
3308
810
918
2780
3756
3054
3369
3838
4427
1324
2191
2762
3077
561
3461
3833
1429
4373
1767
614
2724
-1
386
1615
1071
684
-1
583
1405
2619
5402
630
490
4740
841
2615
4078
1502
1178
3396
2744
4483
2932
1480
3485
5616
50
5009
422
5546
5062
1016
2619
1429
5461
630
2269
3256
2652
4002
4860
3054
5426
1857
4106
4497
4485
3900
195
3250
787
758
2945
3800
5049
5294
5402
-1
5062
1703
3496
993
4698
465
2762
4303
2306
2794
1405
1044
1482
540
3149
593
2724
1152
686
4898
4039
4914
3382
3139
3139
348
943
957
1044
3139
2919
3369
4328
2934
630
36
5112
4371
2465
1371
1283
1476
-1
443
5351
2628
3240
-1
1854
41
1465
548
4032
3126
2911
5497
5267
1095
75
2200
5028
883
1553
1558
1699
1405
5062
2233
3474
2435
4792
3963
3139
-1
3003
3682
5544
391
303
4826
1482
3353
3194
1116
2828
4926
1601
4039
4221
5062
5049
3882
4929
4446
1185
2364
3098
195
1177
5129
613
3077
1300
3887
3138
2390
2423
2195
2619
857
3407
207
3139
5602
2196
3945
4564
3800
18
1298
1479
1429
1722
3139
1101
4700
5232
2196
425
5433
4156
5318
346
5510
4975
3079
1556
3766
25
1777
2196
1465
156
1588
2009
1424
4384
5132
2122
2743
3139
-1
5142
726
1405
2196
2608
1722
3046
700
4007
3377
3946
689
3996
695
25
-1
1429
1480
4438
-1
4998
3528
5272
5062
3023
2934
4158
3139
-1
4901
3410
3459
5253
661
984
4585
3113
284
281
2718
1465
3925
5028
2164
5616
548
3284
5299
4485
3139
3199
1405
923
4400
5323
4891
4529
1019
4188
3139
5580
5545
1107
1830
4000
4902
3036
2167
1342
2911
4201
5592
5028
474
5587
1633
3139
1313
957
-1
3139
1405
3139
220
3966
2996
4780
1323
3862
3592
3308
4825
1588
425
4158
1313
-1
1199
3094
425
2195
2615
1992
2561
4569
1616
3098
934
1240
5049
2690
3462
4335
77
3848
1210
2196
25
957
4991
4504
5123
-1
2435
1072
1902
2196
5547
3629
2052
3887
4901
1309
3875
3003
5714
1405
1506
5744
2195
1744
639
2196
5094
1282
2565
28
3564
3301
2615
5133
3675
1836
5587
3629
1636
4394
5272
1171
173
2584
4158
4534
402
3051
425
1583
2196
3139
4690
5518
1588
3433
1777
-1
4429
2200
3115
473
1699
1800
3641
3531
3457
3391
4171
4497
5672
220
-1
4188
3377
2724
739
4562
425
1636
4188
1655
3725
2196
2421
1583
1480
1233
4491
2062
425
4238
4078
978
5254
425
2196
5402
3591
4226
2691
53
694
987
2943
3731
5472
3735
4125
3327
5717
5491
249
-1
1707
4084
1480
5126
2416
5587
3682
5570
4032
2647
2895
52
5113
1480
630
652
5644
2122
4032
227
2430
1636
3456
5616
4965
324
1801
1722
4002
5687
3072
3734
1967
2523
3800
3139
3752
787
166
1245
1066
4718
2367
2762
3139
5475
5583
1883
3771
2196
4822
3887
4368
534
285
5491
4966
3190
1926
1067
4966
3676
685
-1
5087
482
4763
3948
1167
4332
967
425
4014
4945
3139
5697
672
4762
5247
2164
743
2374
2376
3621
681
82
4199
-1
4094
2200
5502
5402
-1
51
2153
5742
147
2153
748
3077
3174
4225
716
1150
5076
5584
5491
2213
3126
2189
1044
1504
4226
2615
3168
2194
1405
3139
5271
263
402
3308
5049
827
496
-1
3139
425
5501
1856
1044
3584
425
4421
-1
2196
15
1800
5409
2285
4945
1601
482
2724
4158
1977
4373
5062
1157
3361
4650
5322
5362
930
3509
5497
2195
3332
3535
4027
227
4373
3369
3139
5232
2333
5429
883
1116
630
77
1429
526
3913
1299
3755
1568
3875
5255
1775
4687
1219
3139
2196
2615
482
5258
5587
4016
379
5362
4748
25
1800
5714
1429
1206
5440
4268
5051
4497
2998
2364
1384
1033
5616
4226
1168
5576
2061
4901
512
3848
1791
1429
4945
2196
4202
4082
4226
4713
2249
3556
2454
5062
1901
1636
2449
3139
1298
911
2036
2633
4945
1244
2829
1601
2565
1406
4148
4547
2196
693
1480
630
635
4235
1234
4438
1186
-1
3838
5738
5256
276
1157
3621
4204
5271
3139
4814
5451
2305
778
2182
3139
66
258
4162
5183
1636
2608
232
1618
1796
1549
2762
3079
1610
610
41
1044
4537
425
3139
4204
5140
4007
1295
1744
1588
2267
5435
1452
1427
676
1405
4771
5402
2196
3046
1395
425
2196
221
3781
1343
-1
1185
2196
25
1044
4998
2326
16
5087
3994
3139
5547
1215
4585
53
2016
3574
861
4007
3122
4829
1397
5155
3838
1754
3139
4966
649
3316
-1
2950
1240
1882
2196
4900
5313
5062
4584
3174
2285
833
1429
425
5396
25
5211
3139
763
195
2243
3139
4713
5151
3139
3132
-1
2619
5473
4200
1853
1184
474
3517
2285
5318
1701
3838
425
25
1480
2498
937
5402
2138
4810
3332
4559
3428
3996
3072
5156
613
2884
1077
2196
4767
1831
2390
4287
1925
5695
5122
-1
3303
1777
1608
25
482
2184
4039
1206
1781
3557
2285
2589
3269
5211
311
4559
2778
628
-1
3554
5003
1636
3875
1894
444
4146
585
3139
3139
4497
2189
1016
695
2882
5402
4142
3777
992
5155
882
2090
5149
3139
5085
1298
746
3456
650
193
3623
1800
1387
1565
3139
195
5280
1925
3139
1601
3137
5466
1796
3139
3308
425
540
4259
5426
4685
3315
2998
1945
3139
2842
2619
936
5497
689
4107
1081
3696
4188
3676
425
1016
3139
1243
5139
5313
4945
3392
5491
957
1791
703
1116
1307
147
2762
2567
3892
482
5122
1244
476
220
5155
482
3003
3139
3139
4945
5028
3608
3139
4531
3388
747
2948
785
1468
3113
3115
1899
3495
3530
1178
4478
886
25
385
1345
3046
1310
2468
227
1618
2285
1124
5671
3289
3139
2825
3414
4400
-1
425
5671
482
1781
1216
1044
5062
3139
41
3139
3838
716
2829
2769
284
5547
-1
1016
275
3003
5062
2939
2632
-1
3936
1270
3740
3650
1889
5530
5415
3509
5402
3192
1583
3139
3139
747
1168
3869
5302
-1
886
5551
3380
1480
-1
5571
5491
1405
482
2902
4330
2199
1054
99
4437
2196
5440
4794
746
2186
1730
2243
3308
1483
2196
1427
3139
3837
5426
4587
4320
3586
4453
1408
1429
1776
1752
3308
3317
5031
3469
3139
2196
1850
3401
1709
1626
5587
3928
4945
787
5271
482
3139
4348
-1
1335
3039
3651
4199
2988
3139
4371
1054
2189
4053
1618
4087
3139
2195
2679
3139
25
4287
5152
2460
3139
2762
1800
1189
3519
195
1307
756
4203
1411
1934
1429
3592
1147
937
2200
5085
4884
1706
2974
2013
3880
1854
220
3139
5264
1680
-1
476
3682
583
1405
4902
2474
5077
2196
1183
484
3034
3956
2196
993
489
-1
1307
5302
5062
2974
1445
444
3875
5062
-1
4211
-1
3887
4763
4890
2233
2122
1291
5587
3139
1044
3479
4126
1553
3617
258
5561
769
5621
1210
5456
3499
630
-1
1800
3933
62
4884
3139
1161
1968
1480
4552
3003
147
4139
25
2285
1570
2526
1095
2565
2285
4945
1664
1307
4493
1897
2063
4543
-1
1948
4690
3410
4658
5176
3139
3142
4689
5254
1504
639
3456
4778
2040
4875
5384
1588
5562
2754
2196
5426
24
1821
913
1740
1313
1298
1538
3139
823
3215
2084
4188
5587
1629
4778
1044
147
4435
400
4199
5087
650
429
5133
624
1352
5518
4015
4005
2350
425
5087
1031
2383
5362
3616
5049
2285
4142
2196
5507
4034
3279
2023
4822
1800
1078
-1
3939
41
-1
1681
1713
4060
2937
1429
5587
2153
2902
1908
630
3878
350
4373
1178
5269
3122
3731
1809
3139
4945
2380
639
2200
1992
3190
4005
2762
2200
3139
1902
2196
630
4533
781
550
4878
2200
2057
2009
50
3139
425
4019
5616
5115
195
3139
86
3595
1601
3139
850
3139
886
3227
5363
4951
425
261
2698
3841
5497
77
1779
2724
5587
2326
1354
2196
3991
-1
3072
1480
425
1166
1618
314
1044
4518
4153
5695
25
1058
704
5062
2189
2285
2384
5402
190
3862
1850
2591
1922
1313
3139
1272
3003
1897
1821
1157
3676
3139
2200
923
4915
482
285
3129
425
3139
2200
1160
3139
3139
2153
2226
3777
5718
25
2084
30
3813
1796
534
3308
2041
3139
5360
1703
3139
506
1521
872
3139
3800
4184
2443
2652
3287
2449
4040
815
3160
4158
3883
3139
25
251
4763
1430
3088
482
3003
4158
2691
2269
3494
2702
3451
5402
3003
467
5664
1155
4435
4966
743
2619
5092
-1
5654
3139
3139
4287
5049
3179
3676
5402
3139
1601
3711
2111
5587
242
5614
3815
3234
4162
5139
227
1650
16
4890
883
2122
3051
4975
99
4934
425
5218
1168
5442
5402
1396
2654
1185
1673
548
5664
4348
1448
4718
2196
1583
5505
3160
5210
2882
1062
3139
425
356
857
4975
1053
882
5194
1016
694
5544
928
1298
5271
3713
4348
485
1680
1699
-1
1352
957
3139
3136
1016
628
3711
672
4992
1780
5077
3933
1819
3430
2651
2061
3139
5402
2196
2442
1475
1429
3095
1551
5362
1905
3019
5497
5107
1298
4778
4693
4252
1166
1168
4654
4567
5402
258
5275
1044
3139
5639
4493
3885
5294
4039
255
2243
1583
1677
3150
3923
2630
2196
3616
1185
2697
425
3938
3251
137
886
2292
5587
1465
1044
15
258
1738
738
652
4720
5078
1608
5524
3139
3838
1679
1862
-1
4998
2621
2853
261
4482
4836
1298
1044
2129
4998
3139
3139
4142
-1
3903
911
1297
583
2196
3003
5028
2724
2156
3039
5616
3139
2196
5402
-1
494
566
350
4348
1094
1101
3139
957
5031
1240
36
4929
2339
1044
1681
4945
1116
1744
3495
1083
195
3676
1601
-1
4792
1354
4373
1131
4966
3862
1598
5022
1240
1429
4959
57
3447
1579
1169
959
2196
743
1298
5128
3800
30
2285
695
5242
147
1184
331
3597
1206
1307
4487
540
1429
3139
3843
5362
738
3139
2240
1028
1298
888
5491
5062
195
3139
452
3139
301
3502
2891
5238
2113
2839
-1
18
3139
1448
1219
5266
704
3689
2333
1699
38
3139
630
2768
5402
3043
425
1475
3286
1583
4373
3139
425
3306
5481
1117
1800
2615
1157
5384
-1
-1
3245
5397
1300
3737
4938
2131
4832
4226
2819
-1
3139
3139
666
3095
2999
425
1546
1428
1945
5684
2328
1757
1101
3249
1031
4471
1945
1872
591
-1
3499
2196
5442
16
5461
324
4916
5466
5022
1325
1727
2164
5402
1194
3725
3485
4294
5507
3255
195
3505
2114
5156
3716
5097
1379
16
3139
482
5512
2703
4720
3139
3408
2981
922
3671
107
3139
3436
1427
1347
5133
829
2933
2583
1945
2380
2724
2825
1966
5426
285
746
5402
220
2573
3574
2196
4707
2188
2671
542
2211
3280
75
-1
212
5576
1699
3003
4039
5576
975
2615
-1
1636
3367
547
1876
1104
5627
62
716
1961
5714
1475
425
5171
-1
3139
2196
1482
3079
5433
993
785
2243
2464
916
288
4039
2724
5665
1289
1991
4007
-1
1699
3991
1454
195
2794
3139
2364
5499
5402
66
-1
4039
1313
5133
1967
937
485
365
4966
957
2196
25
993
2380
602
630
2195
2882
1681
5108
1452
2090
3139
1429
3139
1240
2904
3139
5280
1307
1168
4939
4778
2548
5402
474
3192
-1
118
4780
3241
4000
2698
1769
1071
3308
-1
834
5313
2180
53
185
1960
2750
3139
2902
1408
785
541
2890
5062
3621
2196
4713
185
2651
2374
1504
3046
3946
4856
1969
1044
4188
2655
4718
4195
3139
816
3308
3718
3296
30
1777
2257
2257
4188
474
5088
4677
1699
4966
323
5326
5409
425
3139
3139
852
4861
2899
2934
4948
1313
4713
1730
1427
1618
1675
5164
4804
2390
3308
2615
4497
2762
4391
879
2847
3483
4890
4978
3996
3900
3255
-1
1139
539
195
1699
2751
3676
-1
1798
3690
4188
3003
1330
3139
5097
5635
25
1945
5559
443
4332
594
1504
4792
2009
324
4720
2164
5633
1692
3795
2189
5587
540
5313
2243
4780
-1
1616
1238
5587
1668
654
1016
549
3139
3139
2333
3676
2632
1371
4007
3436
3192
2399
1465
2257
4137
5195
5068
4616
1680
5587
929
1429
1796
3197
4109
5062
5491
2311
5419
3308
52
3139
4975
3139
2147
4700
1843
482
4663
590
-1
5521
5587
1139
1429
1452
5695
652
1264
4615
-1
5203
1775
4287
5649
2189
1588
4332
3592
2584
5097
1598
1601
443
4784
5121
425
1323
2196
4762
1016
4158
3139
5062
5570
4040
5362
3162
3190
5419
2051
1465
18
4232
1661
1919
3139
2358
1108
2762
1429
1497
1480
972
2691
2200
2966
4768
425
1294
3136
1862
1185
3821
4713
2782
3117
2651
425
2363
3561
3933
5271
2873
2430
195
5183
1165
2851
3000
274
482
3308
5414
5587
5142
-1
4039
2097
3509
5402
5062
1913
250
666
2208
4589
92
5362
2196
4513
3139
-1
2378
3139
5419
2949
2196
630
1371
2856
2196
1692
540
1588
1168
425
2333
5176
1012
3479
4890
811
1608
3393
2285
932
2285
3015
3968
2567
4303
3296
4331
2153
1515
425
348
4985
1269
3969
2724
2196
314
3838
1468
482
5062
4106
5171
2267
3362
1897
1206
630
354
4344
4200
-1
1781
5131
3884
5576
739
227
5704
1482
1178
1653
4945
5413
4343
636
3356
1294
1533
2285
482
861
147
3139
425
5319
3800
5589
4255
787
1606
427
2454
5338
356
2196
1465
1371
3534
4763
583
3286
1206
3139
3192
2196
1482
967
4438
4631
465
4158
4388
5309
993
1298
630
1345
1168
425
5547
425
2144
2243
-1
1546
2615
1257
1427
425
-1
-1
548
4550
2619
3072
1381
3478
2240
4908
-1
4815
834
689
25
2563
2614
3139
604
4116
4158
3255
4884
2036
1588
3799
275
5491
5493
1339
1636
3003
5019
104
5463
1557
5622
3524
314
2363
494
3616
3139
3139
25
4329
3107
2562
633
165
2762
376
1430
3943
2619
5128
4827
5622
3139
4497
5726
2762
1468
5402
482
1283
787
5128
5642
1192
4226
1405
1976
1565
2399
2390
1131
1673
5101
179
3392
4126
3427
2457
1005
1307
2285
4042
5586
482
1467
4062
2630
3162
4158
3377
4815
993
5686
1248
1381
2196
5133
-1
5255
-1
5412
2169
1081
4127
2196
3016
149
5466
5517
3300
3629
1605
1429
4929
4348
1579
2887
4900
4039
425
2882
1452
2515
623
2655
1894
1044
3139
3139
1054
5384
2896
58
1798
3641
3136
3139
25
1185
3822
1405
1025
2619
2911
583
5499
3621
1836
4142
2847
1699
3139
3139
5077
4164
4329
4936
3009
5567
3773
425
3462
1945
1178
2762
4945
25
913
16
5364
5022
5250
4777
5238
195
432
1414
1433
3856
249
5077
5686
684
3072
645
2762
5171
482
5062
2196
3428
785
3676
425
5487
3139
5371
227
4924
1681
3623
5271
1313
1902
425
3139
1638
4039
3139
3624
227
3965
1269
3139
2895
2630
937
548
2390
2097
5271
558
4371
3139
1108
4497
4762
1407
5527
1788
3139
5183
541
923
4366
1480
2016
1297
4632
2619
1776
5405
4868
3876
2589
4232
4966
4763
3111
2762
-1
2762
4497
1601
1732
3260
3139
4348
2939
5744
1123
1019
-1
3139
4712
5605
4720
3681
3725
3591
227
1082
1313
4890
3966
1081
3139
594
2950
4352
2911
400
5497
3139
3496
4201
1405
1429
3139
2231
4142
425
3139
1197
147
2978
4890
4966
2122
1230
3676
-1
3595
4373
524
3617
2620
1298
3308
156
-1
1405
4966
3768
4331
3653
1847
1452
1902
4371
1405
5087
2233
772
1185
3771
4305
171
787
834
431
2189
3621
3139
3472
5733
448
-1
1373
3217
2196
2200
4000
5587
2958
3139
4144
3238
3389
2724
1583
4038
4002
1653
4495
4226
425
2196
2699
3139
127
5385
25
3003
1178
3900
4966
2825
482
1083
3349
5384
3139
1189
3415
1619
5587
1699
425
3423
1185
814
1546
5674
1429
53
4776
2702
2196
3095
1965
3139
542
3139
4406
2825
3139
5413
1681
195
-1
2153
2440
1427
4415
3139
5359
2628
1720
5152
4142
1281
3996
4786
4300
2565
3255
2200
1506
4966
4763
-1
4894
739
3139
852
4945
4597
3676
4998
-1
3039
2615
548
3626
1373
482
3994
1354
2196
4771
3283
2302
41
485
3621
630
1936
5587
5387
1217
3752
5076
4335
5727
4875
3139
1647
3139
3496
2196
4082
5364
1636
425
473
1012
1071
3139
2565
2084
695
2472
3795
1779
3734
41
3075
2285
1095
1414
314
-1
2195
4802
4998
3139
195
1101
2122
4732
-1
5139
2164
88
987
2998
3637
1185
3521
438
147
3730
1249
3506
2196
1953
5293
2435
4000
576
4468
2066
1157
1044
1006
1046
3317
4497
3820
2825
5680
482
2227
25
1054
4428
1916
3937
2232
2285
1142
2783
1706
4497
5579
4007
2196
2724
3621
1298
4497
3139
4033
1014
5049
27
4330
1405
4188
86
2196
2318
1429
4082
285
579
226
4585
1554
785
2683
425
4200
482
425
1104
1636
1429
3139
1480
3153
3057
303
3003
2122
5241
177
5402
25
2196
5419
1949
1159
1666
425
1884
-1
-1
787
5128
4331
716
246
1185
1313
1379
1661
1759
-1
20
3136
4584
1307
1178
25
223
2380
425
3139
2619
3356
4371
785
2612
2196
5123
1650
195
425
1307
3139
5003
823
1127
3653
1583
4611
11
2285
4763
4226
3445
4192
3628
53
2374
2703
-1
-1
5029
5674
4154
2762
1619
3100
25
5364
450
286
3283
4415
6
5140
5402
4188
3838
4162
4096
5733
2825
4983
4226
4896
1294
3875
2196
5518
2830
1016
5362
3485
3139
2350
2724
1583
630
5481
5741
5695
3325
2196
1307
1356
649
549
981
3180
590
1429
2734
2196
2495
-1
4040
988
4511
2619
847
695
1434
2196
2841
3450
3308
954
2762
4226
5621
2615
3107
5140
3693
2196
4141
3046
4287
2665
1185
4075
3115
5424
1527
1352
5068
1430
4411
630
4158
630
2679
2122
1275
3467
4327
4373
3362
16
3395
-1
1178
-1
1210
1184
4936
2243
5587
3139
490
787
2753
2333
4998
3019
1178
4609
3317
3974
2724
5098
3139
4912
1546
4718
1535
3545
694
3139
285
2696
4004
2196
1636
3139
5107
5133
3139
923
5022
3308
2285
3502
4884
5009
41
3316
16
3430
1307
5062
414
2846
2285
2569
5176
-1
2743
1410
1405
285
1496
1989
275
1586
127
1170
4643
3192
1160
18
3136
160
4931
484
3139
2196
2196
2200
3115
220
5439
3095
3800
5627
4596
3809
1298
2911
4998
2200
1902
2196
5271
2316
2315
3766
258
4032
-1
1465
4465
546
-1
2802
1759
-1
127
1757
-1
5049
787
4971
25
746
5062
639
1809
1636
514
1197
1122
1722
1796
5133
5402
3129
1465
1323
2285
2776
1116
5404
5571
3156
3136
5049
460
1958
5070
5696
3139
4113
3139
4280
1759
1470
1300
5233
4622
937
3988
2426
5714
2016
5530
1307
5695
2762
2575
2939
195
5558
5073
-1
2285
1556
2196
5068
1134
2376
127
4819
2986
4113
1313
1429
917
2882
223
98
4757
-1
3401
630
4162
2122
47
2762
4188
931
425
897
3517
4111
-1
3139
1219
1504
1006
2034
10
993
2527
3881
2369
1483
3139
2016
675
4825
1214
3156
4188
1921
1854
2195
2239
2825
1044
227
5431
25
1044
425
5402
4966
1685
4372
1019
3139
3830
1480
3676
4513
192
3139
1017
5049
2496
734
4832
3360
718
5087
4978
2911
2979
3139
5702
2911
5084
5642
2243
227
2619
1232
-1
5576
3650
2724
-1
16
1207
2615
1501
4438
38
1281
5254
3931
923
823
5225
719
2306
3946
448
4555
3871
5019
3688
561
1475
3887
3594
2768
1636
5351
195
-1
4492
2934
5402
-1
5433
57
5419
1095
275
5022
4287
2153
3240
5402
1203
841
3139
5736
5673
3139
5097
3037
5603
1366
1016
104
4529
2284
400
1339
443
3000
2042
2724
5402
4792
2222
1800
3369
1101
5049
3139
3367
685
5218
1016
177
594
3780
4172
5062
4718
1913
2423
4836
324
4999
5587
3402
2836
1801
5164
2196
4815
1429
2101
5405
2146
5404
4107
3485
1448
-1
4255
4060
4497
4332
5001
4331
5595
5440
4966
756
1185
3139
25
4686
4787
1930
2233
2938
2797
3139
1185
2692
1298
2200
3139
1544
5155
3595
2321
5362
3139
446
4890
1845
4497
1961
1065
4078
177
1337
5254
1044
2447
1854
4000
3308
695
630
1405
2326
775
3057
2762
4682
107
-1
1619
3291
1588
5419
4151
1149
2955
2200
3139
552
2311
3240
501
4890
5583
689
188
5674
2567
2387
3139
1862
3512
3139
5700
5313
3591
389
3139
1429
405
4332
3139
5616
5402
127
5413
1016
5049
5112
2998
3371
3846
2063
5587
1427
5028
1417
3063
3639
25
4751
2085
425
3435
642
1152
4846
1598
3139
694
4693
785
2762
5746
5392
5364
3641
2697
5107
5587
2825
2825
4771
2122
1017
3250
-1
4373
1230
4591
4452
3931
2811
4497
1800
227
5271
1205
814
831
-1
1080
3003
1427
3768
3240
1012
1500
2164
92
18
425
1405
3822
34
2345
3621
3308
4497
2167
4285
4896
2269
4708
1269
5294
4603
5587
3139
2531
2177
5198
5133
4371
5028
1313
4063
5053
1012
3552
4874
79
3139
2662
2825
5183
2630
2964
1244
1724
2830
1288
5011
3349
2122
1429
1584
4998
5412
190
1896
391
-1
1230
5671
82
1117
5062
5497
3139
1480
3139
4039
4238
5474
4177
2583
1206
1556
195
4209
4142
1313
425
2870
1480
1772
4659
16
3240
4493
5293
2390
4777
746
5384
2196
2164
3496
2491
5178
1200
703
785
3289
937
5499
4494
1307
875
2616
1196
3139
5616
1520
3026
2383
5062
5345
4981
2619
4992
1727
4392
4998
1313
3506
5035
10
-1
-1
5599
886
442
4945
2196
40
2835
3656
3067
3139
3139
4039
3291
2196
275
4569
1210
1429
2898
469
1037
4966
4620
2156
1219
4912
1583
1425
2097
5364
3139
4929
2449
3139
2195
-1
3994
1757
1843
4039
1153
323
25
630
3419
5022
923
2376
3010
5695
766
3577
2196
2196
993
2860
641
2383
1500
4611
3650
2383
41
4082
2162
2196
5062
5299
2844
5572
4331
2596
1396
2502
2838
2285
937
4669
1757
1625
324
1498
2388
4623
4497
957
-1
853
3830
5569
2085
1699
284
2841
5547
-1
25
1821
2016
2196
2196
3432
2364
1737
3139
4945
1757
1601
612
717
722
1444
1178
1521
241
980
4192
504
3324
3113
679
592
3057
3900
1429
2266
2650
2200
425
1465
639
3139
5450
3238
2195
2775
3441
2135
2592
3089
1952
5037
3184
1159
1699
9
329
4884
5094
653
425
2523
3595
2813
5198
3139
5062
2263
3582
450
5049
4158
4732
3230
3139
2724
3916
5402
1522
5235
2164
3621
5696
1046
4618
2724
540
196
2813
4825
654
5466
1681
1082
5433
3451
547
2630
1132
1307
5403
2413
5247
1429
53
5521
4982
3139
4890
3621
3139
612
1313
147
1747
812
3139
787
3641
3760
3843
3303
5292
2987
5320
1079
1811
4998
5587
2569
-1
3770
3356
4945
823
665
1639
18
1759
1405
4970
1946
3496
4259
3053
3139
2958
923
4397
5571
4718
5156
5595
602
4142
5595
5049
3139
5502
868
1242
3313
3770
3592
3139
339
2948
2410
1184
1273
2390
2605
2196
4226
5235
2647
1606
5172
448
3139
834
3268
3612
5466
2205
1304
5433
3057
951
3696
3139
3434
3799
4654
284
4966
5062
602
2122
446
1801
576
524
129
1757
1016
2762
1200
3582
2499
3388
430
642
225
5340
3317
3139
3875
1128
3616
3305
3139
2591
595
5699
3308
25
5284
787
4027
3392
3400
3139
3766
4090
4586
2285
2107
4826
4482
3115
5419
4258
5021
1681
2583
4041
1406
2628
1778
147
4255
425
425
4820
5482
2244
1101
3485
3139
1931
1583
739
4802
3139
5423
1405
810
3797
1169
3865
4802
5491
1307
5354
4446
134
1139
5707
5062
1734
1719
1520
5003
823
3139
1636
5363
2390
1429
4763
541
1683
2285
1307
2859
4452
3139
4226
1095
3139
3142
5595
2021
5133
3623
-1
53
934
5300
5666
127
1405
1228
5339
5269
3805
179
2511
2196
3139
1826
3511
258
2146
4945
4380
2649
4210
3305
443
1206
4815
5402
1183
1769
1749
1073
847
3592
4986
3439
4477
5238
5028
5402
-1
1003
3734
1307
5587
3139
1010
3139
3696
2612
3931
3115
4784
5414
1769
5648
2196
520
4689
5254
227
3240
2238
3098
852
937
2175
3919
679
5413
1942
3696
3245
2821
1123
2156
474
2543
2369
2122
2285
5408
425
4737
1313
4494
5497
2762
2909
1149
2226
3017
482
4966
1313
3139
1390
4855
4998
1230
4771
2882
489
5022
3139
4890
2195
2627
4815
3139
1902
211
3032
1665
391
1650
2838
5010
4869
3136
3768
3139
1480
4673
4890
4677
3867
2804
4463
4039
1083
1800
3156
1426
1846
3139
4763
5085
5726
16
1302
3399
4226
3920
2618
2196
4826
4762
4884
3304
4283
368
1124
3139
314
3308
5576
3768
4393
4720
2122
1337
2328
5077
1352
3046
3192
4980
4371
4945
1425
5092
3612
178
4158
5213
5062
4703
1016
2257
2195
2591
4944
-1
678
3914
1727
3317
2122
1713
5172
1800
1044
161
425
-1
5507
2757
3190
2211
1058
1355
1339
127
5254
5003
1446
2269
2629
2196
1452
3738
3642
5587
2122
3139
694
1514
1307
3240
3139
50
2572
1269
1244
2443
425
2195
3507
4655
1157
5288
3495
5176
5195
270
3621
3156
3395
4763
2406
5587
326
-1
1083
1601
3812
2016
2531
339
2196
2953
5491
4943
5640
547
3139
-1
3332
1584
2724
5426
912
1105
-1
2196
3139
1692
3139
2762
4890
5293
2376
5587
5280
469
482
3479
893
5587
2308
1244
2409
4158
785
967
2016
5653
3113
1892
1811
2269
2326
826
3039
4720
390
4784
482
4884
1429
1737
18
2830
5404
4884
1429
4373
925
4945
-1
2196
5140
425
4778
1095
104
3139
3377
3573
3039
2243
3230
1854
3750
5473
5068
804
1407
177
522
2267
2549
5586
1476
3308
425
513
4549
1840
4053
4581
4497
4007
713
4911
1588
2103
834
4225
2974
2342
5650
358
2122
254
5660
3056
5235
2327
5586
3139
2686
5457
41
1131
5022
2285
556
1742
3139
-1
5424
2196
4984
4497
1915
3139
4115
2932
2285
5691
-1
2882
2435
3107
2196
53
3139
1331
4639
3107
4039
5006
3283
425
3000
2055
1299
5200
5616
3072
5190
1213
4912
4720
2157
3160
923
2016
1016
3676
2797
1185
5402
5419
5068
2420
2390
4050
482
5518
5062
3139
1297
2645
2813
1601
5414
2574
5587
3139
3676
324
2632
5404
1195
3744
4550
1230
3142
4158
3072
2135
5313
5433
2098
781
4966
976
3696
3302
3190
2200
3261
3139
2314
2196
1618
1015
4039
5402
2456
1040
2750
255
4011
5254
25
4870
1680
5530
783
5402
1160
1821
2864
5247
1636
1160
4142
1601
356
3289
2268
3280
53
304
5009
-1
4022
177
3676
4966
5326
4039
2194
5576
3555
2583
3621
2700
3139
3658
5642
25
5545
77
1405
2321
4708
1672
-1
1625
1601
918
2243
5692
4920
2016
2276
25
5497
852
2619
3003
2762
5062
3139
3428
3485
1763
1280
719
3404
4803
5587
2240
2196
5547
2523
5049
3139
5030
425
4776
4007
2615
4602
1709
195
5612
5037
4508
3364
341
5547
1555
5609
5411
425
1213
1083
460
4373
1101
1800
1636
2333
3139
5049
1694
1730
1427
5191
4623
1798
4966
425
1429
3621
583
4700
1194
689
2783
4161
3308
5587
2196
5714
5152
630
1963
3768
836
1699
5140
1053
2762
916
4556
3675
3139
5674
1636
-1
727
937
1339
2122
2911
4039
5050
3308
2895
815
923
1230
285
1354
1480
4934
195
2314
5254
4226
1583
2876
3003
4999
147
25
4075
3008
448
1524
2269
227
2338
413
3955
2617
4497
5402
5028
882
3136
3160
2645
3139
2196
594
5156
275
66
3019
1116
3139
4498
465
2061
2269
2906
4491
2196
4437
3072
4713
5062
3380
4934
4875
4039
14
2610
195
603
4337
5471
3051
4181
3931
3072
5313
3137
1528
885
5132
2285
1651
1692
5326
2189
53
2196
3821
5133
2548
3722
5384
1852
-1
3506
1452
4158
3313
1168
5644
2155
2825
286
2200
1888
3965
5671
2904
4497
632
5210
1636
628
5450
3015
4497
196
1044
1466
4650
5664
620
827
441
425
1809
654
837
5367
1161
5513
275
-1
630
796
1139
1273
704
4343
482
254
2430
1601
41
1429
3136
5235
5695
2009
2449
3308
16
4298
2189
4555
5405
3611
4776
2958
5068
4125
3107
4141
1095
1307
1044
3139
1965
2697
589
1307
5013
5438
2196
2195
3257
916
5310
1018
5648
-1
1851
4158
3736
823
5025
1601
3041
4488
3240
4078
2953
3615
2168
4723
3822
301
-1
3139
2156
2376
548
2751
-1
195
3950
3711
725
5203
3887
244
2122
1282
2958
2122
3308
1081
1429
5587
16
5587
4896
2406
3438
2660
25
5671
5518
5616
25
3838
2196
2489
3308
3139
5265
1722
3340
4854
4966
5642
2311
3833
3139
-1
-1
3976
1650
5101
3139
722
5639
1017
1598
219
24
1756
2934
3139
2569
2311
1022
3335
3641
1619
1405
3308
5712
1210
3456
2971
1465
3057
4896
227
165
3685
3017
1044
3139
36
1044
2055
1313
3028
5061
1427
425
1699
2603
606
227
5434
2196
1073
3837
5544
4158
4763
3817
3342
2825
1044
5653
3308
1452
5616
847
5155
1080
3151
3057
4188
4670
2376
937
2755
4298
3317
2875
2133
2196
220
3139
5402
695
1681
3139
4226
1588
3139
5402
4844
5587
4675
-1
1526
1598
2571
5402
5679
3277
3139
3676
53
5037
4787
61
2196
2406
1854
4878
3676
3621
630
2974
4792
681
1204
3732
166
38
1584
-1
1407
2333
1157
1084
1050
1269
3219
2652
2196
5402
1938
5049
5674
5674
2884
3800
3139
1588
1584
2196
1044
834
3308
4371
144
991
2612
787
1356
3957
3963
3529
1122
5402
1264
4236
1586
2882
1313
3682
-1
450
5028
4371
425
853
4910
4959
2367
4902
1269
2976
3868
1496
242
4007
1588
5595
1931
1143
5250
5062
3634
127
3308
3139
4169
3996
4158
937
3401
5419
284
70
66
4992
2714
2567
1737
3139
4755
4802
427
419
3527
400
875
1916
514
3139
1288
3308
1601
4847
4998
3725
5287
3392
2615
2196
3048
2462
2999
886
1448
1722
3592
-1
1595
4255
1456
1627
1744
469
5587
3880
5402
484
3653
3139
5410
657
25
4305
4228
1262
2567
5499
4125
2998
5442
5375
2231
1849
3427
2328
7
2640
1702
3711
482
1185
2937
2517
3934
2230
3003
405
5275
614
3331
1348
4069
594
2561
1830
1586
5738
-1
1601
3139
4226
1239
5547
5712
967
2240
1601
53
2966
2055
4966
3933
4039
4373
3139
5076
670
4298
5726
2196
5356
746
4677
3621
2200
584
92
2413
2666
3875
1777
3800
2200
5733
4713
5254
1262
1354
3358
1131
1320
5640
5164
482
1199
2196
215
1237
3308
594
2196
5077
4171
-1
5689
5183
3408
3210
391
4330
2160
2196
2974
5426
2098
62
937
4396
4075
1407
4559
4494
4757
2697
1840
3820
773
1161
1854
3139
5671
450
4835
1429
4062
2196
1584
785
3139
4188
425
5643
1362
4998
5473
2465
4998
5062
5238
5686
4039
5072
812
3875
4330
3139
3139
630
25
3115
207
2882
227
1307
4325
1157
3396
2196
3771
908
4960
5049
3621
3308
2780
1664
1044
5171
2187
4884
5364
3317
278
3759
5380
2529
4068
3528
4611
2825
4041
5292
2958
2619
2589
1123
2813
288
2383
1829
2383
1381
5416
5370
195
4435
2491
5402
993
41
4805
5333
4998
3887
5402
4853
3485
4787
3746
-1
4054
766
4588
1914
4884
255
-1
3838
5326
207
371
4297
4255
515
1184
2612
5402
3139
2615
5152
5587
3400
2189
1793
3139
223
4255
1873
2911
4720
5313
1430
428
1016
2328
881
1230
4570
1095
5726
3875
740
1465
2731
1124
1429
890
425
2195
5547
5614
2196
923
4741
4444
1157
3139
1210
286
4232
3514
5699
2992
4966
3240
2390
1143
645
4158
2691
5412
3201
1101
1298
-1
726
4771
2724
5489
3086
3838
195
1619
41
3399
1623
5133
5138
2572
1795
1331
793
484
2619
77
92
1429
5411
2579
4258
227
3139
3218
1058
1249
3880
4082
1904
4136
3156
2045
2573
3139
3848
1601
3139
5587
3139
4482
4627
25
2200
5742
1159
3000
1242
2210
938
1925
25
1298
482
695
5497
389
494
3864
1006
1405
5171
1119
1902
886
3621
5378
254
5049
53
275
1200
5062
5587
896
5545
3536
107
540
1811
5587
3139
3878
1588
5497
3139
2612
4529
2099
1480
3905
2115
227
3139
355
2200
3592
2830
4158
1854
4142
722
2200
695
2083
229
5049
4764
3820
5732
4720
5062
5232
4281
25
2196
3289
552
3139
943
4708
1173
1675
382
3219
2882
5433
1015
1298
3046
5587
4158
2113
3139
25
1881
1213
3174
4272
2196
1958
5235
5313
1298
5521
3308
2122
3240
1230
1737
146
3139
1056
5402
5538
57
5325
2196
2986
4890
425
583
4452
1313
18
5109
1307
3052
427
5726
1016
-1
4773
5235
1800
2122
3141
2101
41
5402
1016
4155
3074
3139
2619
5576
3901
4936
349
5544
4134
5254
4522
540
5425
2167
5062
751
2122
2122
5032
576
2196
4249
4689
1313
1051
3066
1619
4555
287
39
1444
5351
1638
1583
-1
3955
3046
273
854
2409
957
1264
5551
3072
4482
3856
4524
2314
586
4707
590
1147
2818
2243
5062
1029
4188
1961
5402
1405
694
5402
25
5022
5109
1019
1240
5062
2195
2374
2196
2196
5022
192
2561
2724
1079
4763
5271
890
5674
2200
2260
3621
25
3820
4038
1991
3139
3095
2189
3401
1884
2196
2195
2797
3139
5495
5049
324
1167
2085
2122
2741
785
4188
5198
147
1152
5551
4559
4095
1420
1945
4481
1475
1465
3054
4530
16
5149
5152
2196
2196
5402
1681
1168
3139
5284
595
2164
3046
1867
3199
5587
4598
2364
5062
4342
177
5549
3771
3139
2200
750
2567
2122
2420
3387
2004
319
4944
376
3139
3580
5172
2741
391
1429
4360
4998
4004
5609
4142
5551
993
3317
1504
3139
2285
1861
5385
4998
1507
481
4713
4032
5133
5402
3139
285
4837
3057
2817
5491
5333
2245
4884
482
1490
4000
2196
1902
999
3542
3499
4005
1210
787
4243
613
3783
3437
2114
482
1405
5133
2153
4226
5155
3924
-1
5052
1718
2285
4958
3139
1286
604
3651
1636
4358
1273
4890
5049
3496
4707
3037
3139
1407
1573
5396
1940
2489
2475
5448
2813
4877
3917
623
2306
2084
2196
3139
3222
3308
2233
425
1744
3139
2838
5326
2196
2951
4209
5521
1178
147
5123
1145
2196
5629
4153
1213
5431
5700
4649
4492
127
3341
5310
3139
4528
4280
1636
2196
2402
3139
4039
1638
1896
5419
4513
5241
4896
5561
4538
2365
1830
5472
1297
3139
3887
1298
195
425
3528
1429
2196
2615
5327
3137
2333
2196
127
4945
2380
1397
5463
4226
4945
514
993
5702
2016
5425
3139
166
2631
3926
24
4966
4847
3296
4107
5746
5197
3878
3291
4966
152
3139
5412
1483
2164
689
323
1638
4200
3139
3139
784
3768
1601
1480
526
425
5008
2343
2548
2731
25
4818
1017
3602
4778
287
2911
739
5254
4333
3822
1475
195
-1
77
5021
780
3121
2974
5644
2892
2285
1432
2196
25
1452
2838
5742
2326
5402
4390
2189
419
-1
3676
3139
5587
2245
482
2342
3139
1298
1185
3342
4142
1185
5310
1480
227
2449
1588
2888
1379
2966
1017
848
1335
3600
4181
3442
2449
1601
2767
3534
1017
4181
2196
2195
716
25
2762
1407
2531
4125
25
1159
5402
4373
5477
1277
5096
3710
1016
2503
817
4945
3763
1480
1628
3139
147
1337
2697
1681
2196
3996
4005
3367
493
502
5132
4383
4903
3139
1751
1307
4838
5056
4787
482
5254
5333
3830
4158
4188
4231
4276
482
4700
188
3349
4822
3139
4158
3139
1103
1408
3616
922
1339
294
25
882
378
3560
3369
3792
540
583
2309
4039
1719
5671
1601
391
243
1339
5627
5346
540
787
1307
787
3139
3800
3003
4438
2350
51
4617
1522
348
1095
5512
2762
1468
4943
1699
92
3838
2320
3503
4945
4226
3456
4014
2919
3393
5402
1292
5547
2146
3485
2196
2156
827
1727
565
1675
2189
1309
1380
1294
1930
25
3084
1152
-1
482
672
5453
2724
1636
2016
2762
1931
4270
2804
1361
2135
482
2934
2697
2814
5402
491
2285
785
5485
5402
3139
1157
2867
3107
733
2911
1586
425
1699
2762
1086
5021
195
3139
2196
425
1480
4884
2858
4780
2942
227
5472
4348
2762
884
4270
16
448
1939
542
41
3308
3621
1863
4720
1535
5479
3139
4915
1798
5524
4188
2714
4655
5744
4348
733
1313
3875
5671
1616
2148
1313
457
2856
195
2344
2196
1284
1699
2246
2665
474
2619
923
2828
1230
5411
2243
126
41
2021
62
5313
1298
3207
1269
243
443
25
266
3621
3362
4000
288
3451
3393
3162
4358
2375
2196
4127
5195
1897
2196
5587
2016
5501
254
3139
5080
2762
3138
1601
2510
642
128
4844
2137
4342
5133
5195
3227
5172
425
3003
524
5221
5587
5558
18
3682
5674
728
787
5683
590
2227
2951
5336
3996
61
1722
4417
5191
2196
1320
3573
2825
3581
2838
5402
1042
3169
4301
99
1100
3838
2312
5402
2082
3139
1601
1608
5587
5402
3139
5254
1588
3029
3296
637
2748
3621
2196
3966
1639
25
5433
1800
5685
2619
1167
2084
4183
4998
1465
5491
5317
3139
3139
4884
3139
3995
3139
2882
785
5238
5466
3139
1465
-1
2473
2376
5271
1068
2196
5049
5463
425
171
630
5200
1307
3073
25
740
5313
540
5402
3240
1746
3139
5402
196
1384
3606
3395
4768
4308
4993
2057
1183
1346
2849
2313
5402
425
5466
4438
5068
1945
3139
1793
3023
2839
3308
4707
4296
5162
1650
2801
137
3181
2544
449
1504
1082
425
3139
1776
157
285
3139
1044
5267
1796
3240
1423
2195
5049
2964
2615
5133
3056
5205
787
4158
4458
3730
256
4534
1016
1101
1859
1429
303
2285
1056
1320
3308
3003
3095
3139
2729
1222
5466
3139
3107
3139
2453
1147
4040
2880
4496
3000
2164
2673
3139
-1
4327
2476
3003
-1
5576
5062
5230
3676
1101
4330
3646
5433
5194
2882
4126
1016
3676
5085
3308
-1
5172
1480
583
3139
4659
2008
3830
3139
1526
1684
1498
2825
2196
5167
1300
227
427
195
3547
738
4520
2645
1472
275
1307
5476
1872
3139
1073
485
4875
1830
1157
4281
3139
5603
632
2154
3219
425
4720
2615
227
1283
2701
5062
1583
3139
3139
425
5280
1282
3072
1429
1095
3184
4497
5530
5162
4713
1380
1307
216
115
1168
1429
4744
785
5235
3852
3889
3682
4445
2911
1681
4332
2548
3641
3139
275
324
2998
2084
1429
2993
5160
348
3189
4108
5062
425
1404
5165
3139
663
600
3139
556
521
2440
3954
2463
3604
-1
425
2443
3139
3771
2023
5402
4945
338
3139
4877
5402
1307
1809
1405
4887
4060
5362
4779
25
4815
5027
241
1269
5402
1504
3463
4827
4226
2015
3168
1044
4720
3920
1598
2435
258
1116
645
1608
4438
1371
1313
4438
2863
5196
5011
304
1814
247
3139
3799
1178
-1
411
1787
2311
5623
2390
4497
632
1427
957
2825
2196
3139
-1
2189
3610
37
1304
2196
1166
4438
5508
2666
4226
1914
3931
-1
4195
3240
1529
2762
2016
1313
1404
1313
425
645
3992
1393
4297
4970
2926
425
3139
5097
3465
4280
806
482
440
5336
4039
4825
5668
5402
1606
3808
1896
2200
2301
1905
5049
1073
5402
3621
1945
1149
5497
276
542
5586
4780
1636
3679
4615
2659
1168
4142
3139
4107
4032
1568
5473
594
5133
4053
5062
3520
3072
5442
5384
2622
2164
1248
628
3308
864
1945
3139
5419
3449
482
3855
835
4746
663
5355
547
23
1185
3623
3139
1298
4766
2316
2647
5695
595
4791
188
5660
3308
5587
4329
3595
5006
2122
104
1221
4158
1650
482
-1
5133
482
722
1095
2409
25
2912
5218
922
4277
1381
3191
1574
41
254
3159
4188
2771
2911
5289
2196
3996
911
2244
746
540
3966
281
3139
3814
3003
556
5062
4481
3965
2691
5405
2196
1766
4200
3269
993
5413
2951
102
2691
4415
2798
4801
5174
5384
3573
916
5028
-1
3869
-1
1044
4822
177
630
3308
3219
2864
-1
4890
2196
275
2548
1323
304
-1
1339
3046
5062
4868
1313
3139
1798
1427
3838
1858
4891
2989
1598
1945
3284
1953
4700
2389
3768
4966
1770
4845
177
183
2196
1123
1154
5362
4267
4142
4972
1635
2285
5505
5162
1185
882
787
5744
789
-1
583
2762
4226
1071
620
3676
5050
2762
1860
1300
1178
5232
5587
669
482
2516
207
4313
3139
4154
3139
5370
3904
2837
425
4375
3485
2122
3349
4559
1722
-1
3028
1184
4287
5623
5269
1269
1552
156
631
1512
4884
1185
4420
5271
2196
275
4943
3139
3054
583
5671
1178
608
1429
1395
4371
348
-1
1230
3139
470
25
2762
3692
3838
2998
3139
2557
4998
891
2196
3930
-1
485
2619
661
1775
1816
36
2
2196
3497
5111
4708
2882
641
2763
2762
1440
923
956
5671
1298
3964
1330
3439
1866
2068
3308
3113
4651
1185
1452
1829
92
4371
5287
1568
3529
621
242
5109
2026
1074
3591
2890
2200
423
5081
1594
312
3931
4851
2196
3053
3418
3980
44
1876
695
1944
5550
3113
5062
3139
2626
2269
4588
3687
1945
1157
3139
1345
3136
1583
3113
3507
4570
1501
25
937
5433
5247
-1
4945
5502
5062
689
1418
3317
25
3432
255
5566
674
-1
425
2630
4471
3019
4181
5419
206
2673
2943
3134
1495
25
1822
1459
1452
1073
4132
2579
4945
2996
10
2168
25
2122
3933
3139
3591
923
5497
3711
1362
2697
4466
2200
-1
2196
918
2489
-1
2274
1929
561
394
2195
4713
3621
5497
3904
3461
2205
4772
5177
166
-1
785
1140
5556
3139
425
1157
4330
648
5313
2300
3139
1298
413
3289
2762
4994
2196
4612
2269
195
1958
4792
-1
1480
3136
590
5009
5062
1185
5711
4945
5092
3355
630
3401
3387
2762
590
4792
2333
1689
3595
4936
5738
2744
3139
3875
5673
1601
3139
5235
3676
2462
1407
5036
73
2306
1601
4855
628
5744
766
3532
5475
5155
2383
5714
1175
4373
1168
1830
1786
1222
968
4432
1145
3365
4065
4890
1601
1307
3242
5312
2191
2714
5037
719
812
937
2971
4949
1249
3177
5402
5132
5587
2016
5133
5587
1223
-1
1936
1922
2619
3139
5162
590
2189
4276
1598
425
1601
3450
916
-1
2697
4992
747
1744
5558
5402
2724
5497
5009
3139
3139
1149
2876
4771
967
4315
2027
2670
5731
5632
4722
540
3994
2825
2393
3386
2762
5130
806
4340
165
4494
425
-1
3139
5097
258
1016
5304
630
482
614
1354
5361
-1
2762
1073
3308
1310
4716
2986
16
3139
3147
-1
324
1965
227
594
1711
2196
5566
2615
5587
2724
1931
1073
2065
1549
3500
3312
1922
3040
4482
5671
2061
2196
3139
2196
4771
5062
4200
548
5239
2977
16
2378
5068
2811
404
1584
3139
25
68
2210
3802
827
3439
350
2075
676
5493
1273
2196
3917
3676
709
777
4753
-1
5402
3838
1465
4323
1742
3429
1239
1001
4282
1350
1780
1298
4086
425
1853
1067
3139
4641
4549
3569
1239
1795
1255
5108
5402
1019
2383
2196
3766
2489
3007
4158
-1
3507
1269
612
1468
2376
4226
1898
1945
25
2694
1756
3676
5255
2285
3600
4513
92
425
304
3363
2943
5256
4725
1931
425
442
2825
746
2241
2285
4993
4226
62
5288
5046
5049
1405
62
3615
1583
950
2513
3139
1429
4564
1794
5086
810
5062
1207
5587
713
-1
3676
2364
1335
2055
4945
687
-1
3932
2163
1680
2619
293
3308
5200
2390
2028
3537
3875
1307
4658
-1
1405
3931
258
935
3768
2174
4844
2296
4567
5587
3139
3003
565
1083
2214
532
38
4576
425
2189
3502
187
-1
2196
4000
1405
131
4158
719
2677
4648
4978
4912
5133
554
5077
1752
220
3976
859
4792
2198
937
2662
1601
2153
227
4332
4718
1298
3790
4298
5293
114
3139
1719
1307
41
2989
2196
3126
3141
4992
5162
2383
2285
2473
3399
5606
2603
5402
3072
5254
5049
5402
4763
2923
548
399
1480
25
3869
2196
127
-1
3044
5518
4920
556
4720
258
178
5702
425
2824
2750
3139
835
2762
2764
2500
5271
-1
5281
1149
4806
2603
1313
3139
293
4829
2540
1869
2114
4433
2196
2196
5011
4784
2882
3623
602
3084
400
3535
2200
4071
4884
1405
833
3838
2671
3924
3830
425
498
540
4833
2196
5664
1601
4134
3862
1639
432
2566
3278
2269
834
5568
1727
1016
610
3273
1044
5598
71
-1
5062
2539
1425
2189
1996
689
4039
4689
147
2243
5547
3308
2196
2196
5117
4534
4447
1681
4127
482
357
-1
2200
3238
428
2476
4054
2370
2847
123
2382
4256
834
3875
5505
4007
482
1601
4315
590
3191
2257
3650
1082
4235
2196
425
3139
3480
147
2196
5497
4977
1313
1584
4945
2614
3139
5431
2576
3400
4158
2724
1405
425
170
1619
3365
5062
4222
2364
3841
2285
4673
4158
3241
-1
1555
4841
541
1810
3651
4039
-1
-1
3615
1496
3545
4349
4359
4080
4039
4763
2326
3046
722
5150
670
1185
1297
4890
1790
4945
2200
3139
1896
4225
719
4646
25
5299
4158
3918
2869
425
3581
4482
1160
3591
5402
-1
3264
5133
2454
2285
5062
4890
1757
1210
2807
4616
2189
932
3592
311
3440
934
2435
5471
663
2062
5087
4986
95
1598
1712
5336
25
1269
681
5191
4966
4039
440
425
2465
5454
3139
4718
1093
1913
5238
2016
5133
5114
227
1405
740
1790
2450
1157
4899
2962
5571
2762
381
4196
2619
1019
949
1044
1777
1003
1230
3139
4995
541
4890
3749
4956
482
5587
2612
3188
3086
4741
1307
5015
3240
5247
2164
3139
3686
3139
1313
3479
4093
2350
5292
4806
1269
1362
2196
4062
5335
2196
2535
3225
951
3312
258
1323
3621
2266
947
4720
3072
1429
594
3875
3062
2328
882
61
727
4635
1885
5744
3997
5731
5491
227
500
4378
271
2435
3312
4287
3363
400
2195
4772
540
5586
3466
2196
2517
425
1320
4039
4836
1183
746
5233
583
2412
314
167
1821
5558
3427
2943
5671
3308
1580
1307
3139
3640
2273
4212
3689
2867
1680
2589
3139
4654
1601
545
3139
2196
2953
3192
2615
5322
2294
303
3139
242
521
3786
5544
3570
2882
1298
2113
1731
3115
3139
1068
865
5254
2615
3298
177
4371
5499
957
5041
4424
1800
4441
1765
2200
59
425
5587
1601
3421
2164
2195
4993
923
1919
594
1618
1830
2269
1777
1339
637
4851
2390
1155
1297
3139
2814
3139
5254
147
2196
1598
3139
3139
541
3676
3240
3510
4598
1054
-1
4144
3749
16
3139
3171
5235
2662
5491
1184
1095
4480
823
311
4799
1475
5402
5587
4975
2691
2122
-1
5587
1465
5705
2649
425
882
5243
2515
3346
1620
1803
769
2146
3072
4713
1811
4035
4226
1776
5133
1896
1103
220
4720
3139
3920
1914
5505
179
4255
4890
3139
975
4248
486
1793
2989
4763
1776
258
16
1636
3139
1313
4829
4900
3040
2673
25
4699
5077
2582
-1
540
1660
3984
4276
1313
3920
396
572
261
1119
348
2334
304
486
3498
2195
304
5402
2196
2181
1608
3139
1945
702
804
3237
2016
4564
3852
2286
2195
4226
2863
3057
4890
5235
2168
2936
485
3139
3362
1899
542
775
3005
157
329
2196
412
5293
3706
889
5518
1583
3800
4019
1530
2761
3777
5062
1616
2873
3194
5733
4718
4739
92
1647
3139
4884
2724
2828
128
1998
1452
4875
1794
4884
5497
3528
3349
3428
4966
3621
43
1210
3725
4238
3553
5471
5497
1549
3822
830
2455
1206
1429
1041
3240
176
5671
1429
5053
556
4890
4023
5253
4506
1757
4158
599
542
2881
3139
1313
1504
5292
36
36
1727
541
2726
1452
3696
4054
3054
446
3139
5013
249
223
400
4226
4689
3917
1429
1278
41
1178
5087
5384
1583
3989
637
5497
1804
2122
2830
1546
4945
4039
2903
1307
3283
961
2285
2825
254
1239
2838
1116
1475
4602
2675
991
3863
1845
594
2882
3621
4682
1298
1897
2825
1468
2011
3140
4479
4521
1362
3512
2135
5613
1905
4836
1601
425
4599
3028
739
2553
-1
2285
1731
5497
3946
304
2196
1706
-1
3139
5062
227
2196
2148
2022
4039
5111
1653
3875
3198
5140
1168
16
2390
2593
1168
4287
3139
5200
2060
3484
2174
2469
630
3139
4363
4293
391
3676
2243
3696
2122
3326
5062
485
3139
2461
1016
5419
1269
540
1627
5472
1111
3209
4549
482
1601
4654
2724
1044
2196
1463
1361
5547
3000
1809
174
2719
1935
2013
1213
1168
482
853
425
5729
2675
541
5132
2304
425
3139
3761
353
2691
1450
2196
2196
2399
540
3051
2867
1678
1405
1016
2660
229
5093
1044
3139
4720
3092
3735
3055
2243
25
5254
3139
677
526
227
4792
3814
5476
1759
1727
1823
1504
304
808
993
2619
25
3165
352
4825
195
1482
56
1504
2196
4758
1215
2946
2244
4438
823
339
1198
1763
1017
2980
1101
1671
5671
2863
2102
2160
4956
4478
1601
1879
1491
5104
2543
2999
2220
1699
2285
2615
2189
2196
3139
3095
1665
3003
2789
1650
3066
2861
5235
276
1919
1931
1313
1583
5546
36
3139
3139
425
963
1230
5049
1778
5695
630
3676
1116
852
3265
2194
209
3240
-1
5267
4222
4771
4654
3676
4718
4196
2462
396
1588
4975
4142
1323
233
2016
243
1277
883
5402
1230
2196
1206
4999
1479
3139
3878
1681
350
3275
4444
195
3696
3139
1504
3139
2285
2762
2153
1480
4231
3784
2796
4763
4582
2953
3910
3422
127
3139
5191
4945
2354
145
279
1230
787
745
3139
1491
881
2383
3139
2196
4373
4039
4406
4205
5031
2762
1307
5062
138
1434
901
3139
2838
2867
25
2196
3736
3386
785
1462
5133
2372
1429
5601
1269
5238
2923
2170
1054
5587
540
3015
5432
3862
2122
1777
1636
805
3676
4742
214
2586
-1
1469
1692
746
5165
2200
5402
2269
288
41
4238
25
-1
1640
3496
743
2867
4644
495
2825
4616
3139
2863
2867
4240
3308
2196
666
25
961
1313
2126
3741
3580
1699
100
1313
2285
1743
1777
2474
177
1307
3107
1157
5597
5402
1053
1460
3619
1452
1429
3139
18
3836
482
1891
2233
4142
547
4666
1823
4852
1649
5518
812
1777
1336
-1
3308
5215
1821
3871
1830
1446
5647
3730
4371
4111
4226
4890
4315
5637
2376
596
3139
5402
4665
1244
5475
1405
25
460
3003
2689
5154
5733
37
5695
3139
4654
418
-1
1556
99
1395
4039
1428
1315
3139
2712
3139
3139
3139
4129
3697
3139
425
2016
3139
2961
3057
2911
918
1044
1054
1429
3040
5050
1012
2016
4890
374
2707
2285
1298
1941
3862
2153
475
1298
4998
1588
3139
3991
3139
3463
4158
1122
1692
1230
4222
3950
5062
3569
1504
1671
469
5370
5033
1653
5164
5695
5475
5638
2821
2400
1482
1157
5271
5254
-1
4564
1452
1241
2122
2279
972
719
2245
1307
1073
3577
1116
53
3863
5414
5229
425
623
5676
1568
810
594
2196
4371
1624
5685
2838
1579
3485
3450
3139
541
5576
1405
-1
5402
3139
2196
4373
1465
4986
2238
5142
3621
1681
2285
2619
117
4347
3621
465
2817
2762
2266
3800
1313
138
4048
3959
25
857
1407
4808
2526
1727
3237
792
4900
1019
2940
2147
5522
2843
3707
425
5521
1616
1482
5156
482
1892
2285
3377
2698
5271
2099
1429
3676
3392
4497
1731
993
1722
3139
4945
3139
4484
3623
1076
1297
4823
3261
3139
1506
432
586
746
1549
1405
5232
5304
1568
1307
1429
1601
4718
1269
53
3139
4088
4040
2196
5731
2462
2619
-1
1132
695
5618
4513
5621
1638
636
1759
4446
5576
16
5062
2008
5566
4689
2196
3003
5271
4497
1848
3139
280
1012
1657
4763
4815
827
5699
917
3308
5089
5402
957
3139
5313
1206
876
1598
1155
4181
4489
2998
2333
5733
1410
3284
1185
2204
288
1601
1601
5362
241
1470
25
304
3139
3651
2083
3360
2360
5402
4298
785
1704
4158
785
4040
3491
3139
2350
823
3702
5712
2350
3139
594
3495
1016
5209
4944
3098
1597
4615
1215
3875
2146
1222
261
1038
304
2813
25
5587
4928
4774
5466
4836
5050
2880
1452
4408
4877
635
4534
1017
1273
3066
719
1319
5029
2605
1722
983
4705
3875
2021
-1
632
3139
4200
1168
425
2183
1298
3869
1350
548
2164
25
3028
2200
3461
3980
-1
1193
4945
51
25
307
4227
5028
425
3676
3651
3004
2619
5497
1320
1465
57
1095
5062
1307
1823
1168
1307
1183
3838
183
3139
4373
4618
4497
630
1775
144
478
3470
227
3308
4688
4590
5387
3800
1583
2783
3914
3297
5122
5109
605
3621
615
957
276
5378
4654
24
4939
923
1313
2619
4890
2227
4276
3486
3904
5671
993
3308
41
5094
3431
3240
2378
2285
5544
1405
718
1163
2304
2492
3139
2503
1825
4048
4484
4177
3139
177
2864
1891
5402
4718
3256
1429
441
270
1160
447
2825
1616
3617
5714
516
4036
3139
3139
4945
3513
1601
1902
3240
1452
5042
1983
2830
4438
1260
2146
2724
36
1339
1480
-1
3479
2084
4978
1465
4238
3970
3744
2332
443
2569
5362
4000
3139
2200
3190
3139
1423
146
4039
5419
3822
785
56
3139
1699
1650
2269
4975
4763
2989
3504
1228
1148
233
304
1429
3863
5340
4645
3996
3550
1722
2285
2196
3974
1983
876
1016
2333
1333
4130
25
5370
382
1405
1194
1211
1583
3982
5313
3317
494
425
944
1829
4680
444
3512
1601
3862
2196
2719
2828
3238
827
3936
425
4890
5213
2446
3
3880
2196
5100
4784
84
395
2430
5695
623
3139
2998
5148
5709
5062
2146
1429
3139
2200
5101
785
3209
3139
303
2924
3695
3139
3139
5587
5695
878
4763
524
4127
5183
5107
5733
1897
5743
1814
1095
5247
5122
2290
1791
5184
3003
747
1313
2949
1619
2882
1545
4258
4954
4986
3139
25
4439
524
2383
3000
4792
199
1658
4331
3615
5162
5213
3817
4771
1307
2762
3800
5220
1168
3015
3137
3903
5062
1003
4184
147
526
5279
3378
1988
1488
3607
1656
474
594
5528
5402
3139
482
485
1601
823
4829
2911
2196
425
850
2164
1286
1596
4598
3139
425
5587
4265
2443
4718
482
3861
147
561
5402
1958
4912
3105
1785
2809
1307
4992
165
3378
2084
284
3800
1579
912
3139
1194
1697
5362
3290
1016
5598
3139
3139
326
3875
147
810
4998
2911
1339
404
4949
2390
2225
2285
794
3676
801
1460
18
2326
425
3621
1139
650
1280
3676
1636
5419
4188
1897
2698
3676
5216
-1
2882
1390
255
189
4014
1757
1214
2345
4651
4654
583
861
5239
8
1757
5213
3495
1681
3139
3621
1583
95
4635
1619
547
3139
1848
4039
1717
3801
1771
5587
25
4400
3317
425
2067
-1
104
4291
5271
2066
5022
3028
3499
5576
886
680
5049
1339
5364
2870
5062
5690
-1
4472
5402
4053
3768
258
2189
2200
3840
5121
5402
5583
4966
1119
99
1902
2710
3317
5670
3139
3496
378
878
2066
4227
-1
1549
659
648
4406
2196
1429
1902
3274
1283
-1
2911
2142
3216
1016
3618
3556
4484
2702
2333
5345
1298
391
2122
2164
2189
2976
2399
4196
4393
5152
5093
252
2636
2292
1354
2854
1269
-1
975
4945
1298
5475
2958
425
5331
632
3485
1123
1377
3623
3308
5547
2376
2420
258
5183
1821
297
4226
2196
4438
2285
3240
2724
425
3589
2282
3139
5390
1473
5362
4266
748
-1
1085
3308
810
1478
4467
4890
3059
197
138
5062
3833
4497
4771
3139
4392
3902
1909
5155
4561
2630
1503
1013
2882
-1
1931
3139
5714
1699
1681
1601
1157
1762
2174
2882
5204
3139
1902
2285
4718
3676
1897
5340
3591
1038
853
2196
2100
425
1183
937
2286
5671
428
3676
1178
1185
5402
4412
3003
5165
1636
2762
4890
2762
275
5050
1210
612
4555
1276
342
127
3066
533
2449
938
782
539
3139
5315
3485
5621
1452
3799
1757
787
5402
2196
3649
2059
4733
5402
4226
1429
3982
2619
177
3682
3580
1890
1083
1722
3139
5700
565
3139
2635
2882
1583
2733
3139
4987
3763
4763
439
1605
1902
548
4650
5402
16
630
1501
1566
3705
1885
1759
3997
3623
450
16
3242
5062
3506
4082
2574
5160
2884
483
2414
1298
5236
3771
5633
4014
2669
1238
4188
1313
3630
5671
5062
66
3904
2333
268
602
3139
2972
1076
4564
425
1163
2989
4123
223
3139
2754
416
3139
887
25
1115
4720
957
4740
4226
2060
4099
4998
1046
1588
4371
3308
4572
2420
4464
25
3596
4836
268
52
2430
4693
4634
1847
2500
4763
-1
3160
5271
5499
934
5077
4226
2148
5547
3695
4283
4537
3139
1480
3813
2462
1220
5740
4945
1582
4235
1178
2200
154
5304
3315
5419
630
5074
2762
4777
4381
2243
374
425
4815
1132
425
5412
1452
5085
4224
967
3016
2011
3748
4311
425
3222
3139
5712
4158
5133
5667
540
3139
609
2551
1452
794
1353
3160
4884
3228
5388
2160
1939
1405
5593
25
4763
3878
1589
5402
227
5218
2864
5033
3955
2825
3139
1681
5426
4303
2189
3003
785
2055
482
1338
5712
907
5661
4886
1722
2190
568
2195
1583
1362
5258
4092
4162
4904
1307
3654
377
4384
3838
425
4453
3308
1178
57
3684
4720
4104
5313
4097
1075
1888
3066
1339
3015
2122
3139
2724
1410
4906
5402
4587
1405
2390
4928
1830
3401
3139
1044
595
2319
1504
5213
4778
107
5368
3635
5534
1567
4888
4111
971
2285
4965
3308
1760
634
1056
5162
1297
5062
3139
2762
3697
1429
4713
4890
4896
2576
940
2164
3623
1116
4022
4966
5351
2125
1429
452
3595
227
5616
220
5630
5402
425
1573
195
1498
1777
1044
1210
4720
16
5587
4584
3003
975
1798
2860
985
2470
304
3060
1809
2160
3392
3110
1616
2892
615
1149
5714
61
2615
1167
4915
1594
2691
1564
5200
975
4733
4070
248
2161
5402
2986
5153
5370
630
3238
1016
4165
3581
2426
4701
4400
558
349
2584
425
2949
5049
2566
5497
1606
3238
4761
2829
1945
923
5683
77
189
242
4826
1019
5297
1935
1230
876
774
4945
645
1793
425
2911
5293
5565
4945
195
2462
4945
3838
1405
2336
4944
25
2122
4513
5164
3738
1452
263
1835
4373
2335
1601
5681
5307
425
25
2762
4752
882
3252
2016
227
3139
1452
3139
5062
4497
-1
685
2468
3904
3215
147
195
1800
552
4237
2233
2467
4763
4594
2548
1354
1463
348
2196
482
4032
4397
5062
1430
3139
5362
5402
5576
539
1298
889
5635
3139
556
2568
787
1230
1897
4494
5049
3139
747
2285
5587
41
3061
425
5297
3003
2737
2009
3676
1429
3530
158
1825
5549
4904
1798
4732
4158
2146
1465
1155
3676
2714
1795
93
448
41
2200
5062
2516
1101
2196
4196
1692
2819
4226
4153
2572
5085
1311
2891
2670
844
3139
923
1465
5086
3447
5285
3458
3308
275
5571
2014
1157
3139
369
1583
5140
4326
2390
3158
1884
2548
1307
3994
3939
586
2122
25
3996
583
3139
4742
5714
5082
695
2619
3069
4997
2370
4884
1307
3732
3003
5059
4884
901
5410
-1
5402
4871
227
3139
1482
2383
5402
5049
3878
482
4986
2697
494
757
328
4298
3139
4134
3954
539
5049
1429
3495
5535
5687
1244
779
5133
4115
4406
1709
863
823
1317
3959
1586
4561
814
5557
1269
-1
2538
5197
5650
4473
5217
1183
4408
4995
-1
1429
2565
1429
2122
5362
5742
4611
1352
1218
2727
5466
4632
5270
2615
2823
2706
3953
70
3975
2345
1407
594
1595
1427
740
3875
5259
5062
1012
5012
4709
4793
3568
5642
1781
2911
5457
5062
5719
5402
25
3085
2882
4568
1206
275
3406
2200
4591
3875
3139
1777
2710
281
2364
4993
1230
1152
25
3621
234
5473
381
967
3139
1354
630
1152
1601
4853
-1
5587
5512
5319
5397
2037
3628
3228
1796
1597
1630
3396
5687
5062
5293
2196
3932
5088
-1
1547
2122
2285
3699
5402
3191
3689
5049
3994
3822
2200
3716
4598
4630
2152
4287
4479
949
2297
1690
852
5182
275
540
5490
5062
3279
5183
4332
3066
1950
630
-1
1016
1681
2960
1095
4979
1313
4841
2183
785
1286
515
556
57
3003
1699
2285
3240
3360
3738
5028
2196
402
25
4259
526
697
5049
2451
3428
5402
2196
4081
1185
5133
276
1196
41
128
1843
5387
5124
1465
3139
877
2097
5446
1180
3841
4998
5100
3139
4287
5411
1708
482
1681
372
5587
53
4737
3139
3836
5587
5062
275
2702
757
4015
1808
5062
25
2196
5132
2517
227
5419
3204
1807
4884
1429
4938
1202
706
2719
2724
3069
-1
36
1686
2057
5385
2196
5657
391
4121
1721
3308
276
1902
1518
600
4647
1800
374
4777
1313
2813
831
4332
5362
4720
4142
3145
4213
2196
2196
1307
2942
2883
127
2154
1347
2716
3139
5269
2805
2196
3139
25
3743
5214
521
227
2146
5402
1157
425
3139
5133
3916
4188
1044
4784
1359
5672
4966
5412
127
432
1574
2622
2196
3756
3381
2820
1269
1178
2583
5260
5049
3566
1601
5049
2196
1053
2843
2326
5402
975
2882
400
4126
193
12
4762
2124
3139
4373
3621
4696
4658
2462
3385
3401
3474
303
2135
3333
25
3772
5215
1928
5277
4890
2619
3139
4712
2338
2830
975
5547
2615
4539
1455
2122
5402
3994
3951
5062
2196
425
5062
1055
2724
2823
4373
747
1086
883
3487
3641
3139
4975
4373
3910
1389
484
3676
3258
2426
41
2304
3875
1885
1200
5647
3308
3072
5400
190
665
540
2619
3954
595
1004
285
5587
4945
747
594
1405
2867
1504
3139
1681
4383
5657
2189
3471
2781
1662
1699
5712
4313
1189
1087
1168
103
3427
4929
5191
5155
5419
747
3308
4383
915
1304
5344
5156
4992
540
5466
3139
425
3781
138
1298
3000
5183
4045
2169
4196
1480
4720
2285
630
218
1407
4332
778
3139
2196
2440
3944
2482
1728
2911
3139
2067
5172
5402
5402
3679
41
823
3045
829
3333
1832
2646
2085
4438
1595
2196
4777
-1
958
2762
1811
1681
3066
1218
2535
1885
4158
2333
2240
3139
3810
785
5347
827
1354
5164
5022
1145
2333
2515
3592
254
1594
645
3139
2849
2178
2154
2778
2084
1405
3139
2320
3980
1427
1727
1809
4778
3862
5330
2196
3761
2420
2934
3017
5629
1949
3750
2975
5402
425
4484
5077
4176
5402
3308
2462
2285
4149
2191
255
118
2243
5574
541
497
5402
2195
3621
4944
3057
2703
2019
4222
3887
4004
2484
5731
324
5402
1506
1465
3396
1206
4188
4045
1230
1374
1351
5481
-1
923
3427
967
1553
1125
25
4691
5062
324
57
2122
4158
5667
5528
3875
4158
1187
127
1465
1580
1414
2400
485
1583
3623
-1
2380
2149
2584
25
1601
3781
1823
991
5502
3308
5087
1429
5402
3449
3878
41
2838
5402
5050
857
4882
4378
630
2703
-1
2189
4763
4158
1273
2526
3139
5082
5402
2216
1441
4735
2281
5451
1097
633
5384
315
5254
4074
3139
1017
1801
5354
5322
5402
1044
4192
3139
2050
2164
4218
41
3618
1230
1313
5049
1384
4777
2552
362
2196
5521
4043
3139
2762
2196
1928
4179
3510
1405
2164
304
612
196
3422
5122
2539
4763
1475
2893
738
5382
1577
1619
2148
1504
1354
1647
3095
3139
2825
2196
556
2879
1692
4265
1273
5162
3537
1699
3285
427
4032
536
1902
5387
3682
2725
3241
2196
5746
3481
-1
1452
4986
3682
3160
4808
-1
5558
2723
1613
1553
716
79
5049
3803
5410
2339
4130
3651
1880
1727
4890
4226
444
386
4740
2880
3046
2698
2164
4402
5340
193
4799
2245
4890
1003
391
227
4110
4200
2149
5428
2939
1661
5551
1003
5003
66
275
4497
2759
1159
1794
2164
3910
4611
1465
747
3583
1928
2357
114
2569
223
3139
1699
2435
1288
2035
3126
2153
5133
3641
990
1313
5003
828
823
-1
5175
3139
1949
4654
5714
2446
2825
1834
425
4723
3378
304
387
2762
4890
485
909
2196
1686
348
1313
1623
1925
2748
5183
3483
2995
4298
25
2016
177
4549
4276
2707
4373
599
5068
1294
3495
482
1933
3139
2390
2285
3991
3222
425
1919
-1
4438
5576
3540
880
5402
227
957
3317
1583
3641
25
3613
3592
3594
3752
3781
923
470
4222
1273
1931
2212
2863
2913
127
1429
4287
4771
3293
1313
4629
2323
258
4484
1699
2165
5194
421
4051
482
4591
2693
-1
1354
3497
1480
16
5402
25
1095
2762
3139
3238
5141
4890
4039
2144
2724
3569
2215
2196
113
3445
3139
2133
722
1483
227
4497
1354
722
1139
182
2300
2285
2085
1313
2194
5402
1268
3139
4185
542
4371
1161
1583
2196
2122
4692
3934
2838
127
4611
4497
4771
1756
5021
5050
4039
5271
5451
2196
3800
227
1821
5142
5587
4298
184
719
93
1242
5062
4604
2939
4615
1945
4309
5075
143
3536
2196
1354
1315
3139
2473
1779
3782
4039
2196
3984
5122
304
3449
3139
4802
3037
3072
5471
787
594
1830
1945
2490
5564
225
1206
1439
1595
1210
2196
4039
1719
227
432
2406
823
147
494
3139
1699
5480
1976
5133
62
5528
5183
3308
2122
4039
3057
1801
2989
3139
4740
4398
-1
5251
4387
5333
1623
4197
1095
5733
744
5742
4142
740
2100
4162
1352
301
25
3676
-1
5232
2043
3830
425
5096
5706
3139
34
285
602
5671
4039
586
3039
3308
2196
2016
4142
2761
5082
3139
457
138
4157
88
4746
2764
4272
2196
3074
3878
3401
722
2762
4878
2688
1809
1019
3392
3139
1131
3139
834
1230
1157
4505
2589
1694
3139
485
823
3339
521
4771
1119
3327
4689
2544
3139
95
2200
2362
3046
5177
2196
1776
5081
127
3931
4374
1313
3820
1379
4566
3046
1536
5402
4038
5064
3308
706
3139
4125
2882
2124
5560
4016
532
3851
-1
4975
1352
1374
4720
4075
1405
2462
5307
425
5497
2877
1482
699
4682
2196
1583
1161
5169
3979
4414
4986
2644
1885
4694
411
3523
2872
5254
2454
515
833
3139
4902
3067
4438
3803
3820
2200
3676
2196
2465
1120
4298
5491
2196
2196
5022
1543
521
5148
1242
1194
5122
5183
3139
3139
4763
1339
5578
5269
2327
365
3725
5611
1083
3554
3139
5050
2886
13
3139
1598
1780
5201
2422
1118
5114
2084
3139
1183
4718
4945
5745
5543
-1
3970
2414
4763
746
1570
1307
5254
4331
2196
4416
4265
3446
3072
1808
4951
4039
5357
5595
1699
3945
1462
3308
2248
3280
2285
4957
5047
4763
2768
314
4039
1928
2005
3999
2676
3996
2196
1429
494
1407
3057
1044
1999
1330
5505
4073
2724
4662
2285
3888
1661
2286
3682
3525
3743
5062
1475
3331
5160
4564
4778
5466
1501
2196
3991
4826
4600
4177
25
3800
1298
594
1407
1465
3139
450
1521
4986
583
2196
1603
819
3197
425
-1
425
252
2777
3800
5607
4741
482
5433
1694
5561
1809
2196
5555
5271
138
882
540
1192
4654
4986
25
5566
195
1277
5062
4193
3461
3139
2594
4825
5473
4966
1263
1833
5642
4454
5109
934
1967
1824
2629
1371
4438
5587
5586
5232
3068
3139
3139
1702
-1
1583
3808
1137
227
4332
2903
3439
5455
3452
3422
2122
3139
3139
2463
4997
812
3139
4973
4393
1636
4046
1185
5414
4418
3682
5385
3051
