2730
4713
25
598
4713
5003
4438
3164
3678
5068
3115
147
1825
2875
5576
278
4945
5133
2867
24
1016
2745
4945
2745
3139
1282
3139
2730
4438
3925
3682
5068
1083
3200
485
5152
5349
1813
5285
4784
5068
4945
5133
2934
5432
3389
949
3139
1699
4945
5701
2196
610
3846
3087
1694
4566
5422
823
3139
3200
540
3139
1807
2610
2730
5695
2196
1825
2875
2084
4992
3139
694
274
1690
267
220
1083
2934
4772
3695
5695
5641
4287
1429
4713
3977
2730
965
3308
4654
3308
5156
4884
853
5402
2383
692
1690
278
3139
25
4482
4000
1405
3222
5340
3139
5340
4884
4908
3240
3000
4158
4945
3240
1073
2709
1462
1012
3121
3206
-1
4270
1405
1813
1757
2084
2289
1993
5036
4945
4332
3158
2978
258
4992
2069
5714
5412
4037
4217
3218
1556
3066
4800
4516
2875
2749
3115
4348
4039
1813
1307
5491
1016
5232
5329
351
4039
3046
937
1427
4332
674
3139
2673
2934
3846
4815
3377
4771
5152
604
3711
3069
5354
2891
1619
304
1019
4945
937
5354
267
2153
1298
3046
1073
2973
1016
965
3139
378
548
1961
2709
3139
3269
1206
1601
3377
4039
1586
1073
1462
3139
5700
5152
5345
3485
1556
3069
1601
1656
4992
2838
5497
3610
3822
5133
5254
1598
5081
4771
25
1462
1842
5329
4720
195
1307
5402
853
4039
1016
2200
2069
876
4348
3121
4158
999
3555
2669
3888
3925
521
1583
2882
2825
746
3583
3257
351
1825
2084
1057
3479
2090
3139
258
4654
3834
3121
4713
5354
2277
1122
5402
3440
3139
1350
1429
5329
5491
5581
5081
161
2153
195
4037
4890
5412
3046
548
258
889
2196
2822
2196
2669
5084
999
3218
5081
3269
1338
1825
2060
258
2196
2285
3139
1620
3308
1619
604
425
1770
1278
4784
4718
3139
4998
1206
5270
1298
4365
127
5402
3158
4298
3819
3678
5671
3495
1667
3139
5178
3875
195
842
3834
3676
5077
5402
4524
4039
2973
1307
823
3682
4598
3046
949
4945
5254
1825
2703
1210
1016
2825
4654
2875
3121
2084
2778
1825
3139
3139
223
4471
4908
1016
3308
1601
2430
687
1595
2934
4217
4851
1897
3139
5507
2196
4162
1770
4047
4720
1798
3682
1206
1816
1598
3060
4945
2697
1073
5049
3139
1973
1619
1049
5616
2200
1307
2060
1838
2196
1993
2709
4890
3139
3308
2154
1838
842
1928
521
3003
5156
1049
4047
3139
540
220
3139
3000
5402
1427
5082
5402
3439
2641
3485
2825
2335
2383
1523
2060
5714
1339
1073
474
3875
112
1405
4000
3069
4992
195
5133
304
4000
3139
5049
304
3473
1122
4497
1210
2444
2882
4039
4428
1598
1699
1770
1025
5199
2378
2196
5402
5160
2153
3076
4142
3139
687
5428
3888
3139
2610
2378
1175
-1
5595
4808
2285
3665
2934
5402
5588
3105
3119
3325
2376
278
1407
5402
1017
3682
5062
2349
246
337
1127
276
1842
2196
1339
3139
2882
1667
3139
220
1016
1429
1800
1405
4815
1825
5402
3139
2875
5733
3363
2084
1307
2693
2333
297
2122
4566
5491
5497
4720
5062
4373
2697
3875
2196
4400
2200
2735
5695
5402
2196
5248
5466
989
1298
5081
3997
3687
5402
1339
5044
5402
3819
1729
1874
4039
25
2973
5066
4142
2196
610
5077
4992
5049
1586
2882
1220
823
906
258
2745
5044
3139
2200
2909
540
482
4217
3682
195
3139
258
2023
1462
4000
1017
3240
1492
195
2673
4716
3609
5412
4654
1345
1313
1405
1429
5700
3139
452
3628
-1
785
2200
1067
1999
957
1425
2084
5062
4813
889
1475
4032
4956
2909
998
3017
5587
1999
485
4000
4438
2196
374
1178
147
4603
3881
3139
2610
1598
556
3139
1950
694
1813
5616
4566
2489
2060
2349
5081
5714
3479
3139
999
1601
4217
425
11
5402
2826
2735
3120
3158
3689
4032
5133
4226
1601
4729
1210
3819
4039
3222
1019
24
2867
3881
5402
464
455
3595
4771
473
1073
4945
1841
4041
5402
1513
4160
2691
2196
3308
3105
3136
1513
5622
923
2196
4633
38
5160
1352
5402
5412
5276
5718
1362
4603
4890
3139
452
1405
3916
3035
2867
482
2196
2967
937
617
5679
1297
3139
61
140
2826
2084
471
3035
1874
1175
3066
1210
1825
3479
1083
1056
3003
1175
3000
4497
3863
4713
53
1339
4000
2390
2538
5232
3139
4085
1429
4713
5068
4829
1452
3139
2241
482
5285
3616
4945
5497
3139
2306
694
3389
3819
127
1168
2289
1813
1928
3164
1043
1260
425
4847
2200
1601
5390
1350
304
556
25
594
594
2003
3139
746
3443
2152
3950
5595
3875
1813
2383
897
425
4945
195
5571
2164
1583
1961
3139
482
2484
999
3139
3139
1798
3003
5104
267
1694
1016
1410
766
876
4884
1298
4039
2745
785
989
5587
474
2650
4720
2321
4896
4139
2378
4226
3139
4884
1429
3139
3689
1694
1313
4772
4945
4890
5451
1307
179
1727
1523
5084
1492
1813
988
740
2196
2489
2958
3139
5104
1300
1429
452
4497
3138
4142
524
5587
4652
5587
3272
2649
3900
1601
5428
4890
3119
3841
5621
2196
5467
4654
2730
36
3139
3257
2304
3693
2610
853
3822
304
3377
1163
5049
1103
2825
61
2196
2196
1016
3165
5254
2882
5354
3678
121
3676
2691
4000
425
1610
5499
3308
2131
1729
1429
1616
4945
2762
2095
2198
25
345
2856
3060
1798
3139
61
5497
2762
1465
473
4718
3139
3139
4890
1656
5272
1073
1056
2780
3495
2159
4877
5402
1617
425
1339
1429
425
834
3139
2055
3157
41
604
147
810
4867
1178
1429
3139
2875
53
524
5333
3396
112
754
2200
223
787
1699
2287
5606
1313
3139
3105
4188
2196
4365
1924
1206
425
2911
127
3072
2084
5697
993
4992
3000
1298
2200
3269
4110
3139
5481
5571
4813
3139
4587
2378
1450
5320
1583
4329
5049
2285
3072
2638
3830
5621
5729
127
1019
260
4438
3139
2825
4871
220
4720
1407
5433
5424
3233
5050
1813
1405
1083
3996
5276
1769
4281
1220
2762
3156
722
5178
5700
2030
57
3139
1595
195
1168
2196
425
823
3689
524
5133
1206
-1
1586
5571
25
485
1345
4784
3541
3263
5254
1307
5271
284
3139
1962
3139
3165
3413
3269
-1
630
5013
5062
2691
1993
5622
1610
5588
2285
598
916
4040
2430
2947
1960
1563
4861
5561
2947
2836
1999
1429
4804
740
1731
540
3139
921
1777
2122
2095
4004
4142
1675
4566
1928
3396
4039
2412
1731
3875
2795
2196
5293
3031
2138
16
4426
687
221
3139
1583
1307
1699
4000
391
2383
3916
3308
3846
2287
2610
2526
3308
2376
1206
5402
5402
425
823
5564
3641
1250
2825
1462
1168
314
3634
3157
2638
524
425
555
3225
40
1206
1429
3665
1016
350
989
4858
1206
3682
425
548
3878
2289
3139
2267
5232
3270
630
5497
5621
1480
2084
2122
5402
889
3427
4039
787
5495
5402
195
3699
4264
5481
937
2196
2416
4488
4014
4578
4718
41
3139
5049
2762
4040
823
2152
5595
3139
4729
4654
57
3863
3000
1407
2189
2055
127
5491
5671
1178
1206
3107
4469
319
3139
1313
785
46
937
3676
3842
2998
36
5003
4433
4217
3682
-1
5468
351
3621
957
1168
5497
1174
2778
876
1407
3360
1016
3544
25
5178
482
3139
3846
1083
4158
2830
2378
4945
3595
1619
2882
5238
2732
61
1320
2525
2196
3139
4890
5238
3490
900
746
4347
41
3043
1770
5062
3139
1408
3139
2566
4727
4718
473
3544
942
3139
1617
425
3272
3479
4004
839
1112
4497
1157
485
2084
4890
3308
4903
5345
3634
3930
1950
5621
1429
1914
41
3164
2693
1178
5451
1702
1767
3875
4329
127
2285
746
110
3139
5671
687
1692
2638
5587
156
3003
695
876
2196
3139
2619
2669
127
1731
1492
2565
965
3057
220
5402
1307
1594
2287
4022
-1
3544
4249
5451
3308
3139
4039
2615
3200
5044
3822
2154
5062
604
687
1313
2164
3139
3165
1297
1429
1825
2945
482
5062
1178
2152
722
4400
4379
4438
348
3841
1429
3139
4718
2196
5621
2909
2891
4348
1405
41
4105
36
3043
583
5466
2745
4902
1298
3676
5156
1779
2196
3046
2164
5596
3139
1579
4142
1618
2023
1044
4000
1950
2813
1073
2255
2374
4008
3139
2724
473
1902
3206
5587
2435
4761
4925
1405
2230
425
5178
4960
3139
3729
1504
482
4784
3822
2333
1571
583
630
3841
-1
3159
61
2610
4365
5576
425
425
4600
425
4041
4346
2164
1043
3196
1501
5412
5182
1813
5062
3139
5402
3854
3087
785
2304
1681
4896
4039
3139
3592
425
195
1656
2795
5522
3269
2285
1429
2626
3496
1429
746
3557
66
4408
1800
1692
3666
1429
4393
5655
2922
3676
4348
66
5385
1116
3377
1230
5254
3468
301
1085
2159
4998
25
4171
2299
1332
57
1429
147
1016
3269
4754
1410
1427
3240
2050
4803
2179
4902
2084
2888
3139
4884
5720
1022
2196
3616
1162
1017
5587
-1
425
4287
1405
1016
548
1298
4998
4471
4082
2973
5361
391
5433
4754
3308
1491
3051
3842
2195
1913
127
5238
2285
1769
1300
1313
5197
2196
2703
2823
3139
2601
3139
4713
5289
2850
1475
4000
2970
2486
5345
1085
1205
41
3069
5712
687
2762
1307
823
2196
25
4243
2566
5735
4039
1078
2922
4992
5245
4945
5402
3768
2825
4004
1506
4992
1601
4815
787
3139
3621
3139
1883
1523
3139
3139
4260
5470
147
3145
494
4315
2055
5133
3665
1452
1178
2435
1798
1523
3164
2285
1332
2762
1991
1950
3496
5733
1904
3738
1682
4340
227
5537
3389
3107
66
2189
1016
4225
3621
3139
4039
5049
5402
2934
3139
5285
25
5558
3003
4713
3853
4497
4515
4158
1699
5402
3819
3139
785
25
1504
1307
2430
452
227
3676
2759
1307
2090
5062
425
1601
25
4047
3264
4373
3629
5621
1928
1598
3689
3197
3931
2762
2615
3609
4007
1619
3541
3139
3028
464
1816
474
485
3676
3003
5285
1452
4815
3591
1523
4744
1475
3308
5139
3595
4007
1699
1003
2246
1405
3046
3834
1280
4032
3139
3442
1480
785
3308
5133
937
1298
127
1354
2333
5481
2055
3139
2196
2722
4836
778
4383
3139
4772
482
2646
2697
1410
3003
4378
4578
3999
4188
2196
3518
1636
1338
3139
3139
5655
1407
1623
3115
2610
3618
928
2326
2615
2196
324
1813
3264
5442
1769
1429
2055
823
1945
2911
3028
2934
540
3139
2378
1242
1504
40
5638
4893
425
2883
5495
1598
4142
284
3139
3623
3139
1950
5081
3490
3411
4792
3406
275
5234
1465
3689
3308
823
5323
2531
5497
561
301
425
1157
5561
1583
485
348
374
4007
138
5587
3931
5195
2055
4742
423
227
5133
4099
1636
2333
695
3139
4771
374
127
1300
2378
25
5014
1339
5402
84
548
425
5402
4855
4884
2826
5245
1206
2084
5241
2196
4453
5402
5384
2326
1757
3924
1217
1583
1168
5402
4348
5745
3888
2196
1293
3921
746
3139
3711
2615
1200
5413
5122
3061
3254
3041
1116
1361
131
1307
4744
4771
1931
844
5588
1405
2122
3722
1405
2736
3726
4867
1307
4733
2531
3095
1178
2304
3191
2430
4134
3330
4497
4884
2786
1838
5085
4380
1429
1465
3984
127
1073
1405
41
2615
3139
5497
5742
3518
4188
1681
1043
3240
3139
2200
4216
127
1371
2525
787
5395
2326
195
3401
2196
2122
4945
844
2954
2196
3139
2285
1824
3069
2912
4166
2122
1168
1269
5587
5241
629
4462
16
2383
3139
425
4655
1427
1475
785
2189
456
1405
4162
2122
5062
1504
3800
1847
556
2691
3028
3139
3139
1475
1699
4771
3139
77
1407
5433
25
4270
68
1205
3139
1583
3139
2196
258
5320
4226
4347
425
1331
4516
4471
1379
1273
2021
5085
1016
4640
3139
2882
2664
1601
1313
16
3566
2762
24
1297
2724
2196
4041
3842
2724
5622
1362
3541
5402
2619
4555
3881
99
4727
3879
888
2973
57
1307
5248
2196
3139
2196
4039
3875
2241
4269
3891
425
1044
820
1475
856
1699
1636
3051
2061
3139
3269
5062
2196
1953
3875
3861
301
1429
301
4255
4287
1807
3750
5068
3255
16
156
1475
4896
425
2523
2566
5606
3729
4226
16
1242
2390
4489
3028
2376
3822
494
1931
3666
1206
2055
474
373
3541
4945
3141
1017
3621
1405
1313
3768
3003
3634
4264
1405
5402
4896
3822
4000
5749
3419
348
3887
3466
3553
1480
2165
1157
4134
1307
4373
5271
5178
2746
2333
304
357
510
4945
5426
2285
2489
541
5408
425
5062
4827
3139
3121
2164
2517
5285
1273
2016
3057
4890
3439
4014
1354
1703
259
1636
425
3176
2838
1313
2069
5178
4896
1682
3139
2090
3628
5518
4298
4325
1246
2376
2701
4763
4040
482
3900
2931
1465
5734
1249
5109
1323
25
4884
2200
1452
4039
3139
2279
2811
888
3139
84
2196
880
722
3891
820
2148
3374
2299
2200
494
3120
2762
5063
4742
138
5398
5085
1705
3530
5232
1572
3395
3887
2409
3139
4611
1045
425
3697
3630
41
4226
5720
1501
5271
3139
4718
3439
2662
2377
5081
3139
844
2549
2150
460
2523
4219
2697
4004
4226
5160
2196
3438
3003
1313
2276
5049
5466
3411
558
1003
2196
425
3151
3060
3139
5077
482
1480
195
2200
4075
2140
3722
497
4053
542
4039
5701
1825
1584
5412
3830
3618
452
1297
3389
3875
2196
4383
3139
1429
1073
3616
378
2333
812
425
3722
1643
3139
1429
4158
3557
5197
275
3139
4488
1824
3139
4884
2195
2285
2196
5248
3680
3887
1601
4226
4771
1945
1572
2122
2562
1249
5354
1588
3139
689
425
1452
5615
4217
1829
4158
3139
856
2269
2315
5398
2465
3120
2285
-1
1210
3666
3875
2937
2196
3105
664
1352
3139
141
1054
3611
5140
967
2901
3950
5395
4727
812
2412
1598
1588
336
3691
739
2003
4188
1949
3145
1798
1054
1506
1588
3726
2084
5720
942
1555
3628
2736
1492
2709
695
3676
5402
5587
2196
888
5085
3057
4493
3676
630
592
4722
3107
4011
3768
5172
3838
2762
38
852
324
1672
1813
1786
3139
1730
275
1044
3139
583
1583
3066
1307
5502
2811
4076
-1
1405
3139
4884
2189
1475
5595
1298
1480
3066
4742
2825
4998
3581
1429
25
1044
2196
1950
425
3363
5576
5714
3139
4022
1871
4849
258
304
36
4462
3830
2839
3115
1300
548
2482
1731
714
1486
242
1506
3479
1601
2788
2724
2882
177
4658
1619
4158
4639
3095
1873
1427
3139
3887
4896
5062
425
4282
1775
5576
3729
1765
3623
772
4209
4332
3616
425
5497
482
5402
3234
4053
1181
3854
4992
3003
2285
4877
1408
275
5518
1832
193
3137
184
147
3139
1016
3139
1462
1465
955
350
1469
3628
81
3139
5321
425
3156
1825
1637
1016
3581
1016
5402
2386
2619
127
5402
2189
1206
1501
1559
2196
428
2333
2562
3413
3240
4282
4603
1684
4993
1429
1480
4945
138
4099
2269
3139
2196
1429
4332
5426
4226
1924
359
1480
1354
5587
1586
5049
436
1730
4992
425
1282
4497
2196
1871
2196
2447
2333
2825
2390
4655
3139
3000
5234
5152
3095
4158
665
5621
2061
4453
3308
3363
4332
2531
3822
4992
2197
2619
4975
5548
5491
2444
2826
3139
1588
1759
227
5191
823
3338
1137
425
2195
1197
541
1817
3830
4956
1152
3496
2978
4600
425
5009
2122
1791
4718
2523
1872
275
1653
1819
737
2333
465
1383
1219
4226
3920
319
4158
545
4902
2813
2745
1636
2292
1260
778
5468
5081
5172
1727
2021
4265
1632
3139
2197
3822
5093
4240
5587
4763
3506
5587
5238
3139
482
2825
324
2698
3308
5085
2615
5433
4488
4890
11
4497
5674
4255
989
3139
5062
595
1307
2482
303
1654
4418
2619
5417
485
4623
3105
4371
4134
5402
1047
5285
2196
1196
3308
3630
2189
3139
4265
3518
2344
5537
1269
1842
425
2122
3139
812
2630
1049
1546
1003
1307
5481
5587
304
3269
4196
4243
1583
5623
2195
5402
3206
3880
3139
5081
4240
3139
1103
5404
5062
4993
2370
195
1017
3738
4763
425
1044
5086
659
3240
4611
3862
1874
3762
241
4226
425
4052
5402
1214
5551
3003
2144
563
4038
5587
547
195
3763
2967
1016
1054
497
31
1452
2922
1178
425
4188
2195
1924
4454
3592
5558
5502
4884
3511
1407
1298
3999
5433
5270
166
1601
5049
2198
3985
425
4945
2548
2016
4534
5548
594
1452
5062
5062
4469
1012
1178
314
3563
4763
3139
1583
1307
4718
2196
5384
3139
3238
3197
2021
3970
263
1824
1298
4784
1277
5133
398
4340
4092
1323
4188
241
5695
4415
2016
3308
391
2937
1842
3539
57
5354
2881
3676
3396
229
5426
1044
2724
147
432
5744
5375
227
3269
1652
1798
1601
425
3485
1465
4217
3139
3139
4497
695
3621
1160
965
3921
5213
300
425
3091
2196
880
4890
2911
3072
4763
3999
2724
1184
695
3056
2196
2615
1945
2730
1192
4348
1547
4229
2196
192
3496
3443
3011
695
4127
4966
2333
594
5402
425
5313
3346
849
3139
967
5525
5695
942
4188
3139
3139
258
3411
3729
2285
5082
5587
2762
3139
4035
975
3931
3978
5150
3003
3319
5587
1601
3506
4803
3474
5234
3980
5243
2251
2196
1339
5621
1798
4298
2798
1571
3880
2825
4281
2243
4047
5062
4998
5063
1168
1452
2762
5402
425
2928
1112
1581
787
1832
4763
25
4754
2304
2060
400
4226
1408
5081
3621
166
3518
304
5442
2285
5370
2090
521
4565
5172
1480
446
1598
4287
2973
957
2882
3996
1095
3318
4276
889
2615
5505
227
2468
1050
3151
5744
1307
425
5156
3115
2376
3735
5049
1680
1157
2676
2762
3641
2548
24
1298
4815
4584
319
3072
3157
5049
5062
3119
1588
3139
4107
427
2174
276
5473
425
2751
2947
4158
3000
1681
2250
2376
3800
2228
2061
365
1705
53
2762
425
5576
482
4032
4276
4742
1016
2196
1777
1832
1429
41
2304
314
4803
1192
192
425
3800
766
1313
5085
1777
3711
425
5587
5417
427
1307
25
3933
3339
425
1281
3139
1636
1119
2465
659
4162
5014
542
4045
2200
3427
1480
1429
2828
4222
1016
4659
4591
3931
3086
4586
3291
1407
1692
1210
3920
2016
3814
3126
4975
4642
53
5062
1475
2285
366
3618
4951
964
1601
3948
2164
3544
41
1448
4158
1583
425
2142
5178
3139
5049
2825
2383
425
380
1825
5629
3107
3139
3676
1269
2202
3139
3139
2598
5049
3392
2349
5744
1618
2357
1056
2724
548
1800
1904
3105
25
25
904
687
2390
2285
1016
5171
463
853
2196
1307
4007
2016
3066
1601
3863
906
5402
5576
1405
5426
3017
2575
1152
2762
3139
1313
165
3223
2762
3223
4596
1429
4761
4657
2125
5576
1339
2826
991
3696
3139
5049
1800
4720
2825
2296
89
254
2285
1699
4720
4896
4771
2922
2243
3060
3139
666
3139
4438
5434
4717
3095
4209
4998
2780
1083
1546
25
38
1119
2046
2931
1339
967
3392
4007
2401
4039
2619
4557
2724
1680
2730
4511
57
3581
690
3318
5690
1757
3139
2289
1588
1765
4815
2160
2641
4237
5442
53
2762
4713
4792
923
3838
1960
3614
4625
2745
5588
1286
1016
3399
1405
2164
561
166
2196
25
3139
1242
834
1157
3139
3939
4945
5115
1756
1405
4993
1118
1371
3676
1344
739
2122
1832
5587
1480
4373
4763
1307
1530
4158
3107
3853
1757
4713
1601
3139
3380
3834
4720
4884
381
620
4188
5426
5729
5714
3139
2513
4067
485
3240
3139
4162
4039
1054
474
5426
746
2196
2196
3840
2923
1344
3376
4826
3592
3921
4803
485
3069
3139
4039
482
3139
2287
583
3139
4373
1928
4851
3139
25
3219
3139
5577
937
2189
5049
5588
5133
754
3689
3137
4951
1352
1757
3139
2724
258
583
2122
1429
2468
2825
4268
-1
1588
3830
4890
1791
450
4158
4998
2610
754
5313
4844
75
3595
1637
5706
1119
894
3139
223
5402
813
2326
4691
5139
3621
2605
744
3165
240
77
2615
3139
2409
4280
3319
2122
1185
147
3139
5133
5254
5062
760
4945
5744
2617
1465
1487
3139
3139
1429
5402
1641
3883
1480
5313
402
1583
5172
4075
3406
3853
258
4727
5434
4067
1157
733
5384
3095
5287
1833
2304
1080
867
5184
3830
4000
5164
3490
2196
556
324
1095
5254
254
3171
3139
5587
2196
5062
1122
3003
3057
3838
5250
3830
1547
1601
714
263
2364
4585
1298
5402
1961
3900
1271
4890
127
1354
1185
2016
2285
450
227
3456
2189
1178
5398
5133
3139
3592
1616
2071
1288
2200
3270
5264
5402
3219
3139
425
2285
5062
1759
2084
5152
1313
1617
5062
2023
5164
1210
5547
2243
1530
1583
2762
2911
3228
2838
5011
5062
3916
1158
812
5362
1429
425
2610
5576
4723
5200
5235
324
3139
3581
5148
2788
5238
3621
1552
25
1601
2306
853
4763
2196
227
1313
1594
4130
2122
2196
2911
147
1777
482
740
92
1583
1614
2196
4371
815
482
304
4922
1821
2531
3139
1510
2122
1506
5062
5745
5402
1888
3553
5152
4359
4142
1699
3924
2285
5402
1601
1405
1163
1406
3616
3833
195
5323
1273
1830
3095
2435
2703
3139
5172
1119
2200
463
3963
2724
425
3157
2838
4777
4039
1307
2390
2122
2195
285
5000
16
3139
4884
25
1840
812
5133
3139
3621
3139
2016
3139
2884
3291
2839
1119
722
3139
5330
594
695
5257
2749
147
1452
5558
695
2189
3011
1699
2189
3141
38
3139
1137
4222
3396
1405
1429
4844
4039
482
4362
3139
5200
2986
3139
1103
4446
746
2196
3139
630
25
3676
2196
1354
2565
823
1044
3057
5062
572
583
460
425
5062
263
3283
550
4171
1692
314
3496
2719
1949
4945
138
2825
2200
3137
3676
760
1212
1178
1681
3509
4896
3676
3139
3240
4130
2562
3139
77
900
1480
220
4720
3139
785
2462
5749
3963
4348
5271
4397
1044
2196
5402
2843
204
3139
2905
147
1095
1985
3197
1684
1185
25
5428
1770
4998
2826
4226
5417
2974
4771
1170
1601
1482
844
2762
205
242
1332
1277
4833
4335
2811
4142
4992
957
4332
3003
552
4744
378
5014
4196
1157
2646
4488
4720
3339
25
1847
4400
4371
1213
1847
425
3623
2136
1899
5405
5551
1298
1617
2117
2390
3496
2398
3139
304
1307
5587
3073
548
4763
3139
1611
2547
5434
5430
1320
2691
1692
3248
5340
1831
4409
2656
3676
3496
1949
3428
41
425
785
1636
2838
5551
540
4877
4784
254
5402
3139
4397
1722
4158
882
402
3139
2164
227
3139
3621
425
156
4623
5340
2122
324
4777
378
1313
937
2610
4890
5695
4555
5363
5191
1405
2724
2196
3008
4255
5558
5009
558
2346
2615
4992
2196
2911
552
2026
41
5419
4829
4754
1044
3479
1619
2196
16
25
4884
5425
3139
521
2576
485
51
5483
2743
787
1583
2737
25
1588
2101
380
787
2196
2514
494
3139
2196
5434
204
3105
2269
1699
3308
1095
3157
5658
276
425
454
2196
2645
147
4998
2196
3255
25
4722
3139
5434
770
4350
1897
2285
2255
1352
3238
5133
2198
3676
1307
5558
3621
1219
1794
3887
2060
3139
5036
3139
3139
4226
4088
5547
2234
2122
545
4378
425
1323
304
2884
5271
4497
1298
2016
4792
2531
5587
1307
2958
739
4956
3139
3623
2153
3641
4007
3139
823
1692
2285
4000
4998
2196
1122
1472
5576
1219
285
1800
3222
2101
5128
3139
3046
1320
2996
4281
5565
3580
4093
1168
1465
3139
3461
2462
425
779
1623
5232
5156
3139
1157
5554
5410
5270
2196
2196
2357
5712
4564
3682
2189
3840
1950
1016
5687
285
241
5733
5744
2208
694
2196
5587
1583
620
3621
4884
3762
5174
3139
810
1210
4999
1214
3139
5213
1653
3838
5596
4085
2285
621
2189
138
3887
3164
1798
2825
3875
3371
2196
722
916
666
3156
2146
3312
923
2619
1946
-1
425
5695
1016
5354
425
1958
41
2347
2269
3269
4039
1782
5645
3800
2122
3139
5671
751
2567
2338
3745
227
5092
2697
2367
53
2378
2630
5313
3687
1560
2124
5604
558
5053
2196
3985
857
4497
5068
3840
5551
4966
482
1799
1298
3795
3139
766
2863
5623
2174
1608
2147
5232
1277
2269
485
425
3611
4677
3139
4777
4415
5049
2420
1277
1504
2243
1522
301
3768
1152
1405
5719
2296
2326
1623
482
3814
4718
4287
957
5155
5414
3819
227
5254
2196
5481
1116
3068
2447
3240
2398
3676
3139
5577
3139
2196
3165
1813
4158
4158
5235
3003
494
3878
2619
5232
278
3726
3853
1650
2196
4839
3139
4890
3838
4039
2196
5363
1482
2164
5062
482
4393
2856
2819
3308
2003
719
5090
823
2401
1775
2875
1496
5402
3139
5036
2615
425
1307
5013
1501
1429
4884
2825
4226
3139
5687
3139
2071
4225
1480
4929
2084
127
4115
1692
2527
630
4890
3158
3985
4497
4497
1462
1238
1298
3139
4039
425
177
5402
5133
695
1448
4158
3676
2662
2196
1945
2287
5235
1185
2662
425
4130
3978
4075
4209
4007
2196
5587
1938
1616
2119
177
4280
541
4686
1016
4417
2071
1307
2390
5499
2220
5062
2949
2160
2200
1786
25
880
3367
5676
5576
5466
425
3139
1280
1471
823
1087
3139
5060
2290
1686
2995
2196
2455
5191
1260
2619
1313
2876
1958
3800
4902
694
3840
2285
3086
895
1298
810
5537
482
3139
1583
147
3737
3139
57
2122
1422
2615
4255
1809
5721
5313
583
3139
57
3495
1429
1583
1504
3139
2426
2745
111
2122
4720
1085
2856
2152
3929
3900
5011
2958
5446
2084
4097
1320
5384
5616
4174
425
3393
258
1583
2392
3621
785
3192
823
1465
3139
1636
2154
5109
2658
2122
1651
1601
4032
1777
5671
4623
1230
937
3145
4065
4287
1058
1601
357
3676
1405
3139
3139
3218
1116
5434
3139
2480
5402
4998
3676
373
4654
3591
1219
5093
2603
1872
3399
1608
4945
36
1619
3139
3308
705
917
3518
3682
1546
3139
5606
2909
1429
3308
4348
3377
2285
2196
4634
3219
193
5200
242
3132
5587
2489
25
5049
4332
2189
3192
4134
5171
4951
4925
4038
5475
425
5049
3255
5648
5271
2200
1465
541
5062
4039
3440
1044
5402
2196
1313
1839
2619
1821
2838
5062
1606
5271
1148
3003
443
1452
3139
3139
2191
5699
2382
2724
3139
5062
1122
5402
1475
3139
3238
3439
695
425
3139
3139
2746
1405
2615
4986
275
1800
1722
191
77
3401
1178
5191
1979
867
2122
4105
4598
3621
4004
4188
2195
2974
1465
1339
2122
3003
2174
2196
2074
5413
5385
3628
5497
5232
5576
5512
1044
4350
1465
265
4441
857
1427
5254
2333
3139
5178
4335
2071
425
3139
2406
75
2724
3496
3931
1405
4373
121
430
1958
5269
3487
5254
5077
1029
2196
2196
4226
3003
923
254
2110
3126
3676
1429
1157
2531
5673
1298
4945
5200
5362
5318
2189
1727
2825
1056
785
1684
1624
241
1383
4771
2311
3346
2717
3139
3057
2196
1619
1306
3621
2682
3139
2938
2531
304
3139
494
5062
425
2174
10
4039
3946
3139
304
3883
2830
3139
5062
4051
2706
4494
1636
2333
889
5068
25
2183
740
16
2904
377
2762
3139
5340
1821
5491
5292
1916
5062
4235
3139
5709
851
470
3641
3840
4740
3833
4082
485
237
2269
4011
3356
2200
1579
5310
788
2390
425
4829
195
1601
3225
2958
3139
5726
3139
1307
1405
3117
425
4884
1480
1298
3228
2966
1298
5064
2008
1820
481
3996
3304
391
3864
3046
5232
1601
2682
1328
4373
477
3676
1307
1298
425
2269
470
5063
4217
5481
1636
937
3139
2196
127
5744
3145
1798
853
5497
425
3316
5576
3185
5491
1452
3621
5491
4016
4397
4226
1407
1482
4265
2196
5473
1307
1619
1149
4994
3139
934
1371
5034
3000
3980
5384
5402
1170
3000
1095
253
345
285
1157
1501
844
4107
5547
2762
4246
4900
536
377
2967
3553
2243
746
3139
787
4005
2567
904
2148
5431
2724
1722
3003
5133
3139
1945
1727
5579
1598
5547
2545
3676
5128
4998
3893
5183
1339
376
2269
285
2150
674
3863
975
3488
3931
25
5104
1003
610
3189
227
4418
5412
2196
1230
923
1699
1616
5587
5687
1814
1504
4371
147
967
3003
303
2014
5587
839
740
4629
3308
740
1807
350
2196
2612
2691
4259
5049
5062
4877
1632
4497
1298
5398
2026
540
1446
785
3139
3920
1914
5664
5009
4476
5402
2425
471
5695
716
4037
4884
4298
2724
448
1230
5285
4771
2691
2326
2998
5587
4226
5742
3139
3735
5554
425
4270
5547
1588
1564
3567
5062
5247
5333
3862
2173
3382
4471
3862
1333
3800
5412
1860
3139
1429
4654
5581
3160
3862
425
3399
1095
1307
5491
5183
1659
3682
3139
25
3115
1821
92
3488
2449
5068
4270
5596
3430
3581
2164
5189
2999
833
5491
357
1492
2863
196
425
2572
2762
1719
1152
3145
2196
4346
2196
1619
5576
3139
2164
1759
5618
3750
2191
3278
5056
716
5213
66
3991
2390
1871
207
25
3768
3466
1044
5695
3982
1491
324
5313
5232
5576
1371
46
1719
3158
1798
3061
4776
2825
5664
2413
2200
4529
25
5133
4375
3139
4226
1044
4179
1465
4192
594
2786
665
3623
5195
3887
5402
2836
3139
1429
4335
4075
432
4652
381
3139
4998
275
3150
1313
3623
1116
4383
3431
3139
2645
2197
3991
3349
2531
114
1362
3095
1551
4152
4329
1189
450
4763
36
1054
425
2843
5063
991
1722
1160
4960
1429
3070
485
3252
1016
5671
326
3850
3031
3240
540
2144
2234
1756
2831
357
5558
632
2096
5200
2122
195
1101
1427
4966
2697
5402
2931
3245
3996
2619
185
3139
4260
5674
2135
2285
5543
5062
4966
993
3308
1616
3461
2321
5733
3696
4799
2084
25
2724
2411
3437
1601
4005
4188
2196
3070
4700
594
1650
583
3139
3374
4972
3676
3139
4283
3051
258
3980
5587
460
4878
5729
1448
418
4771
3139
285
1152
2861
1297
4998
5571
4158
2591
747
275
3139
2762
785
555
5102
5708
247
2697
2069
1845
1636
1681
1608
5642
99
1719
891
2285
3422
4884
3139
4332
5102
961
739
522
3308
3651
5062
4966
5402
5272
984
645
4077
3978
1012
1681
3038
3339
3766
2823
3028
3072
3621
4815
2364
2084
3139
2836
5062
3696
1681
3115
1945
1463
1178
5402
1230
5450
967
3418
665
4007
3139
4290
425
2615
2485
1269
2882
4332
3479
4975
2376
3139
1527
3139
2863
1095
66
3219
4986
3499
2085
2200
1185
1601
3003
3964
4553
4884
5133
4945
5022
2967
5232
3930
3139
193
5197
1307
482
4945
2676
4225
2206
1796
1770
2813
3015
5687
4019
2196
5081
2563
2540
165
4039
36
2968
2515
2724
5243
3269
1178
2514
5195
3156
3346
2279
5162
4206
2196
4494
5049
3768
3580
3086
1692
4398
4545
2153
3139
2200
5022
1425
1588
3269
1601
1601
4945
3139
482
2285
1950
1038
1594
428
4720
5189
540
3545
2285
5571
4564
810
177
2843
5671
1333
4792
3735
2619
2367
5538
3541
2196
1044
4298
4298
1340
4142
5200
2784
5515
5632
4877
5507
4107
2122
2200
5589
2669
5621
656
3456
3139
5742
5053
3875
1218
1914
3057
4972
3676
4973
4682
4920
4718
5695
2743
3139
402
3139
3095
1429
5068
3406
1433
4690
2200
2285
2615
1680
2826
3095
2243
1800
3160
258
3139
537
3552
3284
3994
5502
2195
5587
1256
754
5527
5154
3046
5364
2882
4718
2993
3139
3456
3852
1429
5162
785
5576
2165
3240
846
1103
630
1313
5419
2269
5236
4839
5062
2804
5191
3822
1313
2072
5254
2949
552
4997
482
2669
5395
3139
2923
4188
5062
5696
3766
3139
3911
3139
4986
5706
4438
630
2954
5617
5402
5497
1298
853
1307
242
744
1044
4045
859
5548
3356
1902
3171
3661
10
4453
545
4733
482
2060
1902
2243
3139
3139
195
1765
326
5671
702
482
4371
4158
5062
2243
2211
1555
951
2615
5102
3954
5413
3628
4055
4889
2619
1056
722
3875
1297
227
3440
4331
3461
5731
3838
5731
2575
2762
2196
4750
1056
2306
4861
3989
2328
4032
823
4497
2196
4196
3371
5200
3139
4892
1178
636
1081
3139
3676
4438
1116
5003
1281
1636
4494
4158
5009
3377
3615
82
357
5077
2196
3139
3139
3139
985
1083
2411
1275
2285
5156
3139
5152
52
3000
3838
5642
3800
2515
5402
5402
690
3111
3240
993
3616
2200
4142
223
5269
756
1601
1465
2085
2196
1635
2242
3139
2474
2838
5497
5402
4757
3800
5547
215
1013
5376
5340
3139
5742
1891
3240
5402
1902
3937
1888
5619
1185
227
5433
1405
3595
68
2724
2923
2724
1206
1913
4039
2761
3240
5473
3862
3676
812
581
3258
2974
5015
129
3738
3139
425
3771
2153
632
4945
599
3308
2285
3003
4228
1029
5455
5576
4972
1168
400
1087
1307
3104
4188
25
4877
760
882
1831
5733
5330
4771
1462
5402
2676
5341
1480
4718
5402
5497
2089
3061
563
5587
2400
3360
1639
177
4083
4998
2285
3977
5714
5547
5170
1012
3676
5077
2430
195
2446
299
3904
1650
4998
2514
2045
4966
3139
3822
195
147
2253
1016
3139
5228
3066
2619
227
3838
4005
3312
5238
2227
881
2095
2825
3875
3442
3201
1407
1536
3139
1313
1465
3875
2196
1205
5087
540
2523
1480
1230
2352
2768
2122
2274
25
4039
5062
2808
2470
835
5466
1830
2391
3768
3194
3371
2493
2084
1902
1230
3158
3456
246
1583
2574
787
3712
5587
4226
4945
3401
2287
4497
1598
1945
1395
5645
227
3696
378
1054
5109
3139
227
4195
1269
631
241
1313
3139
1425
4970
5384
2629
4707
2612
177
5502
4039
304
3015
3139
4158
5695
4697
883
2724
3933
3621
156
205
3331
2413
5491
4851
1206
2691
2285
261
293
4408
1922
1830
99
452
1914
2189
2762
2196
4331
3067
5133
25
2122
3401
3979
3621
4792
540
5269
3017
2285
1352
443
4142
1298
3682
3786
1116
1568
1452
2830
3308
746
2390
529
3139
1931
5162
3305
2462
2742
3139
4808
2697
18
1452
2838
1587
2200
2285
25
177
1307
2044
482
2697
1298
480
3770
1902
3581
1739
719
540
5402
5264
3139
1044
5062
5691
1757
1264
18
4727
2030
5050
2172
2882
2290
1149
4270
1230
1465
5499
5354
117
2790
1872
1830
4226
4055
304
4227
4500
1681
3428
3240
324
4336
25
2084
1155
2156
3139
5062
5729
1705
1530
4521
3256
3946
4696
2830
5402
4571
5155
2200
1347
787
2196
4903
5426
2153
425
1168
1480
227
540
5673
3954
2196
5636
975
3485
857
3623
2148
2813
1019
2615
1671
3696
4304
3139
2665
1945
1899
4191
3139
2146
2759
227
1438
258
5009
1931
288
5135
4713
630
3139
5034
5671
242
1553
4978
4035
1269
3139
5428
4966
630
5671
1616
3304
16
2050
1765
3362
1727
3037
1452
3003
2326
1996
923
391
482
2141
482
3363
5547
5133
1571
5518
1469
1101
3869
5587
4342
1307
3367
2762
1300
2598
1501
3072
486
2567
2409
227
404
556
4792
1300
2296
425
482
2016
659
687
195
41
2838
5382
5729
4418
3592
2838
1367
5049
3139
5402
5086
1941
1924
4158
5671
2619
3256
3139
5341
967
3139
4032
255
2724
849
3980
1053
2016
5340
5446
2446
144
1298
2619
5200
25
5273
418
3178
4945
41
548
3428
2759
1897
1446
114
187
882
3139
902
590
4776
457
3139
1167
555
2974
1178
4966
488
1829
4720
5164
2194
5172
4853
4476
4330
2828
4654
5333
3312
5426
517
3021
3183
5547
2823
36
1313
3139
719
359
3240
2710
5402
1619
1073
2698
5711
485
1619
4342
2344
2615
5282
2196
3321
2933
2383
5345
147
3139
3003
4922
25
787
4890
5712
3834
2465
5576
2724
5543
5128
25
4890
1016
2169
1168
3421
3428
4763
4655
2390
1016
5273
2067
1753
227
392
522
2055
3817
452
4515
3139
52
3882
41
177
4000
1595
1347
4903
4158
831
147
127
3982
1016
2196
2196
4945
1924
2926
1323
3591
1139
391
1681
4142
4454
1504
3393
1017
16
3682
820
967
3727
2934
3821
1226
4615
1429
1429
1906
5402
1504
425
3878
2863
4040
2567
3744
4226
1405
5213
4169
3157
2762
3145
195
4877
5671
5576
3139
5670
4998
2122
4255
4188
5254
4158
2222
1313
3800
5518
1465
5183
3139
35
3904
1980
1117
2152
3241
5357
2196
4221
5589
4659
5238
5491
1240
2825
3770
1242
1061
5364
2016
2630
3495
1242
4332
1636
2333
2159
3800
273
4371
4144
1339
2196
1588
3506
3139
2122
1756
1331
25
4265
1044
1699
5370
1307
5733
5005
3674
4978
1219
975
1429
2166
25
494
5085
2762
4453
2903
2055
2463
923
2380
2318
326
778
5050
2762
2884
3338
4155
5361
3499
5587
4890
1950
1017
3920
35
3401
2482
4763
1078
4998
1407
5362
127
57
5664
3139
185
255
5232
3066
2762
2926
2863
1019
25
739
425
894
3487
4332
3485
785
2503
4740
5326
2196
1012
1313
2813
2285
3279
4497
4301
5300
861
4131
1095
4438
2196
5150
304
2196
5402
4890
4396
4039
1694
2164
3735
4493
2780
3621
5491
225
5122
5497
1675
4647
1482
1925
5077
3308
3139
3362
4567
1586
1840
3139
5049
5571
5003
1405
1157
482
3136
3621
5749
521
3450
3139
5172
1583
4799
1686
1564
3869
2630
1769
1429
2465
3401
1759
5068
4799
1821
1830
1480
3349
4966
789
452
4644
4784
5405
42
425
425
2830
225
2285
2825
304
2173
2400
540
3269
4158
3838
1480
541
1722
2863
1636
2055
1887
25
630
2420
5149
3139
812
5402
746
3056
1307
50
227
482
1313
1619
5695
5028
4032
1012
425
5049
1354
3676
4771
2071
951
4298
1085
4945
5402
2285
2673
1159
4888
1586
425
2615
5431
2122
5699
1230
5587
1313
1925
2196
5164
3139
1073
465
25
4541
5170
2196
1429
3378
1483
4993
1704
540
5133
4720
5580
4007
5587
3175
3676
2934
2390
5062
1482
3006
1354
3003
444
836
353
4884
1255
5109
2584
4963
285
554
694
1213
1675
5384
1922
25
521
3105
2911
4154
5385
1079
4075
2285
4378
5282
3046
615
391
4482
1405
630
1960
2762
3139
3595
990
1083
1230
489
4966
5077
3139
5576
3139
5020
4657
4039
4603
2290
4255
4964
41
4142
4654
3072
4547
5169
25
985
138
3043
1770
5491
4226
3039
1945
2240
4734
3139
147
3015
3139
1598
4832
2650
3072
3139
4699
811
3039
1185
2909
2565
5390
3308
5741
1601
4509
4884
635
4287
1991
963
2154
4771
5218
2196
5109
2762
5466
450
626
2247
5493
4725
190
121
1482
4890
823
2196
5293
2435
411
4039
4778
2122
2426
774
3120
2724
3673
3888
4371
4438
2227
5183
1915
5272
937
3139
5173
2243
2737
3056
1885
5431
2724
5049
1429
785
5402
1579
4763
1194
3838
5364
425
3682
716
923
3875
4956
2255
1429
5160
619
1619
3763
5197
425
5586
2195
3651
5576
1157
5370
4945
470
348
3841
1584
2196
5333
3432
2937
2382
3826
1829
284
4860
1044
2172
3485
425
672
66
2352
4884
3418
50
3139
722
4729
1152
2593
4720
1429
1475
3139
2689
3331
4497
3139
923
3722
1007
485
4566
3395
425
2023
2525
1685
5466
3954
1483
3356
5284
3395
521
985
835
2306
114
5155
2016
3415
2627
5512
2724
1044
3139
4620
2710
5170
3139
1471
3168
52
195
476
2097
536
2122
810
3738
391
2698
4315
166
576
4082
540
3396
4482
2147
3709
645
482
5476
2882
5731
1168
440
2196
1345
4318
4896
2060
2762
3139
632
5733
3538
4802
4427
2227
3308
4393
3051
694
3139
1407
1931
2200
3808
5629
2195
2
5062
1608
1468
4912
5402
743
5404
3212
1681
3621
3139
2184
2584
2964
498
3003
1130
4158
25
1429
2196
4335
3633
391
5285
220
1706
4787
4578
3371
5587
1809
1073
227
2629
3308
4188
5402
1159
25
4890
425
4162
4373
2932
5062
2367
242
2243
2748
4298
3305
2311
5632
5671
3139
5433
2635
3676
1090
1730
2014
227
2751
2974
3323
814
482
5587
2084
1961
5081
207
5063
3771
1337
1139
2311
2724
3726
652
2724
482
3072
4853
5402
5695
2975
1298
1821
1429
2196
4400
2697
3793
24
1323
3139
3139
630
1281
5235
5574
5282
1230
5475
30
1790
1876
3800
4732
307
5049
2462
3139
4327
1823
5609
4518
4629
2673
5576
2635
540
2208
1313
4272
2808
1594
1681
2122
4039
4884
5402
533
4864
3641
3738
3257
4330
5056
630
4226
5671
25
5733
276
1007
5671
2630
3054
3996
2697
1316
810
3869
823
5565
5062
5215
482
2196
1415
3393
2243
5714
2281
1791
2376
2146
1298
2988
630
2482
227
2622
1731
5362
3771
836
626
5402
279
4829
5480
5431
3813
524
4529
3838
2455
5714
3435
1965
1796
787
5384
1695
1730
52
5028
3139
5313
5036
4763
425
2196
2196
2156
2148
556
5077
4900
2882
1320
522
1681
1902
304
1636
861
5471
2746
2591
225
5041
1809
195
4611
5062
5053
457
1029
2412
5292
179
4677
5011
3676
2503
5480
5062
1706
5466
4888
25
2021
381
3676
2882
4330
1073
5028
2148
2285
1777
1282
4331
3066
3676
1048
3126
1095
5587
3688
1163
2574
3395
3139
4444
4884
5152
716
3139
5094
4497
1583
1850
1765
1268
1598
2619
2462
3621
3623
3727
5451
3003
4499
1044
4077
440
2196
2809
1919
304
3139
227
275
3344
1003
4966
1854
2937
414
5160
3139
3676
785
3880
2569
425
4582
4555
352
594
482
281
2122
4188
4689
1137
57
1504
5170
41
3288
5384
2328
937
521
1297
1686
1016
1800
1547
1923
425
1722
1601
2998
778
555
5313
3139
4677
3139
1744
5690
2380
1147
2697
66
1790
4569
5064
5744
4635
5254
4884
1480
4153
827
1468
1549
1588
1583
1759
545
689
2991
1583
1244
1264
2863
886
5362
1213
2285
5725
3401
2669
1381
1044
444
2200
4032
3354
1480
2544
2619
4884
2122
25
2531
3431
810
1016
4877
1969
3422
3288
1776
1350
3139
443
4682
5402
699
3422
4654
3592
4771
4733
1961
3330
482
4406
5336
2630
2060
2338
4011
4723
4567
1636
5479
3802
5425
1050
3139
5671
2135
4454
2942
1429
1017
2473
3339
1909
5402
2196
172
340
3385
615
2350
3619
5544
5035
4206
5551
18
4992
2587
583
4381
1800
2724
3000
227
3139
215
2243
4718
2285
3072
25
1579
5077
3569
1809
1601
4502
1384
4373
957
425
4396
4188
630
4936
2496
2243
2911
599
890
1601
746
425
4896
1298
3862
416
5253
907
5402
5402
5414
4373
1339
40
3697
4615
5322
3768
1521
3259
5102
2615
4008
2869
719
2867
5407
4039
4491
425
3996
4039
3139
5200
3139
3931
2350
147
3748
3283
1781
3139
4808
16
804
4945
5183
3682
281
2019
3385
5219
2658
25
1568
2021
1215
4713
1353
4489
2665
4577
3139
2420
1405
878
285
1427
1307
227
3317
2785
4000
4944
1044
478
3800
2196
147
4903
4497
630
2164
865
2016
2196
5062
482
2904
3496
5454
482
4713
1603
3105
227
5165
4912
1821
1746
5413
2601
2097
834
5578
2576
1044
3504
2146
2196
839
5049
3308
2669
1670
66
1992
3852
587
118
3840
3673
2089
1350
3363
1441
1429
3838
4142
5326
4188
5133
2196
2100
3983
5465
1480
3875
227
4858
630
5497
1949
5026
4484
4823
2111
1661
2195
16
1922
3708
2196
5156
1044
1044
5402
1588
923
2189
2526
1210
25
1331
2383
4977
249
5606
2583
5198
4944
1588
526
3647
3107
3139
2296
3139
195
4039
5149
275
3730
1777
5387
3920
595
3139
5270
1307
583
3040
5122
4158
1269
4399
1016
2828
3003
425
1793
1601
1405
5587
3139
2196
4771
425
590
2196
3139
716
425
4331
4469
2016
4195
1049
2196
4825
785
1352
4226
10
4545
2724
127
5587
3308
4005
2583
177
2285
4443
1625
1044
4566
1555
5499
3547
1405
1149
4763
1429
827
2974
994
4226
1623
2826
2117
4890
1429
769
1313
3139
3865
1298
4293
1239
3378
3059
1501
5037
1636
5385
515
5554
2195
2762
1813
3263
5062
2762
1813
2154
57
5434
3139
1835
2189
1401
792
5402
100
1699
1087
630
984
336
3676
2762
5155
3711
4226
1763
3676
5132
3621
3392
5250
482
2958
1206
4384
2062
3070
1016
3139
3581
4792
2189
3401
2825
227
2435
441
2285
3682
3433
3139
3581
1206
5681
4555
3763
1298
2196
4689
195
2209
2065
548
1192
4723
5132
1598
341
2364
3091
25
4039
3003
5402
177
1185
5049
548
4784
955
2146
1962
1800
4489
1167
5580
2189
5293
4788
2243
5062
5442
1300
294
4778
4130
1178
1073
5518
652
4332
4136
3308
3581
2325
4438
227
5671
3400
2196
1601
324
3139
5433
4484
4740
2200
1928
68
3621
1354
5096
304
1269
2430
5310
2698
4945
5505
254
77
718
5271
1240
2630
1405
3139
4784
2446
2153
2200
3003
1021
3536
3046
695
1601
1182
743
1611
195
5364
1280
610
3139
2333
1185
1800
1304
3051
425
5545
609
1189
1976
3139
2513
1320
957
3768
2900
3139
4787
5288
3396
4945
1185
3071
993
2390
594
425
5587
2333
1465
1586
2762
1800
1824
4526
3246
5028
2196
2714
5041
1307
2251
1337
2724
5156
634
1095
2819
963
4864
5696
227
1576
2762
4125
4559
5022
2196
2435
36
2948
3139
4792
2875
3362
3145
2619
832
4032
5733
2194
3996
630
25
1116
41
3139
4226
5385
5595
3685
1601
2016
4763
222
5133
5468
2091
1381
4763
4720
425
3308
2285
3676
1684
1044
2290
3411
3135
4373
2196
4142
5402
515
4712
1491
5162
41
4029
3676
227
2619
4276
3229
3250
425
2313
4763
5022
5491
5382
5414
5426
2285
4406
4994
1044
5576
972
4438
3615
2409
2911
293
3046
5049
482
4158
993
1407
4497
2612
2146
2675
4481
889
882
340
1958
3766
3673
3999
53
3308
25
2746
1230
3139
1185
3449
993
4082
2196
2335
3573
4618
2196
726
3041
4945
425
3139
540
4036
485
3418
1017
3005
2411
652
5085
5590
5405
314
5725
4406
425
5140
2911
487
5213
5522
170
4400
1638
2576
3696
2380
242
4489
4884
1777
2958
4836
1288
2884
2619
1238
4393
3289
3279
922
4884
2196
1429
4039
3269
4039
3996
2084
1205
2139
3139
1167
3317
1916
4158
1619
3597
1307
1601
25
227
482
2971
3761
3838
4944
787
2098
630
3139
5497
4014
1601
53
689
425
2285
4483
1405
1798
853
695
1152
3139
540
787
1809
733
2289
3621
1410
1842
4612
3139
1601
2877
2196
1405
4778
3308
5587
2285
4847
216
5466
605
4998
2989
2615
1044
5141
3139
3749
1601
1405
3595
2281
1653
791
1339
4348
2300
4654
2026
2168
5049
4142
460
1288
1249
3139
4438
4041
3139
1007
1384
2945
1586
5475
5200
1407
2196
5667
4689
4771
2084
1230
258
2285
5160
1552
5609
2619
1744
1828
482
1584
834
3752
25
1902
4384
594
5609
3488
3635
1672
285
583
4945
2354
4998
2326
4154
425
1157
5586
876
1313
2608
1694
5022
3111
5402
2200
4158
4763
3410
5432
374
5402
3510
2122
3066
5183
5561
5671
3730
3569
127
540
5626
3676
5022
2196
2867
5712
1087
2649
4777
5671
3223
2762
623
2196
5671
2226
4578
2196
3933
1704
716
857
5049
719
3139
2195
5587
5185
1185
934
3401
2989
4196
2888
2948
3139
2164
5028
3308
3139
147
1650
5062
4654
1475
4923
425
556
303
127
2877
1347
2285
2462
2898
4777
2714
2189
2194
405
754
1498
1058
3730
4966
1152
2948
3382
4000
5254
4890
5155
630
687
594
590
5404
2913
1606
3725
373
4460
2468
5518
3676
3887
991
2626
5019
1268
3834
4438
404
3086
4966
5433
1157
3976
3865
2974
3614
3139
1354
104
5361
1465
4489
1444
1587
3994
4691
3711
5165
425
890
703
2164
1506
2200
2345
1491
3296
4158
3863
2490
2619
4226
3932
1853
5205
5387
305
3451
443
967
4093
4162
3676
5035
25
2016
78
2813
147
425
1638
1916
5362
1147
3138
2196
5457
3308
2864
1744
53
713
2998
2339
3615
1601
1071
4555
195
3856
195
5074
61
5140
2200
1796
425
5064
3836
2196
1347
3139
4944
775
827
391
630
425
425
1984
2543
4705
5733
3086
3833
482
4877
972
1465
1584
1794
2813
286
987
5133
147
1157
241
2931
1313
195
3000
3139
5362
50
556
4740
5648
1636
1003
5133
695
5587
4307
1499
4071
2060
2122
2196
5062
4287
2196
3378
5062
1919
5313
4900
18
4222
4016
3081
3308
876
3139
4280
3510
5497
4040
1546
1441
482
3869
497
2825
3240
3349
3139
1580
127
4647
5587
5062
267
425
5062
4999
1936
4014
3139
2426
993
348
5669
5470
1902
2486
425
4227
5497
5385
341
2189
425
3139
1178
2660
4966
3139
1095
195
2943
4293
2314
785
177
3139
1019
4497
5511
2398
1965
5494
107
3139
4878
177
4106
5271
3676
425
1480
5402
5576
3139
2189
1083
2989
127
1636
5657
3651
2396
882
5133
1273
915
4100
2196
291
1452
4732
2279
3308
1465
4188
2277
4287
1417
4735
2200
25
4196
4240
653
4438
460
1101
3003
5269
3139
3813
5109
4348
5063
3691
2189
3139
1062
5471
628
991
694
5133
4615
1699
5419
3074
1800
5671
3738
5576
5133
3752
1434
127
3139
4884
3696
3360
2290
1742
4599
5152
296
5341
3000
147
5049
2274
2133
2825
4486
1945
127
4226
5530
1475
4784
4371
3623
3443
275
2285
2241
5497
5402
1429
594
1699
1452
2882
1313
5112
2196
3621
3311
2205
3248
2168
1119
3495
5154
1145
998
1681
5142
4348
2069
2061
2189
1212
1606
4472
5695
5402
1429
4778
1885
835
2285
1949
757
2196
1479
5200
4667
4598
5294
834
2813
4966
25
5022
5544
695
2339
5545
5600
1794
5201
5671
590
1057
2986
5028
4298
2911
3280
3991
3378
1307
2724
5162
5387
3315
3240
4966
1012
5685
1166
482
3446
4877
3139
4691
915
5366
16
3566
3327
3057
1588
1339
3621
1320
4945
5068
2097
1239
4598
4005
1307
5087
3139
5700
2164
2251
5530
5265
5587
5293
2859
4226
5387
5280
1793
3362
2882
2435
5402
5402
663
4986
4987
1410
880
2200
4763
1054
2986
1841
1454
3139
2719
4634
4497
3233
5502
722
5148
1614
2962
450
1297
482
147
2196
3486
5419
5466
70
3153
3095
2026
2414
2196
3139
3139
195
4373
5402
1945
1468
2122
4712
4713
1601
1196
1313
227
3734
3401
4888
4755
1152
1016
1230
1756
275
3105
1298
282
692
4546
3139
324
3682
2762
1208
2867
619
5049
4031
5062
3139
1949
4877
1647
1071
5081
4287
4945
733
3139
2016
2813
3139
1429
5568
1479
1949
1777
4039
636
5049
25
4147
4085
4998
5133
938
3312
2333
5238
2724
4771
3046
5238
5504
2891
2845
3015
4938
5448
2895
632
1168
5155
195
2828
3621
3396
2489
5062
4254
1313
2196
4408
4158
2257
2724
1909
5439
2939
2662
1089
2605
2476
3745
2196
3114
4920
1410
138
5468
425
3016
2931
4836
4890
1200
3057
4226
689
4771
4732
2515
1779
37
2333
1405
1780
1601
5197
3139
3925
4256
1003
1029
4713
4662
104
5695
2462
5549
3139
2904
3126
1185
5133
849
3222
1681
258
2285
5474
5515
482
4142
3037
1016
1462
5600
4890
4815
1958
5642
2333
3240
3944
2146
3146
5546
4065
3496
1832
4720
3349
5254
689
66
2154
784
3139
1095
1756
2892
5183
3000
1362
3970
4255
1019
3139
394
1019
1537
547
564
25
2196
425
2364
2196
2702
3621
25
3110
3581
5410
1686
3869
4884
4492
1636
2647
2295
2196
884
2864
1319
561
1067
1170
5259
400
540
461
3800
2762
5031
165
1444
3139
2050
2454
1095
351
5203
4852
1945
4763
1588
3926
5402
2432
5402
141
482
4188
395
2016
3139
5412
482
3443
657
3104
5062
2352
3977
637
4550
4153
746
443
432
4784
2615
2153
630
4265
2406
3210
1354
4444
2153
3139
2200
3924
4213
4876
5402
1405
645
1185
2200
2934
425
4890
2200
5000
3785
2196
5709
5062
1016
1218
25
4555
41
3139
1787
2189
1095
5274
4438
3054
1922
1155
1722
5562
969
1307
594
2246
2245
664
1145
3573
890
2619
5176
1650
3040
2762
3317
1502
3263
2196
2587
3000
1598
595
177
425
3139
3943
1435
4654
3139
1671
1904
5133
5491
1931
25
4881
2135
5595
3139
540
5543
2200
975
258
2200
5062
1335
2825
633
3676
1210
1480
441
5133
77
1095
1161
4119
425
3676
5313
1636
2196
2950
1681
694
2016
2511
5419
2196
2243
3595
3139
155
3139
3474
425
3072
3139
3538
494
1727
5155
2892
3458
1647
4158
5687
3991
3308
3887
3139
4447
3139
177
3157
3046
3592
5547
5133
5632
3641
3530
3495
1843
4039
4088
4808
5402
5119
4053
1298
2263
1681
3887
4956
637
3139
4396
1480
114
2200
5712
2877
2008
3822
2939
2762
5547
482
2967
299
1638
2583
1072
5671
3665
4141
4209
906
964
1313
4763
674
4000
16
2164
3139
5247
1337
2195
5428
1729
25
4998
5271
4787
1185
3843
823
1639
1450
2122
4720
716
3139
1681
223
5062
5087
580
5535
5165
41
4713
3139
5505
2462
1095
1584
5433
3037
1638
3139
3208
763
5505
3072
2619
3955
1931
5518
2380
2825
2347
3844
53
4802
5706
1583
1521
1116
1053
1313
5162
3513
4497
243
62
2828
2629
41
37
2619
425
3461
275
1185
2156
1019
2989
21
3507
1405
1210
3276
5402
1178
1927
4053
5472
3762
2281
3738
425
4720
4039
4078
2443
5433
5313
1854
2435
2243
427
3139
612
1313
3862
787
338
4654
4713
5690
4802
195
428
4497
2124
4771
1933
4871
1945
425
2174
3139
5049
4825
3629
971
687
1722
5733
3139
4331
2196
3393
3994
3345
3506
4192
41
5354
3917
275
3392
3440
5576
5518
937
1595
25
1601
278
4389
3039
3838
3623
654
713
5362
3852
5178
482
3815
5376
4125
1483
1983
1095
937
2320
4890
1811
5112
5164
639
628
425
1588
3439
923
1168
2615
3428
1354
1598
1931
2148
1210
4007
5470
5412
5402
5164
3007
3115
1800
3495
3436
25
5111
1554
223
3139
3139
3487
1727
602
432
5466
1722
181
3374
3139
3345
1298
4749
4930
2196
1694
1949
1504
2000
2196
3057
2196
2508
301
3676
62
3676
1759
4142
2783
5016
314
5547
4643
4771
2535
2619
2195
2196
2136
1681
3139
1577
3641
4109
1153
4226
1780
1420
5731
1131
4420
79
5068
3887
5621
3308
681
3422
515
2647
2196
1987
3308
2016
2122
632
3139
25
3139
1583
3783
5267
2958
18
2196
2196
3139
1597
102
3160
4373
1244
3139
4713
3139
25
5475
2911
2762
2825
1601
2333
2830
5288
3139
2062
3875
1504
3139
1269
223
3971
1071
5369
16
2196
1722
1441
425
1938
1680
2724
3139
3039
3863
3003
532
2185
4181
5030
2972
1650
1034
227
4482
4219
2016
1595
2591
4702
1902
231
2777
321
2482
5370
1782
5055
18
787
5275
5410
1044
4693
4763
3308
3676
923
3069
3708
704
41
425
1830
1168
2911
70
4763
1116
1016
2919
5133
1468
4219
11
1583
3577
3165
2514
25
4975
469
3051
3875
3621
4986
4267
2195
1294
923
2196
4193
633
5402
4373
3742
4193
4836
1016
2378
2959
889
3148
25
3584
5247
3238
3623
1095
539
2085
2195
2248
4039
1119
1462
5028
5409
5412
1185
1891
5695
3958
3646
2189
1405
3997
5557
1349
1060
62
3573
3139
4373
4158
5183
4571
35
4723
2813
4966
5733
5701
586
1651
2710
4255
138
3136
3139
4432
3349
2489
3820
3066
5571
670
1846
3308
3689
5189
1095
5107
3682
2619
612
3095
3139
2662
16
1044
5293
2967
1638
2196
3317
227
2196
3139
3808
852
5674
5370
5369
202
3151
787
4875
3028
1680
2535
3875
4935
1071
4902
41
3199
5305
1583
3820
348
5426
4397
475
3139
128
4142
4060
4039
1313
2122
1019
3838
1757
5028
281
548
2539
3139
4158
5521
3215
1709
307
3840
2196
2435
2196
427
3040
4945
886
2159
52
4373
3768
1356
4110
3139
1469
2065
3139
1939
2339
1846
4804
177
4373
862
2281
4404
4966
1339
4472
3904
2200
5239
2285
4707
3528
2196
3641
25
4999
16
4287
4497
3875
425
4813
5545
583
740
2016
4127
1202
3495
2523
3716
2164
1269
2724
4478
2206
785
324
1405
2583
2879
4890
5122
5706
2789
5518
92
1183
2877
1168
3997
2220
3991
2124
3176
2900
1384
2591
4467
4392
5689
2164
2196
92
2098
4233
2196
4910
275
4700
2285
881
2390
5282
3800
937
2196
4287
3139
2252
2244
961
1313
1044
3813
1800
5402
923
739
1890
5156
5271
5475
4654
5520
1429
1681
5702
827
3684
2849
5651
4802
5587
2958
2934
3139
3137
3139
2923
3139
3238
1168
3003
2372
4265
834
3139
4073
1313
2196
25
92
4561
482
1743
3192
4858
425
1853
5132
2615
1183
2998
4428
1999
5569
3139
1601
4282
4911
1601
1465
2949
5088
1513
25
4582
1384
1431
5583
2281
2390
4902
371
3191
1636
3139
1777
5049
923
2285
630
1452
5156
2167
1936
5140
1178
1230
3322
4801
227
4048
4890
3139
4567
4997
1187
5419
4654
3495
4700
1465
3676
1405
4181
715
3289
4226
1699
220
3944
2067
1902
425
3250
1702
1194
5293
3339
3024
2166
2200
1019
4358
4142
4890
1830
5491
3764
683
3139
1338
5271
3139
1427
482
4997
5402
5050
484
2196
3219
3139
1168
2196
3003
2882
425
3904
3289
195
3623
5402
4255
4484
425
1339
3761
3724
144
4181
4469
3136
4158
2762
1286
1468
5155
3176
2196
3468
275
2168
540
260
540
4884
1727
3139
5268
378
3536
3682
1307
957
3303
3139
5402
3417
2196
5280
3176
2882
4896
4791
448
972
2691
3308
3238
1168
1776
4158
147
2585
1210
3771
4742
5558
193
53
4226
4142
3725
482
2144
1184
4221
4188
2285
3057
1206
4153
4654
4074
1795
2650
3499
3669
3139
3803
1482
923
25
1567
37
486
886
425
3707
1298
1044
3139
2122
3838
746
2876
2665
195
400
4945
4732
2200
1124
2615
2122
306
4280
5587
2911
1694
3701
3392
4007
5431
5402
5233
303
2195
4611
594
3139
4222
195
25
429
1699
1429
3924
3139
5551
630
4331
425
16
4890
3058
666
1588
25
1504
3857
25
482
4077
3380
3192
3139
3015
4134
4718
4373
4549
4584
1185
3003
1054
5218
1210
4890
4107
2911
2374
4945
5402
3591
258
1250
1335
1073
227
2200
4929
2659
1480
2196
2493
1215
2200
3060
1549
1636
5695
1212
5062
1321
1352
16
391
62
3098
4702
4014
3139
3933
3680
5402
5259
3836
4771
2332
835
5419
1601
5322
5499
2904
1131
68
3313
1362
3365
5049
1269
4720
1407
425
778
3399
4346
3139
1601
5254
5714
3725
2164
590
2189
524
2574
5419
3618
1460
3479
3543
1137
5022
2200
1692
1699
474
4371
450
1928
2384
3139
787
2689
1909
3308
1206
1775
1178
630
1601
258
53
5561
3139
1371
1405
1185
1501
3139
3484
2333
333
220
2615
4438
95
1469
2406
869
4998
4014
2619
695
3447
2200
2350
3655
64
1379
4298
2345
5402
2537
594
2122
5062
937
4373
4890
3139
4188
3946
1681
3437
5733
2571
92
3253
5225
3139
521
3260
3781
4181
5627
5221
2297
1612
1352
3072
4718
4774
3139
2930
4494
3592
4287
3086
650
1307
3139
2184
1429
1073
1790
2587
3139
2196
724
2674
3919
2269
1601
5293
2355
1681
2895
5128
3377
1016
2414
4785
1429
2762
5122
4890
25
2731
3331
2149
3946
602
3139
4598
4998
5671
304
1800
2989
1116
425
4891
4945
5184
1787
4611
4449
3139
4850
2762
1331
1298
3591
25
425
415
2404
635
4142
2196
1339
2008
127
5062
4158
2724
5402
3280
3920
3406
5133
5087
5464
2122
1945
3253
5440
259
1830
545
3141
2810
3695
5696
5547
4615
5093
3139
2196
2218
2919
2645
5566
937
2281
4158
834
5142
5213
3192
2196
1468
1699
2189
583
2390
425
4777
5650
3781
1290
594
227
4636
1269
4341
1168
4904
746
5171
3066
24
4901
5466
747
993
5402
3801
386
5302
787
419
1809
193
3820
5587
2440
419
2101
5471
5108
539
3003
2196
2196
3000
3139
610
4107
2196
1307
1452
3139
29
3852
3139
5587
3771
2511
24
5022
827
4265
3480
4615
3139
1429
1495
1945
5402
4815
2619
1892
5657
3686
1396
3349
4549
3400
5062
2994
1928
5077
4158
1759
2762
1269
5362
5333
5402
5595
2398
2196
2966
748
2399
1588
4316
1601
1235
3139
1339
3139
2882
3427
3591
1702
5417
1616
2196
4701
3139
1782
2383
1777
1601
3428
485
2825
2986
1297
4466
25
2873
3240
4571
2101
2285
1588
3650
1185
4998
3462
5172
2170
2911
167
5462
1095
3139
5740
548
4348
2989
3994
1206
2411
450
834
695
2196
1480
4445
1468
1504
1282
127
3591
1460
304
4890
4654
5642
3139
5228
665
1230
183
3264
5426
400
642
2989
3080
1307
3331
447
4740
482
2122
594
16
4332
4654
4080
2122
4998
2662
2243
1623
3240
3139
4555
1044
594
4763
5402
5385
1273
5419
1339
957
5322
1925
1187
2548
2267
5402
127
25
5621
5108
4507
4506
5068
2195
3533
5183
2097
5616
4513
5061
1488
2880
3139
5491
255
850
4742
188
5410
2364
1204
3072
807
1898
4758
4836
719
2762
595
2635
4570
1095
1429
957
1016
4967
494
3029
1809
1206
1452
1429
4890
5133
5671
5087
2879
2979
1157
5164
3139
1192
5254
3393
1054
1605
3697
2170
5587
3139
2153
3139
5254
2200
5354
5191
25
4785
4658
747
1149
5695
4578
3285
2902
4791
1152
275
4993
4255
2196
1601
16
3148
1230
1681
284
1354
3139
3803
5062
5085
5497
924
77
1407
1843
1167
4998
4192
5238
5421
3974
1300
1354
3139
985
4575
4989
2098
3528
4718
1675
51
785
4884
5497
4142
5576
207
4778
5424
2867
3139
4778
18
3240
1636
339
5419
4222
2831
2284
3139
5629
1206
3308
3317
3833
1636
5598
4992
4611
620
2463
4787
4709
2189
425
3800
1003
3305
2135
628
2672
348
1338
2808
482
227
5725
1752
2306
2489
2148
1429
4330
814
1307
1998
285
236
446
4222
1427
3191
4162
1796
4614
1480
3875
1601
1777
4039
339
3139
1699
2200
4050
4387
5633
1429
425
533
3139
297
1465
5587
5402
25
41
3558
3771
1813
3485
1184
227
1166
2285
3139
3139
2549
1719
490
482
25
4986
4890
3621
2838
3077
586
2487
4383
5085
5433
1307
258
2911
1945
1405
1016
5364
486
2195
1791
2390
3996
4240
2615
1670
2939
3139
2190
2114
2576
4826
1339
2380
5687
2135
695
5402
5702
922
1298
2113
425
4492
2724
3139
2867
2825
785
400
3630
3989
565
719
1504
2911
5155
1905
1185
4032
1405
804
3139
4966
405
2544
5297
2642
1012
41
3139
2473
5410
630
4162
5209
5642
2438
5502
993
3959
2603
1722
5081
5521
1160
1193
4599
5062
2238
2196
3980
2285
1101
2378
3573
315
5497
4850
4441
214
540
95
5254
5236
4181
1699
4039
152
3755
3339
4497
1498
4438
2165
3589
484
1298
3240
4226
4482
4371
5162
2516
5497
53
2911
1919
4371
2196
4260
1588
2357
1425
3139
486
304
448
2257
1034
5271
1162
2762
243
2923
2200
2682
5062
3676
889
3676
5029
4238
5587
176
4226
5132
1608
3623
3729
4193
542
2615
16
1089
3401
4740
2615
3003
5587
1479
5501
2196
4039
5077
4703
296
5073
1298
1583
195
3730
3139
2841
650
971
630
5712
3139
823
4720
357
4689
5271
4802
5191
3600
3167
2333
3450
2185
3965
1848
357
3191
1405
183
1817
1759
2196
3862
1814
1928
2724
594
1416
1016
1588
2455
227
2939
2548
3741
5526
1692
5402
2115
5062
596
3054
1405
645
494
4497
4720
446
4238
4406
957
4945
2196
4935
2071
2934
2615
5087
1821
3139
1116
1414
3072
4693
4142
4641
3875
5322
2135
5292
3438
3931
5402
2645
146
1085
3139
757
2383
165
3139
784
1588
102
164
1300
66
2567
4547
1255
2702
4081
3422
404
1429
844
3461
2196
5384
1269
1307
3473
4757
217
3939
5466
1480
2762
2874
4496
3711
5704
5714
3820
3139
583
5574
4713
219
161
395
3945
4945
328
3711
5162
5402
475
4806
1230
1664
4575
4378
1219
2390
3139
5551
5744
2825
2902
4591
2393
2619
4984
5251
541
1352
3830
4419
1259
3139
1680
5183
3139
1203
1429
198
3289
2514
1482
1897
1339
482
2724
2196
1152
4651
739
2196
1897
1042
227
1699
2196
25
3349
3449
482
1699
3125
5413
1725
5062
3445
4457
1452
1405
508
2196
3204
3139
2619
5121
3595
3139
4865
3366
25
2777
5671
254
1465
2289
3616
2762
179
4966
4373
3095
993
4238
5033
5402
5195
3139
3050
5062
2950
1568
4309
2911
5455
3139
2691
3139
1776
1269
5419
56
2949
674
2196
4654
5692
5062
5172
4039
2764
4559
3470
3485
1902
4983
4700
3139
2813
2285
4763
5049
3386
3139
3511
223
823
4713
4502
3139
1573
882
1206
5476
3756
4513
2196
3931
2164
1016
3308
2200
3392
2196
934
1219
1452
5271
4039
5521
1800
5512
1961
2328
4188
3046
801
5402
785
1044
41
4039
1427
4045
5369
2892
2196
263
1354
4564
4226
5123
5543
5528
227
53
1429
1465
1230
653
1222
1681
2071
485
2662
92
1307
548
3049
681
1168
4606
2066
3308
1781
1595
3878
4142
5287
1012
5256
443
5188
1465
440
85
5402
3743
787
2440
3702
4539
2061
2085
587
3139
2615
3756
3991
5243
1854
2650
5507
1594
4226
1897
5587
1699
5122
2200
2495
1802
2345
25
2135
4155
4188
5262
227
5109
5387
425
1339
1382
2016
195
5022
751
2200
1172
1636
515
366
3210
2462
4315
717
1692
2196
2399
3139
595
1206
3333
66
3725
540
3308
4158
916
1307
3139
5271
1583
3512
1796
5574
5574
3222
3386
2462
53
118
4558
5700
5497
3729
4811
4157
3139
3139
2378
5142
2589
4966
853
3003
247
1379
4777
4929
1636
4188
3641
1988
1924
1044
4267
5313
5402
5481
2099
3139
5304
5019
1902
5632
5049
4957
3139
3743
2196
1583
227
4232
1053
2813
3139
3682
5414
5140
2196
2724
4406
1429
2227
252
5521
5122
3621
3838
2196
4725
2615
2730
5402
3039
3869
2703
284
1521
5362
645
5746
1335
2239
4986
5475
1374
4126
839
5587
810
2196
2189
1465
5473
2567
3392
1307
2376
1339
5049
25
1307
1794
3139
3317
1429
4758
3768
5031
2196
2830
399
1601
1082
2196
2269
4966
304
4998
2855
3127
41
2880
102
2778
4238
4945
1429
3139
227
1244
2122
3485
3315
5586
1294
4939
4945
1079
4342
923
4078
4945
1050
196
1367
444
1692
4966
835
1506
1945
716
650
4966
2200
1361
1429
5683
1462
2146
3401
3139
382
4890
4276
5160
1996
2245
937
5362
1608
547
2813
1660
5235
5587
5191
1157
5428
2364
5062
1905
1430
3987
3997
1671
3880
3308
3072
5029
425
1362
425
3308
639
5402
3650
5392
1298
376
1463
2247
5664
4634
1808
1757
2009
3139
4158
2227
494
2195
1429
425
4298
886
4827
3800
1897
3545
4438
5063
1345
1283
268
25
254
249
2196
957
2882
2122
1160
5348
4039
425
214
3048
1148
1542
1307
2517
1405
5362
220
2338
3387
4228
3991
787
875
5362
586
2333
5402
1491
4198
5726
4482
2762
248
2903
3139
3984
2675
99
4484
16
1389
2619
5340
4438
2882
2195
4995
4348
2762
1313
5062
3696
3139
4252
4651
957
3139
1778
3462
936
2211
916
3139
722
740
5082
3200
2100
1379
932
1961
1185
967
1480
3308
3876
2446
4660
548
389
623
2285
5362
5598
5345
1210
5249
1149
443
1101
2196
4221
5497
242
4986
4936
2573
3308
50
241
549
5107
364
4231
946
3139
3862
2882
4039
3592
425
5269
3676
2838
1429
4758
5725
2196
338
4416
482
4496
5547
16
425
425
1123
2383
957
2838
2114
38
3538
2164
1756
2285
4718
1298
2191
1776
1673
5191
661
3139
540
5475
3289
1313
1627
2535
1359
123
2376
785
41
4836
92
937
4780
1757
2314
1161
3736
272
1230
3139
5562
5077
5143
2208
3139
3139
2153
975
195
4188
1407
3053
2565
968
3371
2333
777
5254
3107
2021
4632
564
1601
5714
4643
1313
243
2420
2465
425
2240
2503
2435
4040
5183
5049
1222
2030
1573
1294
1785
4984
3241
1823
1860
1255
594
425
3396
1465
4287
329
2574
1427
1588
4602
4259
1606
3580
1909
1601
3139
3003
1775
2470
1313
2383
5575
526
716
2200
469
823
4401
2515
3280
1017
835
5198
5028
3264
3217
1681
1230
4733
514
5362
4825
1942
5062
5576
4039
2287
2869
1601
2009
963
2294
425
5550
1058
1068
419
5512
303
526
1076
120
2619
1931
3513
5548
4373
4330
3139
3139
957
5172
3139
5402
2019
1800
3599
2196
1429
3725
1210
1636
425
1194
4373
5419
1731
3875
25
1294
2286
5156
3317
913
3076
2196
923
3641
3621
4400
1583
2615
25
1298
1429
630
4913
3458
425
1466
1307
3039
5692
1465
1583
4497
4393
2196
4007
3707
356
5049
5062
3296
1183
5502
2771
5055
1429
3139
3242
5140
2703
2934
5247
4733
1757
2838
1570
2619
425
594
1242
2473
3139
2698
4718
5590
4815
3580
5402
1161
3139
2314
630
4570
1830
4266
4966
1044
3576
3242
3928
3139
4097
53
3933
5472
2189
3529
3291
2196
1095
348
472
3650
485
2420
2857
5049
1993
3204
901
2167
3139
5402
3139
2955
220
5690
2196
3066
3139
5714
3561
1709
1122
3679
3139
4096
3194
4650
823
3401
127
25
2422
4330
2651
5402
2306
2122
2691
25
5062
743
3591
685
5587
3917
993
4126
2380
5164
3760
2924
3027
254
5497
3772
3536
3308
425
2443
4884
1744
2462
1429
1798
3139
2695
719
5093
3820
2016
4437
923
1545
1927
1313
5642
3676
1230
5215
818
1088
801
275
3139
3067
5062
4801
2285
4226
3676
482
1931
4507
1294
2425
3197
4564
5123
5370
5402
3072
3139
4912
2414
3139
4330
532
5190
1938
4945
1902
1699
1636
482
5162
1483
3144
5616
3136
5425
3046
1119
2195
2937
1452
275
2539
5362
2443
4720
270
5062
641
127
5472
2355
3387
5271
923
1780
1313
1307
2700
314
145
4693
3139
5671
3139
695
465
1307
5733
5132
3046
3621
1193
2328
827
5402
4348
2187
4591
5082
3554
5419
452
4761
2551
2467
5119
4032
489
1452
2526
1185
4878
4903
1681
4615
1300
4037
1307
3139
1631
3238
3602
5053
1583
2652
4016
1699
5746
1830
3296
4945
923
2572
482
2196
713
2122
3887
1012
3115
2989
2196
482
787
1462
5254
430
1625
1264
3139
4559
4934
5614
4648
2304
3932
3365
4495
2890
425
465
5556
2950
5583
4225
4038
2723
3240
4999
1210
3513
1556
5122
5402
5191
400
4772
2468
3595
4944
3580
5587
3679
5258
482
3113
5214
5022
699
1194
2122
5587
3072
3522
2671
787
3853
852
425
275
2844
5647
4442
3139
4446
5587
3139
425
249
369
1796
3139
937
1405
391
2208
3139
4158
147
739
1902
2326
3139
5062
166
2691
1931
1195
3191
5497
3955
34
225
4039
5384
4825
781
1661
747
2726
532
1044
1953
2147
993
2864
2914
1631
2459
1776
524
5049
1727
2350
536
2882
5570
2196
5721
1313
1919
5524
3612
2777
195
2489
727
1240
1178
5062
1004
4529
1703
3139
4975
1082
3054
2269
2517
3067
1362
2911
5304
678
2285
5087
4978
1506
5062
1335
1168
3651
2430
2390
3139
5471
94
5087
4197
3997
4966
1206
3621
1661
5402
1131
1307
3028
1414
5254
5374
2615
5362
3107
2794
706
1044
5165
1692
911
5616
3139
5676
4792
3881
5272
3625
5059
719
474
4792
1681
4657
2665
3615
3142
1429
3449
5565
3072
1211
4099
2953
3470
482
787
4373
2016
4966
1019
2196
3838
2160
1452
1699
2351
5611
951
2426
5021
18
5587
5587
2190
4998
5072
56
2085
2196
1945
1154
1475
2420
3308
806
1405
2882
3139
4111
5497
4099
369
2196
303
1297
4986
1323
1795
5218
25
1598
1546
4998
5703
1759
522
4720
4493
5271
1438
2783
2223
526
2762
1309
1429
1913
2548
1117
2122
703
3736
882
2649
5235
38
4890
2200
1622
1681
2248
2582
4995
611
2630
2837
5742
550
470
4287
1429
5544
1506
3545
3139
4545
703
421
227
2320
4890
3139
4925
252
25
3139
5479
2152
4104
1101
2088
482
5254
5050
719
425
3308
5177
2009
3341
184
3688
2160
3061
3139
1800
2762
4177
4900
4125
3495
3934
24
716
586
138
258
1465
2196
1897
5547
177
3139
3566
425
5419
2196
3875
225
425
3317
1240
3385
4576
5049
586
3139
1573
1354
1721
3066
5050
25
540
482
3696
4993
1583
314
314
2164
1800
1699
4884
1273
255
2185
4311
4484
4007
556
1060
1992
33
1861
5731
2818
5194
5333
3139
41
1185
285
378
2196
425
2045
1722
1235
1452
5062
2548
3139
12
3139
2125
1390
5442
4054
2196
324
5419
3512
53
975
1330
548
1776
4720
353
3485
1809
4826
2569
4966
3621
5183
4890
2697
1132
1482
2761
1016
4497
348
3768
2975
1650
5587
1504
3139
4718
3046
2214
4389
77
2390
3139
5038
5116
4639
1339
2615
3041
1269
3066
3904
548
2762
590
1307
631
3946
4713
2406
3139
3183
2719
3651
258
3139
86
4048
3245
411
3307
51
5606
4945
2622
99
2810
2196
3449
3570
1462
5587
740
4415
4149
470
4915
425
3115
2459
25
3491
4351
2777
209
785
3791
285
1661
2160
2454
107
4158
909
5587
2825
4555
1410
2374
5571
2697
3139
1793
1313
25
2164
630
5280
1699
3139
540
2383
3057
5133
4959
4771
3136
4158
5162
785
3798
5683
2183
3276
5049
427
425
1429
4689
4039
2285
166
3139
5013
1300
4226
4647
4258
2660
269
5271
5150
5062
3437
3875
923
3139
425
5313
2314
1427
2867
3972
3139
1429
3496
2971
4497
25
2196
831
5344
3139
2191
923
71
4332
1178
2266
24
1297
5587
1168
5378
4392
485
1772
1313
4453
1410
2383
1465
297
5062
3695
3479
5380
2943
2364
5393
583
5132
1636
4185
3139
923
5271
5471
288
2195
4564
4011
2292
4129
5587
3139
5120
3139
5435
3139
1330
4337
2146
1298
4158
3293
2245
1583
1095
57
1146
1313
3107
127
3388
521
1095
2998
5000
5004
1167
25
3427
3903
4998
2196
1482
4291
4966
349
541
4005
1405
1681
2825
3485
4280
2011
1427
484
5674
4618
3695
864
1101
4763
2383
5087
190
1429
4945
3060
4918
2619
1313
1157
482
2195
3406
3485
2781
5474
3507
4412
2748
1902
5667
1357
3238
369
1244
4561
1291
3139
1482
4282
594
1638
3157
1000
41
3139
3057
2813
450
377
2245
432
4082
396
3789
1914
3427
5062
4718
5336
547
4746
3878
1681
193
3676
5162
1914
1016
785
5402
3308
3072
5189
1777
787
195
3683
1945
425
482
3369
2059
5183
3139
88
3114
4901
1483
5269
2260
1123
2566
4691
1184
307
1095
4303
4777
2149
1038
5699
425
3422
934
2196
2196
561
2164
5183
2007
1821
2321
5062
5695
3139
2762
3073
2814
3113
5667
425
2196
3887
4235
4400
2584
472
852
3139
5370
3304
425
272
1945
5160
1579
3768
5402
5183
2727
1405
323
3074
195
1640
3251
1288
5410
1598
630
2383
1313
555
425
3139
5402
1083
2961
4287
4332
2430
16
4829
5114
3732
628
590
2196
2707
2280
5254
3822
3843
4654
5497
4039
2099
2876
2196
1563
5003
16
425
2195
2066
1183
4158
891
5313
4929
3800
4598
3139
2195
3139
1427
2083
2285
4720
3629
3525
4438
2196
452
5402
1405
2360
3283
1352
425
1561
912
3800
383
1619
25
2196
339
3768
1492
1313
2099
2986
1429
5733
2039
5571
2122
4855
425
3139
5712
3188
4564
5433
494
4332
5342
1297
146
5466
618
1583
5326
3139
51
255
1832
127
4813
36
827
710
3308
3066
2666
1452
482
3240
2986
425
3140
5404
2122
4513
4884
3139
195
304
1793
3139
2364
5587
1737
2196
391
4119
985
2016
1172
1407
5235
3364
1580
1913
2016
3784
2762
2269
1210
2160
2285
5644
2158
1155
4714
4986
3044
1230
2200
3439
1313
5402
4022
1721
3868
1372
3836
1039
1352
3994
2762
1824
3039
3539
16
852
2162
1058
695
5094
4259
3308
3139
2435
2976
694
365
3828
542
5050
1354
1553
1588
3848
1269
1414
4720
4438
1699
1307
1898
4809
147
594
425
1793
1082
5210
925
3569
4373
4900
4365
4038
2200
5746
2196
1016
147
3139
3369
3139
3308
1313
3308
882
3266
5587
276
411
448
1159
4645
1044
1939
2152
408
2673
630
2196
4335
2196
25
4689
4720
4420
4001
3592
106
2333
2789
1834
4592
1044
949
2406
1313
482
25
3115
195
3722
1203
2174
3046
4200
2333
8
1570
526
3156
2376
3676
504
5497
1044
3822
1081
2762
3830
2122
3871
4287
1526
5172
1475
1183
391
2196
2882
2196
4100
1496
1131
2122
5362
2160
3875
4497
2069
5402
4110
5521
1123
4966
147
195
3192
4713
425
1405
258
25
270
3361
