2196
4787
5518
5402
5235
5402
2067
5100
4927
425
4065
1395
2150
3139
2286
2196
360
5595
1016
5104
2974
3308
993
3572
1704
1876
4585
2073
3139
5327
448
4616
720
3139
195
353
2196
3308
2092
739
2561
5009
4438
3289
4900
3139
41
1594
4730
2333
276
4226
5374
4966
2882
2196
778
5486
4253
4720
3154
1661
5466
1004
5588
3476
938
5402
5410
5354
494
1723
640
425
4466
1411
5100
5062
3770
-1
2196
3579
2103
5203
1011
2778
2825
258
2182
5155
4065
275
496
5402
2183
2285
1487
672
3139
3174
4934
5687
1425
1350
3689
2390
4067
4287
5293
1944
3676
3163
4158
1571
2866
3308
2196
627
4539
3959
5352
1794
5143
734
4099
2706
2693
52
3658
118
3308
1583
2200
2693
5280
3174
4078
1699
3139
1116
3387
4825
3139
4378
3708
3308
1752
1307
425
242
3139
2333
2196
5111
1106
3388
1407
4731
1902
2248
2414
2081
1811
4563
1616
1496
703
5566
5621
1301
540
3337
3946
5140
485
4662
3139
1070
3770
3596
4975
2243
3448
4487
4616
368
-1
57
2949
3308
2021
5691
3667
1868
5594
2719
5587
1300
5402
1401
3139
1072
1996
5655
5232
2809
5695
1391
2401
1954
324
1976
4644
5497
996
4280
2637
4833
5402
473
945
1680
5086
4087
1157
1050
2196
2267
1480
3139
531
5545
2196
4815
2615
25
263
448
1954
3308
4265
-1
556
57
5235
494
4822
3118
57
3419
4893
2354
1811
4188
3139
4945
2354
3503
763
5195
5545
627
3139
1841
5112
1598
357
2762
1720
2306
739
5587
1016
4039
3476
1362
1969
5087
2068
2326
5254
4188
4900
25
5177
2489
3621
25
1828
2243
275
1452
4763
3377
5271
-1
2503
494
3387
1925
2251
3781
1462
1313
5738
4065
4877
1819
425
3874
1168
2499
1301
1848
5587
4662
4825
3139
-1
2154
2084
2196
3457
1019
4465
4905
3139
-1
1352
937
-1
-1
16
3621
2333
485
2243
3887
3904
2105
4900
1410
474
482
627
5497
3676
5671
4973
4209
4654
1552
2285
746
2583
4769
1661
1095
-1
1427
3139
3653
2196
2591
3621
4079
324
2825
4771
3591
1787
3875
425
4411
1167
2531
2285
5513
-1
2665
3003
5313
-1
2029
3634
2516
743
4065
5499
4662
5587
1185
4420
1824
5587
5152
993
4287
5254
5457
482
3139
4771
5012
4038
4890
1816
5588
1619
3423
3308
3139
1079
64
3308
4831
2469
2164
1106
3308
3139
5642
3139
5119
3383
520
3821
2016
4109
1849
1903
1468
3476
4966
1342
3139
1425
127
754
1939
1530
4173
5611
2825
1307
5566
1445
993
4209
4525
1720
5272
425
1040
4564
2196
2892
-1
2619
187
4848
3376
3139
1571
2410
2314
496
2537
5111
2196
1331
425
3676
2619
324
462
3139
440
2984
4206
746
720
41
1832
389
1352
4884
1339
5319
1028
4829
5402
5561
2196
3623
583
3682
508
1873
5402
2779
5271
285
834
5384
4225
2150
357
5587
-1
3139
4210
5062
2825
5444
4585
2825
3676
5471
2724
382
3139
785
1016
3840
3139
1931
1842
627
645
360
4158
2838
5133
5088
3382
425
3139
956
3254
1530
722
-1
-1
2200
3139
465
761
4132
704
4497
1178
252
5410
4226
2706
1270
425
982
2200
2849
5495
4807
425
485
446
3308
1298
2761
1238
2838
5387
5692
3335
2903
2975
1932
4267
3870
1972
3139
1398
179
4945
2661
2873
2911
4822
4585
5576
2903
906
2441
1608
4566
3482
2043
2196
1721
2285
3641
403
1840
5194
776
5077
288
5009
5587
3837
4490
5482
63
3505
2625
5288
5049
4939
2882
5497
5402
117
2813
4269
419
1054
2574
5271
2685
2153
5185
4215
4539
4053
462
4188
1054
645
3499
2236
5473
2243
4585
2196
3874
156
4867
2977
1044
5232
2196
5156
2096
2290
1429
4506
2293
25
4776
1482
5402
2619
3690
1224
4946
1405
561
5347
751
5278
623
3074
4945
1823
-1
5047
2898
2196
4711
4065
5587
482
1101
2537
3803
5558
5402
4226
2691
4412
1003
2196
275
3653
1681
3259
5714
5729
2243
590
1337
-1
904
1323
3448
2307
3139
2122
5402
2911
138
1811
1579
41
4903
1588
249
4945
4998
4654
3139
4058
348
918
1093
5160
2544
4078
86
2122
494
1307
630
2228
918
3139
508
2067
866
2780
1935
938
2851
25
4019
3622
34
3820
746
1070
3473
823
1352
5250
5062
114
3240
227
1636
127
5067
4194
1307
3138
-1
1137
3032
540
276
2719
5313
4912
4654
147
25
-1
3139
1694
2390
3796
1019
3317
1902
2762
823
527
-1
2122
2200
3999
1480
3334
1012
4890
25
1990
750
5269
4876
1427
2330
1480
485
1405
2459
3770
2615
834
2843
3568
4717
5357
4763
4103
2200
539
2184
4877
4158
1841
4053
5402
5740
4392
3562
5402
3416
5402
5402
1480
2015
1054
5451
5544
1200
1184
4206
5445
3829
3139
3473
1443
4905
1470
5374
3139
1681
221
5410
-1
-1
4890
1016
4010
2252
4945
4390
1810
5133
834
1480
4890
5547
4827
4771
2246
2762
1429
1622
3139
3139
2609
3139
5171
3139
3242
3682
1044
2084
25
4945
3139
3657
425
2886
3103
-1
-1
5402
425
3800
4798
425
2974
4
425
5077
3682
3139
127
2196
3095
1042
1429
-1
5049
4908
5176
-1
3269
211
3139
2474
3904
746
4438
1313
1269
3621
3074
1313
1157
1876
1429
3139
2974
1099
5402
4770
1665
4259
4400
3139
4366
539
1172
2081
3238
2096
3874
-1
591
127
1243
3825
3139
2016
2762
1794
1480
-1
5402
5471
425
-1
2119
4649
2825
4493
383
1996
5062
3074
3308
4420
5467
1851
2516
1240
4912
2208
4226
876
4660
3752
1273
4808
3308
3389
5466
662
302
3160
1845
16
5370
2330
2394
1969
5293
-1
5203
5289
-1
2934
2694
4371
5171
1323
5410
2523
1976
185
3139
2463
781
127
1016
5518
1298
5165
2126
2828
3708
2906
-1
613
4562
2227
626
2285
3139
5402
469
162
1240
1958
2052
2645
5254
3329
4753
3139
4215
3174
2096
425
-1
9
3458
1869
4713
2196
1157
2189
5370
3792
3770
1928
4379
-1
1427
1313
5313
41
2243
-1
3540
1470
3139
-1
3139
3215
3621
-1
3835
3040
3946
3455
1313
651
2269
5741
41
1254
5117
2354
4390
4039
2934
556
3139
1313
-1
1429
1775
694
3139
2191
3139
4945
2612
4927
5491
4998
4576
4621
2789
5092
1195
-1
4669
412
3222
4421
3723
1178
2973
3397
2091
25
-1
232
2177
57
2285
1429
79
3363
-1
2115
3238
2562
3456
1954
4486
4913
-1
4626
5087
483
1427
5062
1095
1969
4132
3212
2149
1370
4392
4295
5049
2943
2762
3139
682
2899
3621
1101
5125
3139
4856
4912
787
4585
3676
-1
694
196
4893
594
3308
936
672
823
3650
3738
2328
4493
1925
2121
-1
5730
2096
3139
3439
3079
674
374
5333
5587
1699
4484
1213
1366
1168
1598
783
465
3095
2364
3316
1429
4538
2719
3139
5521
1714
482
5353
2228
4019
403
2196
4785
482
5497
1313
5491
4226
2390
1425
1157
-1
5012
527
2285
1601
1443
-1
4103
2243
5122
3711
3518
4770
722
2305
2863
3990
-1
4255
109
1269
2285
672
680
1044
2372
425
5647
2825
5271
1184
4290
1996
5250
1210
4082
5671
5402
2189
3428
4711
852
1307
5022
1832
566
3653
4134
5662
1429
1794
2285
2594
2768
4226
2920
1336
3800
1171
3740
3895
4884
4844
1019
3154
5555
5431
2918
5087
1044
3183
5086
1106
-1
1844
2200
2697
3418
3139
-1
5587
92
4188
5497
1699
1016
2194
2561
1366
1172
2948
2469
4103
2285
3977
1040
2285
2724
59
2101
2196
4226
4226
425
628
1651
741
4105
3139
482
5135
2697
4978
5254
1831
9
1722
1787
3086
263
5123
41
139
4188
521
-1
825
4225
1601
1207
1295
2432
428
993
2124
1462
5015
2510
1298
5142
2243
3308
627
4771
920
507
4718
4713
3139
2122
3139
872
3139
832
469
4577
3999
316
5162
3082
2629
-1
5049
5673
4430
2618
2548
-1
1116
2853
1330
5738
2196
3862
5733
4523
3139
4815
1276
4265
-1
2912
5650
2200
2585
2762
4397
2911
-1
1429
5384
2196
4107
2891
-1
1465
4224
5600
3840
5012
4567
80
3334
275
2973
252
1942
4515
227
3139
5574
5581
3139
1286
24
3093
932
324
1083
3139
1429
3139
2189
2786
1465
2837
5692
3139
2540
5726
1298
4903
2130
5656
4092
5528
2196
2326
1016
2285
1116
3139
5587
3530
937
2196
1019
3000
41
3270
1405
5107
367
1078
1083
2281
5518
4259
594
2321
1073
993
21
1677
276
482
276
3079
25
2489
227
1567
2842
2255
2243
2406
3139
304
5221
-1
5326
1958
2196
1793
494
1945
4718
1347
5140
-1
875
3752
1480
5402
1465
4287
3139
-1
4871
2314
195
1044
4945
3139
4478
2376
-1
1054
5404
4559
2285
5122
3589
4529
-1
3296
1477
25
3788
3308
4047
2196
4456
2601
2370
367
2218
556
5747
2675
5402
4222
3838
583
1379
781
1273
1429
2196
1588
2593
1195
473
2762
4529
3139
1429
719
425
4082
2285
4720
3621
-1
4836
2196
195
3139
517
351
682
2691
4945
3725
1583
1936
1168
4626
5695
314
485
4373
3829
18
2281
2719
4713
2164
3621
4158
2432
540
1240
25
4755
594
1092
1601
3308
5194
556
2531
4287
4797
7
1184
2762
3591
5015
937
1897
3087
4823
1931
1636
2406
3139
-1
4164
3139
261
2196
5051
5330
2650
638
691
5744
1269
1429
-1
2390
4890
5313
-1
3933
476
1069
-1
482
1148
2257
4122
5122
2383
-1
2100
25
3591
2589
3139
482
1240
3139
1298
2683
5049
4219
4215
27
5049
-1
2382
4699
5410
460
5747
852
3487
4662
1429
2523
3232
16
437
4755
4456
3945
3989
1782
1512
1738
1425
5587
4564
5499
1429
3139
3595
4975
2122
5743
4225
5605
1429
-1
835
3592
2376
4484
2998
5384
594
1939
4877
1692
778
3139
3139
4454
2364
1466
56
3690
1351
4886
5077
2868
4001
425
226
4405
5012
400
2469
5518
579
3308
5430
2813
1273
2063
2285
4039
2692
5162
425
24
5367
5581
5022
2463
3621
815
2243
4453
2850
-1
5673
5742
4893
626
3139
227
2285
2132
5505
3062
2119
4675
3139
3629
1106
3139
2465
5286
3996
3003
2084
4471
5399
1313
1160
3139
3809
3039
2196
3676
-1
769
113
1619
4158
5049
508
3308
3928
1085
5353
1185
5078
4890
5248
1606
3593
2637
25
3086
303
5518
3139
1185
425
972
3097
3139
1665
2762
4617
1040
4232
1647
2578
3057
5347
2846
2697
3746
275
5133
1793
482
-1
1913
249
5085
1307
3621
4067
2399
5444
4226
5733
3308
2706
1003
3171
2196
5254
3875
2355
1407
3072
3613
581
666
834
747
4229
1016
2837
1720
2736
5402
2122
2220
3716
-1
3926
5402
1307
3280
2724
3139
1095
3676
3433
1636
4987
3139
4158
4226
1999
2196
5087
1307
1307
5225
3137
3904
1666
425
1583
743
3139
5140
3158
3139
740
2774
1429
1480
4088
5049
26
1307
1269
3139
4209
2637
-1
1480
5326
2196
5173
1629
2523
3139
425
3240
3139
5402
1095
1429
5378
719
2589
4226
5062
1042
4587
2285
1993
1289
1226
400
2933
1384
4742
630
1167
5162
4197
5698
119
2376
1832
2227
1848
443
5558
5671
338
5162
4148
-1
-1
4692
5454
3763
2516
2697
2369
1307
3139
2465
1928
4718
3691
2574
4437
1850
2029
3651
5213
2615
5473
3762
4888
1307
4626
2196
986
923
865
5133
1307
3003
3139
1606
4039
3689
5006
249
1836
5402
865
1892
2401
5326
2164
1429
3877
4877
3427
4573
4039
1830
2306
314
823
4134
3244
-1
156
1429
3139
3139
391
2431
5085
2364
4313
1337
4912
1775
1050
4887
1737
990
3887
3028
4890
1653
2815
2200
2974
5271
5062
2196
1298
25
630
1088
3462
5263
746
2460
785
787
5022
77
545
4497
3800
482
288
1429
87
1313
1670
5156
1420
1339
2615
4226
25
3875
2243
5200
2704
689
2619
5281
569
3177
5572
2850
1793
225
409
1393
3240
3139
2619
3581
2539
5123
177
5405
3139
258
4616
3666
5049
2651
4497
1462
3839
2911
2196
834
5402
1298
220
5522
5706
3838
3661
3979
5714
1352
3221
5650
5173
3139
2866
3522
3270
3682
746
5004
4768
3618
32
4158
5505
2196
5228
3139
-1
823
3653
1405
5630
-1
2027
5487
1714
3869
5588
5402
5140
533
2306
-1
5200
1405
3139
5133
2194
25
310
2084
508
5473
2813
3877
1313
4688
1269
743
3139
5544
3259
2191
2200
5616
3641
3139
2281
702
1994
5077
2616
4815
5412
2196
3139
25
-1
1897
2263
227
1429
2333
540
2196
4654
3222
1661
5474
3139
689
5671
4890
425
195
1210
4195
5384
1429
3139
3549
4529
4743
2665
3774
583
4158
4448
-1
5726
494
1234
962
4720
1480
5744
1427
243
169
3139
5402
810
5642
4270
1727
4580
1538
3177
4024
1709
5642
3875
1304
5502
4
4025
3139
3139
2085
4039
1298
5445
2958
3139
4630
-1
3708
1185
4270
-1
529
485
2100
4315
540
3003
1897
1110
3027
5662
5674
3880
1429
3160
4939
354
2537
1883
2122
4720
195
285
-1
787
2084
5254
3139
3139
3634
539
2269
482
1530
2723
1240
482
3767
1777
3469
1101
25
3772
3528
41
947
4912
-1
5402
2462
2285
4945
1240
336
4992
5542
1294
3160
5576
5093
5213
3139
5012
2746
3550
-1
5733
2196
276
3183
3401
4369
1184
4497
2382
1588
1661
3917
3999
2025
5502
2196
1354
5472
2153
4802
5393
594
1044
425
2693
3317
5547
2678
1482
2934
57
3284
-1
4373
3875
5062
3328
3215
3139
5181
3139
4181
526
2200
2384
5547
3139
2903
571
227
4718
5271
5402
4890
3139
2279
2902
3139
-1
1588
5598
2406
4492
3139
3903
3606
3057
3139
3069
3713
1168
3139
1168
4465
2586
2196
630
3139
2285
4787
3086
2615
1365
1601
4654
2102
5037
5140
1230
1856
1352
3222
2189
716
1405
1269
4606
425
4912
1323
3253
4912
2196
1178
2591
4438
2113
258
2304
5088
-1
2196
2111
3975
2166
4373
425
2306
5326
4804
1101
3139
1044
5313
974
2153
1636
740
4720
5269
3875
2306
2170
2355
1008
3840
1577
1137
3139
2167
1699
816
572
107
1692
2911
1813
5200
2753
1600
3933
1429
2615
-1
3928
1184
4226
86
1042
2819
746
2285
4975
2196
2161
3534
4691
5213
1541
4107
3139
2016
4945
119
2200
3641
5402
1847
4265
1307
1601
177
4222
3815
5172
2200
1972
2629
2833
3139
583
3139
3996
747
3095
4957
2222
425
5133
2196
1586
4945
1298
41
3388
4158
5364
315
494
5212
5093
338
3884
5402
3139
2995
2972
4482
4714
3444
3139
5671
5733
-1
1350
-1
1429
494
-1
3283
3980
4945
4890
25
1399
77
3520
3139
3155
1431
1117
276
425
4815
1699
25
-1
1429
540
2367
4290
2882
2285
25
250
3838
4226
2495
5015
242
1360
4661
4906
3187
4039
4147
2638
5028
3485
807
2196
1529
2200
2372
4039
5642
5671
4332
2456
2762
1636
1429
5714
36
4007
-1
3057
425
3139
-1
5340
3543
2200
2373
2724
3534
227
872
338
3987
1694
-1
-1
1722
-1
3678
1434
3028
2096
1820
632
2825
5195
766
4986
4399
770
1601
4226
1179
917
2285
3520
4373
-1
3139
2283
2326
-1
688
5235
2151
494
5544
147
5587
241
3653
425
541
671
3139
3055
5402
632
2327
4807
4158
5062
4
4497
2973
5561
25
4787
1856
3139
5435
3308
1238
1902
5598
1681
3825
4158
1606
2536
4772
4601
2200
1935
1462
4689
5451
1936
3042
4371
746
25
2474
2473
3864
3543
2196
4225
4327
2970
3752
5713
3838
3738
3308
3869
4810
1373
594
3057
3139
419
4219
425
5062
3139
4196
3631
77
2286
3734
2248
-1
2285
3139
5579
118
4280
3139
329
4763
2285
3621
-1
5049
183
1273
5471
5547
227
2285
1931
5000
263
227
594
2246
3875
1054
5200
1313
425
1185
167
1804
3762
1793
938
127
3317
3418
4566
4936
3621
1054
4497
3623
5644
2269
4039
1798
41
5671
1709
5170
1307
3139
5576
2189
3688
5278
4884
4267
1405
3240
2376
3503
2609
648
1465
3238
3139
4929
3924
1486
781
1897
4371
4733
3676
-1
-1
2989
4771
5254
3139
4226
2473
36
1583
1653
1157
5313
1298
-1
630
615
1232
2276
4854
2383
-1
3153
-1
2615
2122
5152
2333
3714
1434
4901
4645
3687
195
1647
2222
1892
4280
980
4480
4497
481
1636
1636
2227
1307
1230
4497
2462
5156
933
4074
1244
3880
1101
5410
4615
2196
195
832
5177
3589
2196
1601
661
425
4373
1681
3239
2161
3139
1152
1830
2863
1601
227
2370
3808
1101
1796
1230
4158
5062
1375
4039
5362
1405
1085
425
2196
2196
3139
1313
1259
5429
3139
5545
25
1016
5644
1479
1601
312
2333
2196
5714
1796
3139
2665
2383
3003
4966
4842
3139
1931
1606
2825
937
2539
3689
3139
4179
3082
4763
2983
3139
4936
1571
195
441
3218
1584
5147
2332
1298
4827
932
1601
3873
5213
875
746
5183
3558
5130
2224
4433
3139
4394
2360
2314
2777
275
893
1168
2285
5165
833
114
4643
5133
25
4549
1365
4691
2615
2989
4332
2762
3139
5402
3139
4643
982
3154
5695
639
-1
3749
2196
4348
1604
1699
4977
4418
2762
402
5213
2196
304
5545
540
3139
4226
2619
823
4585
5343
2171
2025
3530
5148
1168
3518
3875
3762
1636
2234
5384
2552
3873
2196
3003
284
4549
4358
425
3139
-1
2691
2101
-1
383
4286
2196
2200
2825
3479
1307
1601
1518
5389
1601
4105
5419
2800
5400
3003
-1
41
4158
1725
3676
769
1615
-1
1636
4034
-1
1776
3072
2196
5733
3218
5254
5354
3061
1337
719
630
3069
540
425
3462
1044
694
77
3641
3681
4825
2267
425
472
5411
1244
2911
2196
278
4398
1943
3139
5431
1152
5729
950
2205
5637
975
1737
3072
1352
320
3615
2339
25
-1
4890
4903
2794
3723
4631
3689
4497
2196
4807
425
3216
-1
5726
876
5155
1429
4400
2531
2050
583
258
3114
3139
2863
4804
1054
5497
4792
5442
25
185
5049
3340
2283
1699
4945
3298
3849
5491
2849
1604
2055
-1
5649
2243
2243
2260
1583
1692
1429
16
4941
1787
2998
736
1839
5060
95
2517
5071
4771
3538
4890
5671
4611
-1
4802
1512
1101
3308
2189
1830
3139
5714
5742
965
2644
4371
513
210
2160
3139
1007
2164
2196
810
1269
2406
1297
1193
2196
2734
4945
425
3924
4132
1429
1148
4099
4959
2196
4158
5126
4581
1367
560
5587
5471
1569
5062
3139
1240
276
1554
1073
4265
1601
2285
2196
2196
389
4890
4875
3676
1313
3139
2285
3880
2146
4086
2619
4039
2838
3139
695
1210
3688
2196
2825
787
3676
4802
425
5085
4065
4901
2333
4007
2285
5404
710
4415
4153
4373
195
3162
267
3875
2163
147
1763
1791
-1
2662
2860
2551
275
2196
2196
3139
2200
5402
3427
1354
2287
4408
5573
448
2084
5671
547
1079
3317
2350
482
4489
494
2531
3194
787
3878
-1
1273
5062
3179
4945
3308
2505
1095
1601
3875
5155
3634
3139
127
252
2285
2285
2619
594
3595
5319
3318
3447
770
1429
2813
1498
25
25
5164
758
1902
1000
1054
3931
1083
4890
1298
4373
5164
1178
93
1584
3139
1187
1000
1583
41
3917
1722
4188
1902
5055
3139
2412
932
5089
4053
3139
3878
2435
2200
175
3800
2825
4986
1603
5399
4371
4344
3506
4654
3139
3139
4606
1692
261
1016
1320
1465
-1
3139
4437
482
5288
1925
4497
4226
131
1796
3595
735
4898
568
5600
219
4393
2196
1016
249
5371
2279
1301
3139
508
785
695
1843
1601
1765
1307
177
1588
4397
3439
3139
3139
4196
4966
4654
1925
1813
4720
630
5466
5410
2196
2612
3160
3139
1036
5612
-1
2196
234
304
521
1185
1016
5491
1681
138
1185
2724
3786
705
4106
4245
4408
3240
508
2882
92
5142
4718
540
3139
2949
5714
4226
5240
299
3190
59
3887
4763
2856
482
4934
282
4587
3621
4966
4966
1472
4242
2196
5000
2306
4265
4564
3763
227
1082
3115
1178
5433
1134
1042
3730
4890
4000
25
1294
1945
3435
1207
2062
25
-1
2517
223
4497
5075
5233
425
3027
993
1783
4226
2333
5140
1168
3139
5433
477
1601
323
3027
425
482
1675
3240
2174
5385
2285
823
457
4007
3621
4373
425
-1
2762
2561
4232
2326
4119
830
5405
3355
3621
4945
5133
3139
2762
1307
3139
2067
5402
2762
410
5547
485
5402
1044
1438
425
2539
2333
5007
1465
3887
2164
3455
425
2958
242
4039
1083
2050
1407
3946
2243
482
3064
1137
-1
540
177
2200
1200
4397
1738
1405
4153
923
2269
2122
1902
4125
1699
1307
4226
2196
3139
1230
3676
3682
5110
4226
41
2539
5413
127
3543
918
1692
4956
1479
242
1161
482
5062
4973
3139
5738
4315
1116
5505
5587
425
227
2626
2146
3629
2196
1301
-1
4763
4063
3378
1350
2122
612
1584
3003
1307
244
5742
5037
127
3066
5235
89
3426
2619
5587
1050
5133
2388
2380
1821
-1
1852
2016
3139
5028
195
4884
3676
1989
1185
1579
425
4539
5109
1975
3676
1056
4755
4998
1678
4330
1307
3676
4158
3621
195
170
4438
3658
3139
4183
4062
913
4128
-1
2463
1019
5399
2376
3139
3761
41
3248
2619
3651
1110
2196
3875
1240
227
5258
1044
1429
4713
1958
1722
4997
2039
-1
4286
4552
215
1829
3139
5587
3800
2257
2292
3139
5402
747
787
4705
4497
4890
5629
3476
482
1273
4676
2200
2825
5402
2781
2383
1056
1793
2149
4536
2156
2854
1860
3139
4482
3139
3822
5616
1307
606
1003
2998
5022
5497
3682
5552
3673
5578
937
701
586
672
4035
5665
3246
5010
2569
3295
5402
425
195
2934
4815
3139
5402
5491
1313
5497
4508
5402
4280
3841
2903
486
304
2196
4662
3139
2196
5183
223
5062
485
3830
5402
4511
-1
2381
1074
1185
2762
1073
3139
3682
831
179
4752
1462
5177
2882
1095
295
3841
16
3269
4763
4998
1776
787
5183
4471
835
5584
4222
2285
482
3730
4226
5410
5139
4513
4158
-1
192
1594
2124
5352
2285
704
3139
4265
1798
4825
1874
2146
3139
425
5472
1504
5475
-1
3269
5402
3822
3139
4966
1297
420
560
3139
1347
3069
196
-1
86
4373
4503
2196
2374
3366
1879
594
1722
53
1244
2290
3139
4965
826
4901
4945
5662
425
324
3738
4226
4674
2196
2630
5497
1323
3041
2196
3369
1601
4368
2154
4158
3238
5598
1958
5703
1811
2269
1307
1833
3887
1848
630
2575
1795
1692
3139
77
5322
4039
2455
5251
4990
1482
2601
2849
5049
4373
598
720
2615
5062
4158
3139
1830
4436
1206
1307
719
923
2174
787
924
2164
5671
3768
1601
367
718
2838
5587
281
5738
1088
1722
3621
3426
1008
62
-1
1692
2515
2252
5497
858
5319
2606
3074
2285
5328
594
-1
223
787
3139
2196
5133
5267
3735
3099
2998
2633
904
2515
1480
5183
-1
4007
-1
5576
3139
4591
3875
670
3139
4755
4884
2414
5576
3377
4298
119
400
1362
967
968
1502
5402
1269
1230
425
3000
905
2196
1465
99
2390
2883
5384
5497
2413
4188
2838
5254
3396
3139
2975
4067
1866
3139
3139
2474
5471
4966
1362
1429
2589
425
5444
2938
425
2724
2615
4158
-1
927
3139
52
2751
5586
5551
185
-1
1210
4602
1307
1166
5387
4566
1337
2196
4039
4616
1116
1429
1178
2455
5569
539
2378
2164
3621
2122
425
2746
5235
5062
1583
24
3139
4884
4966
4847
4225
485
550
3980
3895
3139
2615
3139
675
3139
1699
1624
1367
3139
3676
268
3289
4763
5497
4378
2328
3069
5129
68
2084
4621
3682
3676
1298
4965
4127
2042
4194
5491
1429
5269
4340
2848
1922
3308
1339
-1
3592
3087
195
285
5203
4238
2720
2789
5491
2698
2285
1456
5507
1405
2762
3136
2321
694
356
897
2196
1016
2122
3820
4742
425
2401
-1
3211
-1
3139
5459
3920
2751
2974
3365
4570
4793
3139
5085
524
1418
473
2333
3308
5410
2196
2333
5155
389
3231
632
991
5077
5671
-1
4822
3139
5336
25
3358
4188
3614
2995
3223
615
1355
2698
2124
25
1692
5062
4945
2136
3550
185
3317
1210
25
482
1185
1588
5668
127
4737
4486
4092
2376
1465
80
5538
3139
1352
5006
2195
2196
2112
2724
3139
2584
2736
4004
3499
4975
3139
918
161
2902
1405
11
4104
1405
-1
1405
3456
508
1906
5402
1737
3920
4998
2243
5198
4792
3283
-1
4914
227
4010
4564
179
2122
407
4142
2196
254
2097
425
934
3269
5402
2989
425
1331
3139
1709
33
1850
904
5497
2234
5544
4771
252
-1
5062
4555
3296
2762
1902
3139
5647
4383
3945
2390
3975
2999
1895
2983
391
3139
1480
4569
5518
281
1793
4287
993
4111
5232
834
4978
3800
521
540
1664
3976
4158
967
965
2671
2974
1941
3690
2196
5501
484
2619
1699
2196
3445
33
443
1546
3993
1699
3139
5385
3139
2462
2195
2762
3051
5084
1277
2164
815
626
2853
4438
2189
5674
3615
1885
4912
669
1821
785
4732
502
3164
1323
746
3555
4771
4039
1352
4615
1384
425
4723
1619
3139
4348
2195
1313
3618
4188
1902
3139
2164
452
3422
4471
5419
3023
3479
156
2123
448
890
4188
1297
1207
1704
1479
482
4801
425
3139
2007
5458
5062
2562
18
5402
4497
4720
1192
827
923
2357
127
4380
1405
2619
2736
2297
3139
4611
5062
1787
4374
4193
4224
2455
4619
4330
3772
1429
685
1178
2196
1414
3139
3139
4438
4014
-1
5198
82
5410
1739
-1
2315
2196
4986
5402
1149
713
3051
784
2113
3238
4169
719
2165
1294
4158
4635
-1
5345
3280
3139
1788
4694
2269
1429
214
3051
99
3688
243
2266
423
2833
326
3337
2146
594
1362
3095
5402
2841
4356
3032
4782
-1
4654
5540
5196
4118
1023
2196
2561
3875
786
1793
4763
2447
1104
4543
1390
2196
2724
1244
4521
3965
1185
1636
1212
-1
3139
4733
1887
1601
3676
4521
3308
4316
746
1178
3887
957
4956
4998
4225
1019
2539
3139
5062
3139
3115
521
4582
3139
4209
3139
474
482
25
5062
4890
5558
5695
3616
2230
4371
3329
3802
3269
3165
1407
685
1480
5062
416
400
517
3163
4188
1194
4976
5364
3908
2287
3621
3139
5049
827
2189
3080
4929
2031
4912
5404
3164
3213
4039
5333
4333
1753
1902
4497
1535
2195
3875
482
3610
4945
1106
1787
3139
227
2390
1722
444
4534
1302
138
2109
5733
1931
2067
3994
474
4039
2400
4884
1469
3397
5022
1172
4371
4225
1636
821
3560
1003
1313
329
5436
4192
195
3107
1184
1407
541
626
25
425
1283
254
2762
1625
53
1720
3139
1737
227
1725
4213
4720
2834
2569
2196
5062
1003
2196
1303
645
1244
2285
3326
2462
2194
1429
4067
1733
5022
2801
4373
1927
934
5000
4720
1444
2285
1429
425
4945
1639
5384
3499
1465
1688
3676
2743
5587
2619
1660
5395
285
5402
2189
127
25
425
1836
177
4385
3592
2122
1172
827
4158
2196
4820
2652
3400
1360
2762
2612
1426
333
920
4986
2402
3139
3139
1405
3658
425
-1
1408
1724
1152
4438
1384
3800
639
5547
3139
5426
4280
3296
630
3139
4890
489
1016
1210
969
602
882
3139
745
3432
961
3149
54
1313
4134
2245
4702
3242
3210
1320
1768
2196
1168
227
92
3308
1465
3830
540
1247
5657
3192
5133
2645
1018
1796
932
4980
3945
3139
1012
5264
4330
-1
2682
3050
3168
4159
1116
2374
2815
1681
1429
1681
1044
1424
3139
3139
3139
5062
5402
2813
3139
1334
733
3832
2951
448
2589
5317
2989
5598
5143
3507
183
220
3396
4506
3439
3377
3139
1339
11
1429
2196
787
92
5267
3591
787
4567
1462
4736
4944
472
4158
3308
618
482
3759
482
787
681
-1
1429
3015
3196
4007
2196
2368
5142
1230
2668
5528
1608
2196
5133
1986
4771
2183
2364
793
177
1429
-1
3838
1407
605
1405
1323
4936
540
5271
3000
2825
3139
3672
4998
5062
-1
3139
1809
1427
718
4681
1601
2882
2160
2825
2762
5695
4039
2364
1597
1073
3406
147
-1
1800
5033
471
494
5254
258
2440
633
2200
-1
1931
3274
3233
3346
4240
4646
2146
1362
2464
2487
2612
3139
1579
2217
787
2285
719
5164
3061
5210
908
3139
2789
2949
2197
5000
2612
3820
3315
3308
4107
1757
177
515
90
2777
2195
4890
2627
2196
4196
2245
159
5087
3989
-1
3139
3139
5204
1157
1040
791
565
425
2082
2790
556
3046
1194
5062
18
1559
2932
147
2811
3674
2724
594
785
4718
739
2714
4929
3092
1405
2153
4771
808
304
1230
5732
-1
1307
2399
4188
5232
5402
1038
3800
5402
3587
2085
1128
5473
3139
5436
5402
2196
2939
2051
2044
5162
5576
3139
2838
1360
3028
425
2196
227
5592
2615
5235
5385
3621
3581
3139
1185
3139
817
304
2196
485
951
483
3139
4356
2791
4890
3139
425
3139
3641
1254
4998
5062
4181
2911
4775
2333
484
435
3485
18
3312
3139
3139
1914
2593
5254
425
1304
5699
2101
237
1776
3361
1313
482
937
787
5341
1095
3980
2970
2557
3139
57
5062
3139
1832
4213
4844
2122
1156
4884
2285
1588
175
5707
3139
4929
2252
1559
3072
1601
3066
63
3050
-1
-1
4768
25
3773
220
1583
1405
1958
739
1506
4825
1185
177
2659
2617
5616
4998
975
5313
3616
3165
540
1465
4373
1298
5362
3069
1172
2833
4835
590
5271
482
3139
5387
3240
3139
3330
2603
639
5587
3968
25
1362
1161
4847
5587
4437
2326
3139
5714
5383
1471
5279
1702
425
5491
425
4371
2196
2196
245
2030
4188
5671
963
785
2837
5571
425
4763
3781
3771
5129
512
716
2390
1300
258
685
1588
4890
443
2084
2572
5362
2213
632
5432
5004
1496
3838
1699
565
275
-1
2122
2615
5398
4467
1891
2472
4808
2364
3113
3139
5402
5087
4268
938
5238
195
5466
2162
2160
5402
25
3408
3427
4492
5235
750
1055
1405
1250
41
4011
4689
2345
1313
5178
1475
3128
5502
3139
4188
4763
4645
4000
2569
3308
5254
4712
3782
4929
360
540
1588
2732
3703
4226
5643
3365
3688
889
2040
1320
1892
2304
5364
2911
3139
5433
2882
2196
5387
834
3652
1681
1658
5587
1794
4634
4158
1230
5207
1194
2420
3139
3641
1583
1298
281
5062
2786
485
1699
1465
2882
3569
5031
1601
3003
5336
3629
302
1699
5160
823
2712
1152
5232
1054
41
4353
1273
227
5512
3682
5062
127
-1
1095
1471
5273
2196
2419
12
1185
3449
4108
2243
-1
4966
3139
4584
1480
24
2060
243
2325
2196
1429
2285
3139
4209
2841
4935
5154
1019
3003
2196
3031
3240
227
3139
3057
2589
3676
740
3308
2435
2266
1876
5052
4763
4720
4720
5528
3072
2411
-1
5330
1427
4415
285
5395
1674
-1
2229
2196
2796
1044
1172
4168
3046
2665
1435
2200
1699
1897
2948
594
975
3139
4280
5122
3680
425
716
2196
5744
4435
2146
2684
1405
3308
2601
3965
521
1313
2196
4615
4007
614
1777
5087
2285
640
3464
1193
-1
3641
1161
482
5587
5587
4158
3456
3615
3139
5062
1095
2762
2972
3796
2962
5419
5049
937
3139
722
4634
884
3139
2716
923
5595
486
3699
2864
5688
2195
3843
4771
1237
1475
3139
3805
1955
1212
1429
146
934
5733
1429
4373
498
2084
4589
859
3251
5673
5402
4142
25
2189
3435
178
304
5735
4771
425
5183
3176
2196
3592
5049
3139
2579
3401
1945
1429
5162
3139
4978
1003
548
3225
1347
2016
3676
3139
3676
4158
1078
3184
2196
1752
1545
2724
1405
227
425
3139
3057
2195
3139
2764
4237
5050
927
3676
4481
25
2954
4226
192
2613
1690
5608
4188
967
16
3558
4185
4185
2603
5517
4877
4185
1294
2569
5437
3139
2828
1073
4322
4735
5538
2200
5614
3725
2285
38
5122
4777
5062
2122
4298
4497
252
147
1932
1692
3676
25
2055
2825
3003
2227
4689
2383
177
3485
214
2196
787
3057
4616
4900
1823
4720
3139
1339
2243
3960
2286
1585
1516
4158
4969
5657
195
349
2954
1344
4890
4
3653
1601
733
1132
3139
3363
3258
288
2934
4712
425
1071
3159
1178
2269
2376
4784
946
4966
1189
5286
2943
999
2196
1273
1666
1323
2196
2867
4373
2539
1158
5522
5062
3147
3550
1925
4936
740
2251
1902
3139
5062
2267
4070
4720
5657
127
1429
5346
2285
4093
3641
4436
25
1583
4944
2099
2762
2164
2320
2373
3817
754
4844
3621
2629
4162
3308
5235
2557
262
4525
177
2196
2196
2080
1230
3113
3497
1732
3003
827
835
304
1004
913
3139
2911
612
3027
2285
3331
2122
5616
440
5587
1255
3139
1298
5687
5107
5133
2016
1583
346
25
1482
5616
3604
3817
1610
4078
615
4513
562
4373
25
3061
1583
1710
5615
1753
4997
3069
3139
3621
3139
5214
3996
5235
425
2399
396
49
-1
1194
2662
4373
4884
2250
886
195
3655
1823
614
5229
2892
4039
5402
1776
1131
2122
4945
5419
1556
5354
3552
2345
3577
-1
3738
-1
3162
2619
2660
3458
3139
5558
5326
1429
1759
3139
3139
2196
3462
1681
2714
3402
4393
517
1429
2195
3003
4787
827
2714
5442
3079
285
3895
25
4213
2462
918
1330
2196
3492
5664
3003
4771
5609
2084
5419
3745
5049
1167
5387
4776
2605
2196
1222
3181
2196
5471
3025
5049
935
5402
1720
1800
3839
787
5385
906
2877
2333
4547
5191
3232
1707
2414
1600
25
5049
4890
4158
5402
2882
5433
5471
3513
195
4944
5033
3520
5497
3003
2697
5426
3878
-1
4513
4945
1772
1942
1095
4713
5160
3499
2133
5714
2124
5114
1599
2650
5587
25
446
5595
4053
2911
4567
425
1405
1452
1016
3308
3875
777
1338
232
5466
3139
1429
528
3283
3367
2285
1452
5313
3432
-1
5062
2776
5747
5598
5671
583
5501
3745
25
147
1407
3066
3400
5547
3738
3428
5671
1185
2196
4255
425
3855
1083
1699
4911
4188
1230
227
5402
4037
827
2285
4966
-1
4661
3645
275
3139
3283
3139
961
147
1931
1313
2020
425
2328
3990
5433
2147
3139
4998
2085
425
357
248
4242
482
25
258
1157
227
978
3065
425
1777
3657
1737
5117
220
5567
2243
193
2338
482
1910
2008
25
195
1608
4039
1394
4142
1583
2691
4408
3139
4938
5086
5049
960
2059
4570
4771
2724
2196
448
1054
4330
106
183
418
3240
695
5146
5185
2572
1949
5059
4285
2101
3992
1178
1759
1007
5576
1138
1244
4276
1241
2011
1313
3800
25
5574
2259
4548
1185
3766
1012
2861
1377
41
25
3349
448
5055
1311
92
5413
5322
3139
1510
785
1123
1381
3139
4890
3139
2877
1223
4691
3846
1016
3139
4468
5497
5402
500
4934
2731
689
5729
831
4000
1378
3139
3743
-1
1091
2026
-1
1297
281
2196
5031
5576
3139
4643
3139
3139
1598
1095
166
5551
275
2416
2444
2561
5451
1625
1661
3991
1044
3820
785
5172
3735
2610
3858
740
2196
5290
25
747
2285
1462
4855
548
2691
1178
5027
3931
967
2748
4966
3438
4142
2200
3139
5183
1044
3602
5162
4945
1167
1210
823
3000
5385
4720
1206
3741
491
25
2882
5271
1639
2196
92
3623
3928
25
2196
425
2949
993
5177
2189
5574
1762
5112
5706
3377
195
4635
1352
425
2762
2762
3192
4197
2543
396
2698
3139
3822
5293
2200
4280
2196
623
4137
1429
1429
5742
3485
227
4216
1986
3003
-1
4075
2096
3621
127
227
2691
107
4997
4891
-1
3682
5109
-1
749
1822
2196
4371
3999
4238
446
5528
2435
3249
5114
3753
-1
3577
1307
1044
2990
3302
1913
425
4713
3139
1429
2200
5258
-1
5402
1469
1601
916
16
1405
937
5354
25
3007
2112
4742
2196
5547
1712
5181
2576
1504
2494
5165
680
1414
1601
3621
2619
2440
2196
1681
5744
4746
623
3838
2383
5388
5340
3955
4949
3875
540
25
1427
1320
2196
2350
3682
3946
2838
5108
5124
127
1595
2041
3033
4194
2767
391
1897
1016
1452
716
1016
1601
1050
3139
1183
2196
4074
2206
4482
998
2200
3139
1931
4106
4772
2539
1681
4825
1583
3139
5062
3113
1632
2285
4966
5304
993
16
2333
2178
630
1796
2612
5062
5271
4158
400
4945
5238
1586
4883
4654
5565
583
271
3139
1307
5362
2863
3621
1250
2675
5362
1090
4222
3115
2156
275
5313
482
2894
3910
3196
701
443
3139
275
957
1465
4158
4771
338
3139
263
2056
4583
2380
3504
1506
934
3003
4262
353
3139
5525
3176
985
1794
4226
5402
1205
5178
2364
2809
3139
1480
4090
1168
2619
2122
1949
2699
482
3421
5062
5062
5062
1945
4851
4119
2148
2903
41
2285
2911
3139
4039
3139
1699
4332
1333
5385
4998
1611
311
3003
4997
3139
975
2534
889
502
4039
5360
2039
1230
5695
3115
540
3838
2527
5671
2799
4598
4945
5419
2164
5564
99
1584
857
2819
5156
4784
3051
3982
5254
3402
567
650
127
2197
-1
923
5587
4188
5426
1300
-1
425
4039
583
304
3821
1343
2666
1429
583
4078
4097
3139
3851
1913
36
2196
314
504
4691
25
-1
2775
3513
3139
5733
1012
3060
5402
2016
2158
460
5022
5576
326
1137
1588
3139
166
5587
4238
-1
5275
1636
425
4224
3461
613
1759
917
5132
3749
5086
4723
2122
957
2285
5062
2195
4615
5542
5269
4089
8
630
540
4945
297
1431
1586
2196
1769
626
2296
3939
2724
1757
4484
1195
4362
3656
1030
304
304
425
993
1459
1699
425
746
4332
2292
3768
1480
5140
3422
1161
2459
127
425
1807
5616
4966
2921
5183
4875
2154
1429
338
785
1452
1733
681
3532
5695
3004
3069
1945
4482
1206
127
3139
1380
3003
443
3139
4109
4348
2749
5402
3139
-1
4134
5085
3616
5426
1583
4000
2837
2016
3882
3683
2054
2024
3875
3139
4999
2903
3068
227
3822
1307
2220
1307
3875
4505
3007
2196
4417
2813
2838
3655
4877
1323
808
923
1044
5521
5326
93
482
2762
224
3139
5156
4558
3317
1780
2691
4698
4276
623
4763
4966
258
304
4884
5433
5402
1230
4718
4282
2196
2321
4454
1699
5068
1939
5133
854
2060
5671
3439
685
2196
4495
1541
25
4492
672
4945
923
4890
5068
1044
5690
1465
4884
4976
4158
2196
414
5364
41
2438
5036
4082
4834
834
5412
3139
3838
3439
3316
3139
5587
4073
730
3139
4158
1638
2882
540
1230
1168
5544
3139
326
3139
5073
5410
5570
694
175
2196
2701
2484
2515
1501
2257
556
227
425
1722
957
3999
5156
227
2028
2250
4959
4348
4032
1475
5271
4298
1987
993
5077
2196
778
487
5100
2383
3241
2724
5049
5133
2465
4032
3139
2200
1601
2939
5304
3315
3000
2226
5411
3985
3953
2389
1313
206
5731
4791
24
3711
425
4158
1455
4111
174
62
5576
1776
522
3139
485
5198
24
2062
4497
4998
1313
4966
1354
5402
5588
5560
1675
1727
3949
1100
1800
2378
2615
5014
1913
-1
3242
3343
4616
583
18
3433
90
5112
3986
3091
3139
1288
2409
1119
3651
1757
1168
1960
5313
4298
3432
3651
2989
2153
1097
1307
3139
2164
1183
2090
2493
2094
1230
3447
5402
4453
4902
3616
4896
5063
4031
2010
-1
5423
1300
3653
3139
1149
1601
1041
836
16
-1
3830
5183
1504
5140
4075
2958
3711
1157
3439
5132
4712
3599
5105
326
1473
1468
177
1313
1600
4075
3886
2778
3139
834
3930
3963
2762
3591
4080
1544
1169
739
4945
102
53
1734
5491
3781
3654
147
3107
1362
425
5013
3929
5195
3878
5062
2949
25
18
2662
-1
808
4074
1438
-1
787
2122
378
4000
314
957
524
-1
3275
5123
552
5714
4331
3743
1588
4582
425
787
1583
2196
2200
4945
4130
5251
4147
1168
16
3623
242
1800
25
2135
4823
1313
2200
1694
561
835
1384
4904
565
1601
2196
5271
3072
2245
3000
2989
2893
2615
2454
2154
4039
1157
3360
4446
1564
3139
5729
1013
3479
602
425
5607
2974
2911
3396
425
4975
425
785
1583
5267
5402
4982
464
1927
1168
5726
5178
2583
2615
2216
-1
3768
2050
356
5142
3800
2196
4226
5232
1339
1429
3496
3519
2200
5571
3139
923
5031
5686
1204
5402
5402
5375
1902
2019
2243
1826
70
4311
428
4808
2195
3291
751
1504
2551
1185
5205
4494
4196
77
1949
3581
3395
3341
1073
5696
2196
2762
3869
1457
1863
5340
5011
425
1210
541
2762
3139
5059
5183
5547
2269
1029
3003
3980
2182
1811
1081
146
2196
5062
1423
1132
204
-1
5254
1653
2333
2333
2374
1405
4301
5387
5419
540
3800
2238
3819
4695
425
3072
4829
5000
3676
2196
2576
3726
4799
4998
2419
2285
3126
5616
3500
2622
1757
4746
4142
923
1155
5149
5160
1521
1162
4342
2310
2241
1269
4345
5029
3212
3955
3034
3557
2615
1083
-1
2335
1429
4718
482
1313
1168
2619
26
4708
674
1429
4158
4884
-1
4584
1298
3331
4974
5696
1800
2924
4513
1017
3875
3315
275
99
1731
2530
585
4998
1149
1681
2189
4082
1212
1636
1313
2065
787
1681
2196
4050
581
2146
482
1601
4975
823
4493
4903
2661
1384
1791
5049
1429
1660
630
364
3139
4549
4689
3139
4896
4104
1808
4142
4158
3074
4751
5022
3294
225
1622
5714
5410
548
1415
220
1772
5049
2189
4342
1465
2146
2724
-1
5502
719
1405
1297
3139
1465
3139
2187
3139
4032
4689
3139
5238
2204
-1
5077
2311
548
1168
-1
2352
827
1639
1757
4720
4992
1049
2181
2196
5077
3461
583
3822
3426
3406
852
4265
4718
425
5497
1631
2697
3647
536
882
1073
484
3139
2420
4142
4134
-1
3139
5062
52
2838
1843
-1
2548
1814
4039
3160
425
3401
3228
5109
1619
1178
1405
4673
3139
896
4966
763
2697
4188
3308
2200
195
1269
1722
2686
4106
391
1116
1152
5086
3007
1054
2285
1583
2762
2430
-1
1016
4945
1936
4126
-1
25
5233
2189
1307
595
3139
2196
630
1405
5049
5049
5556
650
5194
1168
5671
3139
5022
4611
2992
1897
-1
1949
4157
4054
5695
1172
2034
4438
4951
4849
1653
1673
2
5650
5497
4685
4497
2989
53
3763
1606
5045
25
5067
2517
2651
3003
3046
1274
1336
11
4763
4461
5190
5587
1595
25
1542
4062
402
3463
1070
1123
2405
2153
4142
2285
3829
2148
318
3852
387
3139
4438
176
1210
2358
2396
1432
924
1452
547
957
5402
3139
639
4884
3308
3115
3553
4945
3603
725
2662
1427
425
4454
2492
2339
227
3139
-1
5269
195
-1
25
2325
2653
2014
3836
4945
2548
4771
4497
3139
1298
1396
3139
5402
182
4039
811
3139
3716
2552
4755
2189
2405
1178
1570
2825
5544
3046
2195
886
5057
3621
5303
4590
3095
2724
4080
1167
3317
823
1501
5062
1145
2911
2196
4983
1330
2348
255
2026
3852
5104
1367
2333
1552
890
2619
1339
5576
155
3139
2174
5466
5200
4471
2285
3485
4645
5616
689
4007
3970
1647
3139
688
5083
2809
4986
3324
2619
3139
2593
2615
1157
4280
2285
5402
3273
425
1766
1727
482
3621
4264
18
1429
1206
4564
2321
425
1383
5745
5587
1347
1599
2843
1273
5022
3919
470
4334
4398
1083
5431
3139
3651
1561
3139
835
2469
3830
2934
2669
1294
2281
1354
5648
1297
923
1200
5165
1429
3109
1173
2828
2383
2196
25
1861
747
5046
1356
400
5746
1942
87
1961
1785
138
3139
2251
5372
630
4032
2989
1213
1832
3838
3975
4332
5587
1325
227
1407
3682
4900
5649
5712
482
3139
4915
3139
25
3270
3509
9
5671
5093
4239
3317
2781
4435
3139
1298
1976
4718
3139
5587
4882
2620
3920
425
2084
5587
5028
2083
263
5088
2306
1087
5578
3621
5491
2294
4082
4413
5031
1487
4720
1153
680
521
2269
3291
25
3057
3994
3046
1081
16
5292
1537
2306
1582
3139
4408
5082
4298
4446
2196
2454
957
425
2273
3933
3676
2887
1405
3139
2814
3547
2662
3139
3095
1919
3970
1269
25
475
5384
1044
3003
1160
4065
3378
1583
5402
1240
1429
4785
1600
4654
2749
3060
5049
3781
1168
515
3139
3
1044
954
4116
1475
5142
702
1367
1269
1809
482
1793
1429
5520
1056
275
5378
2323
5712
3139
3191
5113
16
3139
1429
5049
4099
2399
1809
1406
3378
3059
3380
4206
4313
5508
5475
4226
425
2948
5466
3240
2662
3822
3139
293
1583
195
3240
1095
3240
2390
-1
2352
2867
2762
1787
2122
3139
3887
3139
5632
5340
5304
1776
2060
1345
1206
2196
2200
3139
3139
4757
5345
3760
5426
4387
5616
1891
5284
3487
5293
1029
5000
670
1288
4125
4298
-1
823
494
1157
2196
190
5142
1166
4945
2825
1488
5254
4139
3946
4382
2334
3957
4142
227
336
4497
4720
695
3623
823
4588
2454
4703
1095
4890
2724
540
3139
1038
4040
3067
3308
541
2196
5062
2939
482
915
2189
509
1821
5062
1462
2285
5370
3418
16
1957
4776
2376
4818
2243
3099
1786
3595
998
425
685
916
4365
16
1702
4039
2946
258
2691
1429
1448
3095
3139
3997
4185
2383
1352
1149
4615
1307
5088
3139
5254
1815
303
3971
482
4654
5167
5587
4444
390
3110
2101
1298
5521
1019
1588
4051
2269
3449
2689
-1
785
2326
1657
4039
2285
3317
4477
2986
719
3308
599
1722
973
536
1452
4975
4861
2882
4396
1198
1788
4693
3463
1672
1636
2196
1307
3009
2016
3641
1622
4987
3308
5299
2403
2164
448
2531
705
2196
5671
548
3139
4673
5402
4611
3139
356
3920
1119
751
3696
1298
4985
245
3072
4809
5674
2124
540
937
485
2420
1800
421
3300
5587
1583
482
5402
2285
4997
4231
25
1480
3676
1827
2245
5063
4497
2164
2176
5164
1636
628
1083
5362
3377
3153
5049
1759
1921
3439
1407
5062
548
1843
3641
1739
1044
2430
5612
1240
1601
1500
1016
-1
5133
2455
4806
1339
4039
4320
3749
2227
3046
3139
3905
3180
3037
1931
1239
3139
4696
3395
4497
4778
16
227
3387
4900
2873
3107
1619
5109
5674
4689
2826
1047
1335
837
4982
2882
2122
3768
4196
1891
915
845
844
1095
3215
3501
4255
5576
1044
4792
2164
2196
785
5247
4446
4099
5524
2122
1297
484
1597
635
556
2760
852
2187
3937
3238
188
2574
3308
2153
5717
773
3139
4733
923
5384
2584
5671
3862
1931
2615
2702
1962
4806
4022
2798
1830
303
3139
293
3067
4039
2838
53
3139
2138
2978
2196
1206
5347
5133
3139
2376
2164
863
1684
3139
3072
147
4771
1178
2191
966
610
4535
5364
18
2516
2743
1352
2589
876
3651
2196
1120
4497
-1
3422
85
1099
3139
4038
3838
25
3791
5383
4700
-1
2285
4330
25
2769
3336
4171
5737
465
1885
5148
5028
608
1240
2948
635
4371
669
649
2835
4825
193
3688
349
2195
4438
5037
3251
1964
5689
1699
2880
2817
2344
-1
807
2920
5687
4058
3139
1552
1521
2059
4002
1339
5288
4038
3799
3039
1494
5028
556
4720
2202
3240
5414
3996
1664
630
35
3880
3725
482
2195
2196
3139
1101
4890
1945
127
5593
636
146
1895
4036
1081
1149
1168
2766
2762
932
4992
3865
5523
1407
1475
3042
2380
4087
3193
4650
1530
3996
3797
25
5197
4039
3362
1452
2892
3280
975
5402
2813
1307
5370
1178
4348
3139
127
2196
2122
4763
1001
5133
41
2189
2890
425
4015
2196
2703
5695
1429
270
3003
288
5491
5062
3139
4127
-1
4093
425
630
5598
3813
4119
147
2247
2122
1056
3317
2762
3465
923
2269
2515
3139
594
3139
4276
586
981
2911
4717
2971
965
1588
508
4693
5389
3139
4986
5122
427
4142
425
5402
4602
2122
3139
314
733
2136
2196
1511
3888
985
1429
1482
2993
53
4966
5712
2189
1101
2571
2746
1939
3564
2196
4621
3959
3139
2195
2669
2016
1610
1747
5122
1897
3994
3139
541
1381
5587
594
425
241
1820
869
4125
1155
1583
2189
5512
1185
5213
2583
381
4142
4966
1821
3261
5620
5019
400
4896
5271
1848
3537
5191
2160
1429
3888
5177
2962
4484
3139
5690
190
5543
4296
1012
2813
255
2285
1307
3443
2380
612
3725
284
4438
3328
425
4784
4023
422
1681
482
4963
2196
2762
5587
2196
5566
4330
1630
988
350
1354
3378
3422
3139
2430
5033
540
2333
2489
1931
539
3583
485
1842
2196
4599
3060
1347
3136
3139
-1
2085
1522
3735
2953
1708
1800
3139
1564
3139
16
1945
1361
1262
3965
3139
3676
2714
2378
2619
2269
2174
4104
810
473
3139
2882
4521
1822
3892
15
4158
5014
3999
4188
1221
1307
3513
4096
5574
2949
1380
3139
4142
2625
716
2196
2462
305
665
5419
1185
1466
3037
5699
3008
1800
3704
5062
57
5731
923
3139
2955
1452
2343
3098
2548
2462
5313
2700
66
4156
4689
2702
4158
5099
53
485
470
3621
38
4134
2168
5716
739
1482
5587
3589
1429
5062
3606
3197
447
1170
3139
1019
521
4978
5475
3139
1482
3591
349
3308
2285
427
2075
178
3676
2364
5534
5661
2882
3445
1307
1095
3573
1601
3139
1632
809
4778
775
2285
2245
2196
5171
4240
1157
1480
2762
1012
25
3387
1429
2867
750
3771
889
1583
3621
2196
827
3591
3139
3621
41
791
1608
5333
425
1448
3139
432
3139
4966
3312
5049
4290
1313
700
482
2038
5280
57
784
724
4497
3150
25
4884
-1
5087
4173
1292
3054
4242
2552
4936
4142
1405
425
36
630
-1
5616
3673
4966
3592
1157
4926
3998
1073
1300
2164
3139
3289
3404
1857
1124
5170
3676
3676
5403
1405
3648
5473
5121
2881
4993
907
1564
4998
5387
4206
3139
1313
5362
5133
1536
1307
5172
5671
25
2196
2615
1522
223
425
3139
3139
1348
5733
3485
195
1298
2164
2248
5349
1782
3296
4349
3828
704
2813
2196
4998
5425
425
1638
1737
3139
5304
2196
1655
2175
2576
823
5062
1636
834
5439
304
-1
2154
2783
3160
823
5000
4718
1699
3013
3177
4126
443
5272
1313
5452
2196
5419
971
3554
3139
4995
271
107
482
1834
2059
229
1139
5022
2196
2016
4617
4907
4181
3615
1584
18
3291
4491
1530
4979
5009
3139
5077
5521
2189
1095
2329
258
3304
425
2489
3139
3046
5571
4986
451
3308
2619
2314
1139
5246
1429
425
3316
2055
1405
-1
4373
4966
4162
4438
1307
3265
3317
1601
2724
4732
4342
1945
1996
52
2542
187
876
11
5340
2724
4397
1210
5411
3139
41
1313
425
3581
5106
273
5362
1298
5053
2285
4406
1902
3676
41
2328
2585
2084
5062
3991
195
3808
4342
2967
2098
3904
482
5744
5545
747
2350
5009
4303
1354
1157
1601
1931
5133
71
2122
2165
5080
261
5062
4016
5025
147
5032
3238
5466
4226
2514
3393
3139
1044
1619
3139
1154
5450
5133
2200
1429
51
16
3640
376
5235
5709
889
4792
4158
227
968
2149
4359
460
1579
4400
991
4884
494
1425
5587
275
470
4720
555
4400
2562
3695
4755
1178
5475
4372
1571
4654
2196
1778
1584
270
810
4718
1619
2911
34
4007
2083
5070
1022
-1
5587
1925
1686
2196
578
482
1230
5402
2170
1085
3994
5402
1298
706
220
2333
1588
-1
665
970
3790
1650
4099
2320
4763
1549
2098
3139
3887
3676
3261
1800
4000
1685
2703
1420
2882
3139
2200
-1
4188
2059
3931
427
2196
2762
1480
4961
3495
822
3910
5521
5062
2841
446
2813
3139
957
2880
3139
2807
669
5719
2196
3331
3963
5421
4399
5062
4332
1429
689
2174
5200
4358
2671
4689
541
4188
5049
482
2696
3139
630
1095
1194
5152
1298
5062
1583
1583
1892
2023
304
3419
1595
5638
3139
3139
3145
1949
2376
4720
991
5228
3676
3689
4298
632
1475
3139
263
2196
25
2196
2122
1496
-1
1420
1307
2196
3139
3139
2714
5497
3139
1681
2390
5551
3139
3602
2619
5285
-1
1699
887
1288
3139
2050
1168
1757
4193
5410
2196
4007
3139
1155
584
1800
3833
1230
5419
2196
2375
5301
2196
4378
3642
25
540
369
223
3401
2420
2697
337
1636
3003
3139
3003
3743
4142
1019
5685
73
4235
2689
2196
5087
3141
3139
25
3708
2196
3507
5402
-1
666
804
576
1339
460
1571
4373
2391
4586
5041
2014
3139
3822
3139
3308
41
4497
1663
3046
3308
4763
1298
5714
3139
1082
3756
5269
4720
1468
5411
1480
-1
3139
-1
5671
5362
4571
3533
4158
494
5238
3951
1178
2895
4899
2697
1466
1116
3139
5077
2186
3139
1339
1618
444
5521
834
2122
5177
2615
1941
5390
1601
539
4158
1570
2306
25
2762
4039
2691
195
2882
2320
1016
3392
1236
3396
1371
3139
5271
4188
703
3217
3875
3000
1601
2196
962
5507
3139
2196
2156
1945
2838
4014
4718
3284
2153
5473
1185
3051
5280
1429
378
432
1185
5497
2234
5595
4531
3040
2147
77
492
3036
4343
1916
2200
3400
1016
2782
2762
3401
2572
785
1405
5474
2301
3139
5362
1737
478
-1
3142
654
3266
3833
2913
2189
5049
2196
1719
1575
-1
3139
594
1601
136
1429
971
2813
1145
1339
2911
3317
1016
957
3139
2016
1475
3095
5497
1583
1465
2312
711
2196
5333
2825
5359
78
5096
254
1546
3414
25
5547
3139
195
923
4732
4890
369
985
470
2569
5333
1405
425
373
957
1003
708
808
2762
3362
3863
3889
2911
482
3910
3238
482
5496
3139
2649
3139
1206
395
5402
1168
93
2851
3768
3470
51
2615
1185
1339
4670
2825
425
1588
3139
4245
314
3139
-1
3877
-1
5548
3711
332
4497
4792
205
4718
3863
594
2196
5241
4788
4070
1759
53
4041
5347
440
284
1886
4497
1345
4836
411
1452
5362
1116
1800
-1
1681
1943
2691
1175
2539
2974
4890
2673
4973
-1
2470
1721
3308
1583
2953
66
4482
1972
4682
3581
2603
2195
6
3050
1675
4732
5587
214
3763
3205
4654
1016
4337
1003
4596
3139
3139
3762
1012
3621
5094
1765
3138
4293
4896
4158
1390
4497
4317
3139
25
4778
695
1210
25
3241
3965
2794
1300
5632
3054
1429
2122
2882
2814
1016
2383
2615
3139
482
5062
5487
2934
5049
1673
2196
2129
4196
3880
4521
1546
4045
5402
4438
1101
4853
1938
744
364
971
5426
5733
3139
4868
4378
787
4335
1892
425
993
5140
2812
1273
3139
3308
1115
3862
3456
4203
4945
25
1276
2619
2762
339
901
1210
66
1800
2958
3828
5624
5068
5164
3139
297
425
2667
3641
4890
2993
4564
5068
5243
405
275
1897
4176
1145
1307
975
2057
645
5402
5714
425
2345
2724
2196
5587
3529
2146
3621
195
1427
519
5133
3784
5172
4457
1546
3396
835
2589
220
4718
5473
3333
5062
4773
5133
4771
3369
4200
2164
4235
3522
716
3580
2473
3048
958
5362
923
4158
258
127
1084
2976
4482
2724
5062
2160
1277
5062
1116
3991
4224
3569
1781
5595
3651
2328
1468
62
5195
2338
3734
2097
3428
3139
482
486
3308
4718
5470
1427
5515
2697
425
260
2553
5092
-1
3393
3676
1230
4890
452
2761
5022
5230
3066
5499
3142
5062
3385
3308
25
548
2986
1759
2863
3240
2818
1387
1071
4994
1256
16
3139
3725
3086
2785
5155
3139
1282
5566
275
4060
5149
5049
5382
-1
4415
2390
3924
2367
3003
960
25
106
4000
2895
1354
5419
1681
1612
1025
4238
1429
4548
25
3637
5062
1354
5165
5671
258
4196
425
747
5510
3139
268
2974
1985
4444
4884
-1
1277
425
5293
2376
2196
4426
4399
3418
5293
810
3820
3761
1713
660
62
5183
4804
3878
2615
3139
2860
1719
3072
654
468
2016
1719
1530
3485
482
4829
642
304
857
4373
494
374
4890
1073
1076
1162
3369
2465
177
5094
4226
255
645
16
16
66
4890
1681
975
3139
2355
2200
2285
81
5062
2615
3037
-1
2948
1210
2251
1085
4111
195
4763
482
-1
2860
425
5402
2542
4142
805
1298
602
2196
74
4864
2697
2783
1016
5062
2285
425
1396
2196
4383
1945
5299
5689
5229
1922
1391
5413
4815
3074
5260
1374
3109
2974
391
716
2196
2660
5175
2196
2810
4851
5402
2290
3396
5356
5254
5062
2196
1298
3196
4992
4392
3428
5674
396
3506
3308
5132
1116
4142
3496
5133
482
3139
1215
1922
3139
5547
2939
1809
1601
1439
1307
5402
630
2195
630
5178
1504
1598
2760
4763
4195
2122
1405
3057
787
4808
311
5326
92
4896
425
4720
5651
4005
716
4358
1680
4142
526
2382
4142
482
3592
275
482
3485
5096
4184
886
4397
545
1095
3183
1255
-1
2164
5587
405
3139
3040
2195
3974
4226
590
3904
3198
1902
2333
3139
-1
3736
830
1116
3139
5049
2785
4651
1230
5547
3474
2446
5671
-1
425
857
3496
2875
3994
2355
3136
2911
1983
886
2004
3308
3768
4447
5714
5049
1313
5170
2196
4763
2523
3838
3996
5183
1913
2285
5155
3219
-1
-1
4616
425
2409
4871
909
5062
1692
3139
3840
4111
5062
2246
5667
1185
5133
4915
195
227
1438
4188
2369
2135
3676
549
5433
-1
1681
252
5402
3117
1936
199
1429
1410
3484
-1
3868
1394
1465
677
3621
3139
3623
5472
4725
634
5362
1791
5725
3732
2548
5238
2892
4975
2189
689
1359
5502
425
2961
43
5502
3591
2934
4000
1601
5560
1703
2569
4797
1880
820
2112
227
5417
5301
778
5731
1475
4561
1044
196
5241
118
864
5385
2958
1800
1083
5029
1205
4293
1638
2364
3223
1349
1796
3139
963
3987
1699
2137
5088
4945
3996
2085
4993
425
1998
2174
61
24
526
5292
1501
1931
303
1313
5491
993
38
-1
517
-1
-1
1296
3349
3401
1016
129
2205
967
2911
5733
1699
5491
1044
1168
1082
3248
5107
1344
630
1647
-1
5059
3760
227
3000
497
2971
1681
-1
3264
4001
4282
258
1254
2285
5093
2877
1616
5221
3392
2762
285
661
1410
1183
3051
2418
425
2196
2114
-1
2097
3910
3878
4777
4877
2882
934
1116
-1
628
1307
5155
4640
1501
540
2649
5254
3066
5228
25
3139
1744
4277
4944
5497
4966
833
2063
-1
5293
5232
3513
2535
482
2201
4400
3072
3139
4181
3366
4213
4162
5731
278
3139
2016
1469
3139
3139
1313
2316
5254
381
3379
2825
3506
1268
4042
1821
1614
785
5143
1468
3392
2702
227
722
2196
2390
5413
1206
1636
3933
4785
1339
2200
5621
5414
5170
4454
1692
3673
5402
2059
4272
3592
4110
3688
2724
1452
2825
5416
5062
16
4039
5232
2936
294
2698
2189
5587
1132
3903
787
127
2762
5062
5647
2200
386
5155
3139
1272
590
1809
3139
4577
-1
1230
3840
25
586
5402
425
413
5669
5176
1307
1547
3139
2200
3160
3086
1286
4570
719
425
147
-1
3880
3682
3015
5262
1452
1686
757
215
5587
4855
2189
3305
4986
4827
2880
2864
5479
5235
4944
5687
4153
4877
540
3820
382
590
4373
1702
95
590
3107
3800
1044
4548
2146
5340
1016
-1
2988
5062
3904
1462
5600
25
5431
630
3527
4074
177
3139
2691
2287
1450
951
3529
5595
275
4804
3777
4524
5446
5402
5402
1635
4944
391
834
266
334
3139
5705
4158
5384
2678
2825
1601
1899
4497
4298
3113
5587
12
5102
983
3983
284
882
5055
1829
776
1722
3976
483
2879
1636
4890
5695
4125
695
4497
3931
3980
540
4331
2122
2196
4188
3136
5355
2517
5419
482
3290
1307
1157
1298
1480
3139
1619
2383
1504
4438
2876
3725
3139
4584
3308
5122
3989
787
2133
25
3223
5402
2174
626
2196
4482
5062
2269
4842
474
1007
905
41
3139
877
5369
3620
348
1742
4792
25
1465
1016
5649
3066
2196
2544
3840
2831
3686
3139
1427
3302
147
1796
2122
3725
4611
3247
8
787
3770
4513
3524
3136
3139
3996
2467
2196
1624
3240
1772
5375
-1
3139
482
4196
2449
1596
1945
14
3139
3306
2200
1731
3676
4801
41
5587
2814
2619
5132
1469
3845
4102
5402
3432
3066
1692
3650
993
2762
1405
3139
1598
391
-1
666
2462
4424
1757
5050
3107
1269
3066
2630
3283
5433
1286
957
2196
485
2196
4330
5385
1595
3291
4184
1188
275
4993
4576
4999
1044
4217
4601
630
5366
3682
2146
1681
5547
5062
5530
4591
4266
3933
275
1212
4912
2724
1298
94
5155
4497
3139
901
785
1613
5117
1601
324
442
4406
2000
5123
3955
3017
4438
372
1706
2849
3569
25
5402
381
474
1681
2724
4318
425
878
3139
3139
3628
595
2548
1304
2824
3344
5587
348
987
2281
4741
4158
1307
2196
695
2148
1184
3614
5702
2719
906
3148
769
2122
3139
4226
583
104
5528
2619
425
3169
5022
52
3308
1311
3913
285
254
3580
747
3293
3139
2016
3321
1204
3003
3991
4268
3800
1307
1355
3630
441
1095
4763
1945
5746
227
2762
3360
2021
2810
1168
3139
2084
3838
5472
1448
2539
3496
5384
4777
106
2948
3139
3450
2831
425
4058
1650
5473
2285
810
5028
5003
1731
5583
548
16
1928
1606
3139
4438
4567
5667
1206
3693
1769
599
1504
3228
2196
3308
4890
195
5203
4438
5247
4287
3139
2225
2190
2196
1242
3139
5547
5712
482
1465
1178
722
3916
5606
132
288
1575
1215
521
4397
4693
1298
1076
2462
3139
4287
3440
1317
102
890
3748
2269
2435
391
5271
3964
5402
-1
5433
947
1979
4654
70
5742
3485
3676
1830
2200
56
2314
4994
5402
1589
3137
5085
3317
5497
5313
5384
4768
1830
1210
623
2966
3784
2364
260
1429
5236
5315
4039
1776
3084
4175
127
29
861
2576
314
3676
3269
524
-1
3017
1475
1465
2156
2349
1206
1975
1711
4332
834
3450
1832
1579
3900
1853
4851
1429
2986
450
275
4257
5183
2414
3885
558
4509
2691
1361
4680
1601
4473
5077
2762
3057
138
370
5712
5387
5048
5714
5062
2304
4884
2838
2649
16
3646
1800
508
1143
1482
2825
4763
985
4226
25
4718
446
2164
3139
427
5362
3783
1876
2100
5499
1899
3204
602
1117
5368
3139
4900
4945
567
482
3139
2435
378
555
2867
5466
3139
4255
3139
2989
1313
2196
3132
593
5419
5518
284
4581
1636
1718
1606
3308
2045
3552
756
2196
2724
4890
4792
604
4948
3479
702
4226
1443
3875
1598
2762
428
2724
18
937
4761
4713
810
2167
195
1127
1727
1480
489
4032
1478
2764
4226
3139
1875
1434
5402
3618
3139
3107
-1
425
4677
3139
5062
1354
3074
3139
4966
4763
1636
3349
3877
2247
3238
2605
285
823
2843
2390
4226
4777
3676
3139
5425
3466
288
5218
4890
594
195
785
4158
1256
4713
2341
2196
1465
51
967
785
425
674
2122
1681
1925
3470
126
3139
242
1865
95
1405
4331
1923
254
5404
255
5061
2180
5673
5320
2462
1777
2435
1307
3141
2975
4877
4654
391
3331
3623
5587
2318
1150
1056
4777
3930
4481
5133
4564
1821
5152
2189
3761
5254
1429
3052
2285
2498
515
3843
425
3057
5497
5453
4226
5744
1017
5152
443
-1
2380
4771
184
1475
4286
1313
2008
3250
5319
3513
1583
3904
1339
5177
2122
5162
4126
5718
4998
5733
5703
4265
4513
2085
2322
5112
1793
1798
485
2480
285
4353
4231
5402
1155
972
1095
2376
2539
2084
3771
5195
3696
1217
1309
4561
1206
3707
2890
1796
4700
1427
5475
3139
1269
3621
3676
2160
1131
2830
1359
3139
1756
5021
3240
5062
1827
5426
2005
4571
193
3786
3003
2160
3240
5236
1949
1313
1414
3638
3139
2876
3499
787
1157
4469
4678
1071
5132
2016
716
548
1306
1577
4890
4191
399
1794
2196
3139
87
2196
3401
227
4039
2060
1321
4836
1938
1016
3139
2183
3053
4746
3592
5414
1535
4300
3857
3139
25
242
4654
3641
4348
975
4874
4032
3841
1323
4332
3401
3696
3477
881
583
2943
1187
1381
5345
3623
4971
4995
3591
4771
5402
1601
2196
923
4165
4373
3145
4788
3057
2196
857
3139
514
3510
5068
3139
5558
2195
823
5062
2243
3139
2190
2196
3623
4484
4305
515
2923
5133
4283
4598
2149
2828
4740
342
5053
3676
352
3711
4200
5062
5385
5402
5241
1859
1273
1178
3621
348
4226
628
4720
3308
4928
1044
1595
4774
1793
4559
937
2675
2196
3830
5028
715
1016
3838
166
261
5172
853
3349
1639
1354
1298
1044
5135
540
4630
4666
3820
2635
1452
3800
2009
5050
2066
5200
425
301
1465
2748
3139
5049
739
1601
3157
2196
10
5074
1335
1482
16
3028
3139
3308
810
1161
1429
3997
1722
785
5671
5587
2420
3000
4758
2195
2748
4823
2762
5499
1616
4945
1681
1727
-1
1313
5165
5587
2998
1430
5440
5472
3676
5614
1300
3676
5491
3308
1930
425
-1
4039
583
2466
258
2965
1699
930
1771
1998
3072
2239
5402
1636
3139
801
2196
4749
1588
3308
2066
3875
2240
695
4609
4763
165
668
2297
631
2332
1044
5062
624
695
4282
964
2882
2285
892
3139
3933
653
1405
1163
5326
1333
3046
1298
5254
5280
1692
2113
4713
1601
3240
2016
138
5402
3428
2911
449
1480
215
3360
1601
937
4188
25
1684
4826
3139
411
2311
1119
2615
408
2435
1017
227
4778
362
425
1699
1840
2189
4005
4004
4287
4720
3360
1945
2196
695
4894
1362
911
3800
3559
1680
3046
4188
2565
4923
350
1636
961
4865
3139
2516
4969
1777
1963
5026
3914
1781
4657
1307
5413
1798
1830
2861
3051
127
425
5028
1234
482
183
5062
4181
2813
1777
1824
3481
1601
2989
5254
1307
3595
4792
425
4945
1220
1313
1003
-1
5218
3676
5455
3139
4272
1636
1192
911
740
5067
5402
5164
1427
785
2838
25
2529
3134
2762
5699
2296
3920
5640
1429
16
937
4071
3139
4713
516
1886
541
1291
25
4400
944
2326
2462
3115
1722
1885
4039
1313
5649
3139
3495
1307
1699
3139
18
2665
5160
3139
5200
4371
4039
2986
1756
1230
1352
3491
5207
1759
41
25
4128
1206
2339
5731
2200
4763
2943
2384
400
5740
4226
2762
1268
3139
4998
2867
2196
4298
1000
1551
4158
5037
77
3862
482
394
3969
4586
787
4158
3617
469
3105
5695
2762
4763
4944
4750
2200
1157
5618
552
138
4890
2719
706
3308
1480
4287
36
1427
1814
4373
3308
1744
1185
147
515
1044
850
2122
1601
5556
4784
2619
3216
1790
547
482
5742
695
1269
1601
2264
4069
4039
1686
2242
2196
2016
4740
1262
2093
5402
975
276
1763
3862
1465
4373
5442
1152
79
3838
5402
4281
3592
3003
5325
3260
482
1945
3970
5062
2200
5094
25
540
1146
2911
4493
3507
258
3029
4626
4658
3051
3711
1479
1185
1601
747
3523
1468
4331
1255
1269
1307
4332
4763
1083
4713
5310
1417
3308
5642
4720
4934
3592
5293
1429
2390
1780
3791
1521
648
2202
2391
425
4735
4360
5271
1044
526
1044
1405
1583
1429
987
4741
5003
2390
3240
3573
2691
482
1313
4048
177
5310
3157
4520
2619
1573
630
5028
2666
746
5402
5215
1298
4998
1757
2200
1504
758
2196
1185
3635
3933
3838
1307
3452
1122
4161
3476
315
3139
2603
5405
4255
4329
482
4127
3876
3139
3039
1337
1601
61
3280
957
494
5699
2122
2591
143
5402
2196
1131
5530
2250
2365
3139
2239
3308
785
1504
2820
5621
-1
2676
951
4252
929
1222
2630
4158
1898
1307
2950
5587
5049
4219
122
5028
1016
2462
193
4890
5497
4142
2825
1460
2286
3768
5576
630
2879
5561
1218
2697
3139
1214
3944
3197
3003
5507
2462
834
1229
3000
3495
1338
1185
1671
4015
475
2751
746
3069
968
3902
4238
254
2829
3139
1184
1160
4539
146
630
256
195
2200
2333
5402
4534
2682
1101
3848
2383
4158
1407
2592
4158
4977
4287
2200
1245
2943
1475
2200
4787
1579
1183
4784
1168
1902
281
1405
5402
4715
5558
5473
1829
2285
1089
5022
3139
5200
3087
1480
5402
2640
1480
1313
1946
5412
2619
1853
4686
3616
2098
5697
2196
5062
25
5235
275
556
2948
3730
489
195
66
653
2998
5402
2884
5402
1452
400
425
1405
4222
1264
4262
425
1286
2347
3695
482
-1
195
1636
3570
2443
5402
5402
5481
5466
4000
2825
4489
630
1580
16
3485
3875
561
733
2285
2995
5165
3676
2164
66
3877
1631
3682
2615
4022
4945
2200
3650
683
195
4400
53
3139
3989
1212
654
477
1405
5081
3396
5385
5370
4582
5587
474
2914
4344
3072
542
1800
1284
2958
3139
5402
4998
3028
4533
2195
678
147
3837
2235
3650
2189
5062
5170
2196
1965
1653
780
545
1379
2243
1636
5587
4290
1651
1194
834
5457
1681
2762
3824
1482
1429
515
3628
166
25
889
4945
4713
16
1429
115
1253
1678
4396
195
25
138
227
4862
4792
5062
5547
5544
641
2383
4878
1498
5062
1194
25
2645
1938
4511
4327
1278
4287
4975
1608
3139
4966
2135
3528
-1
5062
4981
350
1799
3924
3863
5497
3724
5499
4158
50
2200
348
3313
1338
3308
1586
3000
501
425
482
2468
2102
2122
2215
4256
2762
5122
2755
25
3003
3392
4496
25
5679
57
1452
2146
5062
2019
4945
610
1794
1058
4226
4826
2285
147
66
5062
3771
916
540
2951
1993
740
2882
3768
56
4618
1283
5064
2662
2390
2325
1185
1178
3139
1124
3050
4993
2762
425
147
4771
2864
3156
285
5565
1427
425
1012
853
5087
103
348
1016
4162
2979
2882
227
1580
3139
4075
918
5587
4763
5587
5133
4038
5348
2333
3342
1675
3139
5402
2200
2882
1465
5122
3088
3536
3139
2122
3880
452
227
3040
1650
5491
4155
3702
2828
25
1588
386
4518
2614
548
1131
5519
3771
2196
1796
-1
4960
1598
5271
5587
1300
1636
5208
307
3621
428
3676
1168
1699
2414
5402
611
3439
2061
5402
2563
3676
2142
1101
3768
1019
-1
1044
5402
4890
5156
2686
5133
425
801
1003
844
220
923
411
1823
425
3461
583
1830
2923
2572
1269
2463
5711
5082
3409
1583
969
2196
4945
147
2390
1277
1298
3240
4777
2196
2196
5402
3725
1313
5362
2919
1405
2245
3738
1405
2122
889
4884
2135
62
1038
823
474
5288
380
1885
4998
2989
1914
2281
3496
2249
4957
4627
4027
2164
4966
2196
4497
4414
1297
2652
5571
5063
1185
1178
327
1929
2144
2122
1407
5287
4928
2762
1152
3485
1354
2793
2196
852
3308
2451
711
4888
2860
1313
5271
3003
5213
2390
5514
3879
1249
4142
425
5671
5326
1573
4556
1800
5402
4014
5312
400
1206
789
2196
5183
594
1902
66
1434
1601
3349
4650
5133
4998
4335
2579
3072
5182
127
3558
2882
524
3188
5587
859
3140
2196
4188
4188
2196
603
377
4478
923
4254
5402
2194
3139
5419
3066
2500
25
383
1727
5162
3618
2440
425
2196
59
2285
4771
25
2797
3946
1705
2196
3003
3461
722
3867
1294
5472
774
2296
2561
5087
3139
834
5062
4406
4993
2626
92
4884
4142
4836
1353
2243
1166
3139
2630
482
594
3623
967
5471
1480
3297
4956
5247
1017
2863
1845
227
1082
589
3210
547
3105
2189
928
18
5671
556
4348
1763
3139
3139
3996
3428
529
177
4555
2122
3139
3800
3887
3862
4837
1860
4890
1802
25
990
1902
521
3139
1991
3269
892
4259
4384
425
1636
443
3810
3139
2364
4326
136
1288
853
5296
147
25
3220
3003
2164
4005
3485
3139
3730
1298
2286
4945
3226
5132
2754
719
3934
1116
2630
3649
1501
3057
5518
4972
5633
3139
3280
195
1408
4884
57
787
3381
182
288
5587
957
3711
541
2615
5107
4039
5128
3139
4662
1504
2016
3244
2420
2393
540
1775
1888
5076
1119
425
2285
156
4040
2998
5022
138
4842
561
3595
5583
5013
3676
5364
4253
3240
3053
4598
743
5050
5419
4096
2446
1780
324
486
1405
3621
5402
5505
158
1259
5712
2762
2164
25
2867
4039
2543
1636
191
1483
967
4126
4702
5009
3621
1504
3072
713
834
1294
3798
5331
5433
1798
470
3139
1429
2192
425
628
1073
-1
2800
1465
-1
4901
1086
3584
4654
5611
2189
2631
4877
5133
3000
2911
3308
1811
3513
4035
4677
53
147
2124
1583
1757
1044
2196
740
2285
1727
1313
2882
-1
3822
324
2688
1991
3353
2189
5551
787
583
3963
1183
5549
450
2406
137
3139
1140
632
5161
3386
775
2269
5342
5364
243
1100
4545
5313
5094
1905
628
3697
2566
4615
2413
1830
2435
3838
3139
1320
2122
5313
5402
123
2629
3139
1992
2304
5209
41
2724
570
1809
4568
3139
1210
5275
3494
5172
227
58
217
4966
2196
3621
1498
3139
276
1568
3139
30
1598
706
4945
4373
1452
2619
306
5028
25
2237
4371
4373
1407
1058
5028
2703
5490
1210
3399
4043
2196
2724
723
3682
-1
5616
3729
53
1307
2200
2196
5744
5426
5681
2669
-1
3479
1480
3861
5685
4039
2026
160
2568
2240
2016
107
2016
630
3615
5049
5609
5720
5700
3139
50
4276
5571
4192
2390
5191
4624
3696
2016
5239
4469
4039
2724
5435
4890
3381
5691
1902
3333
1671
25
739
4373
25
10
5293
2566
1019
3803
41
5271
425
2200
3289
1101
2189
2211
2245
3441
2489
3017
1481
5433
1157
1680
3139
156
1465
1147
2196
3176
404
2198
1490
4073
2122
4718
4371
1649
3417
25
1440
3139
2196
472
3862
4226
114
5133
5647
4040
3470
3308
241
679
4555
265
5200
3193
227
5683
785
3682
1313
1044
4836
2729
5587
425
1219
3046
258
25
3621
1578
457
1496
2731
713
3875
4700
4107
5402
1619
4945
4708
5576
4995
1465
-1
594
746
5239
937
165
425
127
3410
3485
5164
3814
425
5587
1924
4720
2628
604
2882
5410
5411
2122
2154
3800
2146
264
3113
1298
4966
3142
408
2380
2768
2122
526
338
2882
1367
3569
85
5412
5670
1405
3139
2196
2196
99
425
3188
4815
2135
3875
4348
2725
2055
882
630
937
4966
3682
2196
630
3139
3139
4221
1499
3279
1777
5412
1230
3768
127
1588
1778
5695
2619
4149
3976
5664
2953
4103
1425
4611
-1
4815
2724
2196
1601
1635
-1
5576
2503
1016
1297
1586
3689
2949
1928
4081
482
4270
5362
1263
2189
425
5062
5587
1313
1686
4196
695
93
1405
3139
4039
3139
1800
3456
630
1339
1588
227
2730
2074
542
2196
3099
547
1153
3308
62
5629
4792
4188
2009
3480
1123
147
3621
766
2636
147
1616
5229
3722
937
3072
1777
3098
1269
2619
4307
3341
4007
4099
650
5473
482
5191
-1
5402
1601
2351
609
1549
2500
5000
4716
2152
2016
5336
1733
1862
3015
5695
2702
515
5275
3085
923
4943
5370
2856
4771
5200
2269
2135
1650
1410
1320
4713
4142
1118
4484
227
3744
852
3921
618
4188
303
4491
993
3238
3139
5402
5518
5512
4924
5133
5664
5340
3139
1791
4513
5576
-1
4984
5497
923
4803
3139
2320
2651
336
539
1931
5022
3139
2495
3192
425
5476
1919
5183
1152
3621
3139
5674
2285
3095
3139
4998
880
2630
3139
1044
1480
1313
1699
2863
4836
1979
3139
746
5426
5547
425
2911
3422
3139
2016
827
2195
3227
1362
4647
381
2148
5402
2350
862
3931
4998
4048
1152
922
1823
1909
975
1060
1506
5419
4331
595
3137
482
5049
304
3192
526
2697
5183
77
4486
2724
630
630
4902
450
1313
5433
1216
53
3066
1044
1313
5499
2169
3139
20
3676
4392
2091
4718
5402
5238
3046
5587
1452
4799
3139
2619
5062
425
227
195
3427
5499
3060
1504
2285
2400
3924
269
4890
5271
3470
1551
3856
4039
4718
3139
3932
434
227
2914
4226
5613
772
2153
4718
1044
1583
4107
3044
2196
5021
3427
1095
41
138
3157
2196
3256
4846
2762
1265
5156
3875
1628
882
5162
4945
2196
2934
-1
1463
1307
594
2825
3439
3072
4999
5557
2951
196
3115
3377
2619
2583
5402
2980
524
1172
1916
2184
2612
2872
3822
3139
5191
716
3623
4891
3139
4081
-1
4032
785
1742
2974
1354
2922
2934
4497
4992
2196
2601
404
1452
204
4393
161
3833
2813
3875
41
4171
4878
4864
376
3095
3145
304
1594
41
258
5587
5587
2435
369
3139
1185
3689
5026
3139
1062
4226
1218
3139
1210
746
25
5062
1105
2016
61
1872
2122
5254
3151
1800
1601
1193
4877
1890
1719
216
1116
4957
2574
5191
1636
2762
4597
2615
3039
4884
785
5164
4978
1897
2019
5535
2364
1352
3278
4016
1229
3139
2333
5648
2327
5442
3830
3003
223
5402
3139
2763
4890
2196
4121
1354
1583
5022
4875
41
1727
5414
4255
1157
1244
1017
5050
697
2567
13
3141
2724
425
1060
1073
4283
5017
2311
1446
1759
1196
5087
3113
5081
53
683
719
4038
5587
5426
3289
2950
4226
50
4221
3630
3676
1872
1313
2525
92
645
4986
5555
1452
3621
207
785
1354
4806
1185
5497
1699
3512
3869
1913
4829
4287
1405
3612
4281
1405
1902
