3038
1517
3115
834
1016
3139
1636
3007
5402
1307
4992
11
2611
1429
5241
118
544
4948
730
957
1095
695
5319
1429
3139
3543
3218
4038
3139
5164
1178
2122
1821
4110
227
4859
4998
3139
3351
5142
2531
3139
457
5442
1300
1429
2240
4373
4602
2479
1149
3240
5287
1178
3308
4039
1902
2479
3092
5608
3139
5522
2951
1178
1462
1928
2982
891
227
425
3139
4034
92
4720
1583
5426
5571
3139
4561
3768
1640
2454
5402
3875
1044
5596
1955
25
695
5288
4793
981
1526
1699
1902
5587
4062
2634
2615
1178
3303
3846
2777
2762
5062
3991
4998
2587
5587
315
2563
3360
3712
5094
4626
219
1262
547
3139
102
5415
5133
1688
3139
5235
3377
630
4521
5687
447
1594
3676
1902
5443
4402
2408
3924
1116
4689
3139
3530
127
4972
547
447
2196
3139
1480
314
740
4062
1739
1821
5509
4190
3139
-1
1429
29
1448
975
1371
4287
540
5598
5077
1902
1775
929
3139
827
2882
4039
2619
2339
3184
5074
4221
611
3838
4518
455
1902
2825
3139
1993
4368
3620
1639
4696
3349
190
5402
4859
3139
4190
1722
425
1462
4992
487
3996
3139
810
3687
1016
425
281
1024
4945
2765
5384
3509
3136
3139
3297
1994
4039
3996
2479
3580
1300
3139
5062
245
832
1313
284
3139
1915
4280
1863
5261
3139
4070
2037
3385
-1
3139
1621
1783
4864
3139
1307
5466
5576
462
3580
4712
5431
5432
3074
2196
2164
3920
2164
166
425
3448
4999
1254
5062
2285
1688
41
916
5712
4714
3946
972
3139
5049
1199
1339
5587
3139
5062
425
4890
3188
92
5180
44
428
1206
1902
432
3800
348
1307
147
4524
1482
1560
1638
5056
-1
539
425
2196
4633
127
3139
3139
156
1016
3139
4634
2380
425
3597
16
3139
5699
1638
5101
3653
2531
92
287
1149
1298
4171
5443
5085
3621
2671
757
1793
556
2200
3617
2195
421
4771
2587
2285
4438
2215
127
5574
4682
147
3139
5521
4984
1016
2833
4606
3660
2009
4728
4654
887
4311
3590
2229
2037
3176
3349
1633
2700
227
3681
1407
5587
5333
1429
5323
1722
5448
1307
2838
1297
3139
541
4219
3621
923
872
2328
2867
3240
3139
4700
4232
1262
-1
4966
4736
5053
4966
25
2196
-1
1484
2195
4200
1775
387
25
4269
5049
5419
5355
683
3229
2762
1452
1297
5308
5261
3589
1429
1304
3139
4438
1986
20
2200
4935
5587
2691
2189
4242
3863
2321
5239
2370
4283
5522
4232
-1
3676
3110
3423
1264
443
1198
4076
3875
-1
3831
5274
1184
4242
1902
4108
2380
2762
2503
1267
400
847
376
683
-1
5524
2201
3996
3367
4478
5068
2285
3422
784
2672
5062
482
4298
3139
5587
1821
4337
4180
683
1690
2348
1292
1931
5379
4300
4553
3139
3139
3427
5402
-1
3139
4936
4172
1601
1480
5587
-1
1708
41
3066
3139
2338
1407
2401
3139
537
2196
4661
556
5402
425
4162
5286
2724
3330
1850
3595
5045
2196
1160
4555
1071
425
1405
1629
2214
4553
4402
1436
3734
2058
2405
2882
4345
5228
5018
3139
5068
5450
4982
882
5008
127
18
1777
1313
2575
1936
2927
882
1383
2540
1647
5509
5587
1914
4992
249
3349
1475
147
5172
2766
4231
2196
2200
5271
1969
3768
1997
2874
225
2619
4036
5094
1509
2631
446
4474
147
3974
714
4283
5323
455
-1
1669
2752
1307
3647
5584
4945
3621
-1
4158
2086
847
3597
3139
2874
630
4496
661
5017
4814
4973
5610
1339
1601
4593
187
5092
3139
1209
4657
1157
2662
845
4311
3139
1484
2164
147
1119
-1
18
2934
5179
4068
3621
3141
2695
3449
3800
3224
3716
5414
-1
3231
5101
41
2837
4690
5133
3838
5133
-1
5050
3315
4255
2196
5451
3139
3139
582
425
4188
3782
4399
4332
5587
1517
25
25
1509
2196
2292
4997
1475
-1
4129
3421
2196
4720
421
2890
241
3107
4000
2243
2196
5587
5254
18
639
575
4890
25
3676
2196
3711
4904
5274
2333
5362
1313
1803
832
5185
3176
2854
3946
2332
3139
3569
452
4392
2967
4654
2890
5497
540
3139
1016
127
5387
1462
3139
3382
1358
5387
2196
2662
1510
5402
3555
3136
611
2861
3136
2911
2779
2215
3186
3139
3139
4282
3176
1681
3017
2037
127
2067
3996
3139
3109
4426
2813
2122
2911
4225
3037
4127
5587
2196
1875
1016
2350
2462
425
-1
41
2339
-1
5552
5104
2495
4005
3186
1462
5439
5176
2087
4684
2523
175
2615
5050
5433
3931
4713
3141
4039
3447
847
524
425
3367
1384
3918
4907
1983
5333
1983
5043
4188
3963
1349
3676
4025
924
1339
957
2838
2285
3139
5670
5392
1775
3139
5293
18
4954
378
-1
540
-1
3046
4221
2065
1956
3050
5049
5068
2312
-1
5133
3269
3594
5085
482
2200
3139
127
2000
1902
4992
1944
1003
3917
2762
4846
3949
620
41
4984
195
1405
4000
1572
177
2770
5711
319
3139
1699
-1
4945
1255
5472
2459
5402
2186
1323
2294
4634
2016
85
4282
5587
-1
5518
3139
1349
5445
3240
2724
2234
4039
1313
4242
847
3139
25
3586
2009
5218
1304
2619
1931
5062
5331
1286
166
5022
1843
2885
2626
4815
2240
2615
-1
1516
3139
3139
1469
4005
561
3139
2762
4039
1295
2196
2651
227
4616
2196
540
2662
2205
3187
5472
3110
5049
-1
-1
1928
1783
1702
1427
2159
1307
4225
1298
1875
4188
1601
1928
5715
3915
514
425
1465
4717
3594
379
2615
5402
2615
3218
4890
816
1371
2195
845
3418
150
3774
1303
5576
1517
5396
2615
5313
5487
4566
4109
1784
5493
5396
3205
3139
3139
4359
4814
4484
5402
3621
-1
857
1535
-1
3600
2743
3023
5160
3167
-1
3756
3139
2931
628
4966
3936
4945
1041
1084
4653
4696
4264
4720
2957
4130
5502
5744
5135
4482
4521
2619
3240
4986
4142
3507
3050
1902
4019
5387
4329
3269
3139
628
458
-1
1834
823
425
3266
1044
-1
5491
52
1313
5644
3762
4029
5414
4553
1339
228
4904
2691
1832
3723
845
482
583
4142
4966
1991
4954
1298
1911
3107
5469
4280
16
5258
25
2333
4039
5521
5384
5062
1345
5124
4654
3813
2285
3139
3072
4327
5695
3840
3139
2196
3139
1323
1504
3139
613
2158
258
3139
4332
5741
1800
4945
3238
2296
5402
2462
2160
5497
1443
447
469
5088
1636
-1
2778
4062
823
715
1759
4573
3461
1065
4225
227
2838
3621
540
5062
1992
5414
2070
3676
3509
3139
4633
2293
5042
857
3240
41
-1
4703
3185
5410
3360
3066
5121
2509
2164
1274
5587
3139
3621
2380
2251
2196
4859
5062
3139
1405
281
82
4402
2455
4945
1149
3556
3139
5402
1703
3205
4557
1313
1029
5049
5081
4795
3951
2323
1902
-1
4497
2775
147
3139
3139
3675
4039
3238
2149
1044
2531
1992
4890
1323
2435
5101
1307
4549
4674
665
2196
1699
3265
1429
4966
469
2376
1230
3396
2724
2223
2195
2665
5392
1199
434
5070
2741
5402
526
2154
4107
4006
4231
3139
5375
482
3139
719
523
1776
1636
4871
473
3621
5049
1239
3139
5547
3139
2021
3025
1885
3676
2121
2285
1313
2703
3509
3033
1601
288
425
1307
3296
4966
2517
4818
515
4373
400
405
2060
4005
2702
3935
4053
2200
1776
482
4330
4039
3994
591
3676
3621
3621
3724
1347
-1
782
3139
5018
349
2501
4612
1465
2762
548
4231
1269
4188
5629
-1
4864
1588
515
3072
522
5153
5220
3630
5687
-1
-1
178
3139
4555
4402
3367
4559
2196
1427
2957
5174
4554
3996
787
5575
2328
1949
611
4794
195
446
425
3744
1429
4296
645
3139
5336
1692
4478
891
2762
5594
2338
195
3875
4114
1541
5576
2535
5402
3875
3682
1588
1019
2405
5530
1291
4720
195
5235
1206
425
5203
5477
556
4188
281
5497
290
2233
2009
2196
3003
3139
457
2611
1489
1681
41
1298
2333
2285
5587
3682
1264
5419
5017
3703
522
5049
1601
3139
-1
4400
3139
594
1480
1297
4196
1888
2034
2950
5695
4112
3621
5390
2283
4829
2989
2509
5248
92
5497
1727
4004
4700
1012
3933
2699
25
3113
827
1307
4397
1293
166
2196
785
-1
2619
5587
2200
1664
3509
3308
5223
-1
5466
1791
-1
1339
4519
2838
1410
1298
2738
389
2008
4598
3139
4127
5587
2943
4196
2061
5523
1777
5133
2785
4715
3139
2752
227
4005
1732
1588
4628
3139
241
1307
2762
1297
1038
5595
3552
379
1298
4142
2196
5133
5235
3996
2183
5133
5025
2133
2226
41
5304
2123
1313
4521
521
2138
4039
3139
5164
3139
3473
1936
5077
4121
1902
113
1800
275
1313
744
65
2370
2902
2196
193
3110
4158
2196
370
-1
4877
5093
1759
1486
53
5146
2196
1558
4984
882
5282
5083
4929
5595
3485
5140
439
4673
4192
1584
3682
1062
540
1821
-1
718
2974
2515
5530
425
3386
425
1636
82
1298
3649
1669
41
4125
5419
3139
5559
1849
975
3204
2934
3139
2390
-1
2153
3003
3139
1238
2195
2200
3139
2200
583
425
3139
5667
501
2269
3168
3336
1313
4082
4142
2268
2233
4526
4695
-1
195
425
-1
3163
3701
2439
3656
521
630
1307
548
178
3139
4226
1206
1298
3994
1274
2610
2691
1794
3651
1647
179
2405
5446
2714
2285
1480
5402
3028
2376
366
3198
3139
1185
2651
323
3303
1776
1842
3139
4815
5049
1442
1427
2285
3139
2768
2281
2196
1465
1297
2777
195
4521
4720
4255
2285
3139
3139
2610
1479
5412
5587
1850
1105
861
138
526
1821
1313
2200
3107
5304
-1
3308
77
1307
1307
479
1583
1699
1480
632
3735
2078
2546
5040
2196
4995
3139
3086
2346
4654
3003
3139
3695
1681
2743
2817
3139
1131
5402
3068
-1
2630
5674
5078
1480
4282
3724
1054
4806
4907
158
5518
4802
5204
1538
2619
5412
2878
3474
4684
2825
3870
1429
4603
1443
2377
3139
4125
5299
472
-1
1262
757
4637
526
722
931
787
2305
787
1337
3592
2462
630
92
-1
3933
1460
5152
5062
582
2196
2196
2285
785
1131
5254
2234
5473
4142
5210
405
1986
823
4725
4039
5195
2196
1699
427
4129
3222
3139
1206
127
3139
1776
2122
5672
1465
632
-1
2233
5050
5203
5466
-1
227
40
1307
-1
2867
3139
3331
4982
1586
2281
4039
1443
3168
4966
1282
-1
5112
2619
1429
4986
2075
1902
5062
3611
2895
785
3592
504
3107
785
5049
5148
1453
-1
577
5505
1699
138
1498
5203
1427
4438
2079
3139
3349
2615
4945
1405
3374
3238
5481
482
3269
1131
3723
2724
-1
4234
4162
2660
5148
5226
398
25
3116
3822
540
41
1266
1507
1465
4460
1143
5140
5146
227
2615
2755
3139
-1
3676
1013
1429
25
2591
4802
4526
4348
4646
3107
1583
3072
5022
1431
5384
5132
1016
1206
888
1821
1480
5493
3483
5497
-1
5725
4720
5499
2454
2196
594
425
837
3139
4497
170
418
823
1927
1480
5062
1634
4225
5085
-1
5028
5223
198
1354
1307
3820
2196
3308
3139
1044
3427
3139
5387
2813
2196
3023
1692
1577
304
665
5426
2062
3139
220
3711
5402
537
2122
1489
165
25
3139
1313
1601
5497
4226
5655
784
1452
716
446
4064
-1
3003
-1
4853
1465
3422
1496
1539
3139
521
4555
3139
3556
396
1157
220
2196
2890
2593
2918
3878
1588
3904
3621
676
427
3003
556
1157
2196
303
1601
1636
703
2833
3936
5402
4168
1051
1269
4169
5183
3139
2947
4521
3115
1405
3139
304
5499
4007
-1
4808
425
564
3650
3066
2960
3838
5323
3623
-1
-1
2622
1945
3154
5254
526
5523
3530
2196
425
681
2196
5261
3194
3139
5334
1694
-1
3139
4221
3240
5080
2240
1601
2583
5387
3427
2906
1821
3269
100
5410
5402
2451
2195
4039
2196
2670
5087
1427
221
869
3201
3584
1498
785
4371
4151
275
4877
3139
5370
5155
-1
4806
1044
3139
2240
785
3139
1220
2714
916
1526
3139
482
4784
4298
2578
3711
92
1149
5142
25
421
1073
4497
1636
3540
3139
1601
212
1830
831
-1
4311
3865
4008
1307
3050
421
3107
3308
-1
3139
2164
2205
1583
1397
3139
25
2778
5062
5473
5681
2196
4939
41
4628
1800
540
16
2828
2530
3308
783
4877
1482
773
-1
2177
5094
583
620
311
275
2762
175
2196
1588
1407
1464
3308
3139
5062
5729
482
787
3139
1429
3308
2882
2568
177
5402
2544
1668
1469
5238
1307
4713
4770
-1
5442
4397
395
548
1765
1670
-1
4330
3528
4356
5049
3006
4992
577
2762
1817
4740
3062
2196
4519
556
5577
634
4388
1669
630
3625
2731
2724
1503
620
3003
2762
4039
425
-1
1339
4720
1340
810
1313
4630
719
-1
4815
2364
2196
3139
2193
2934
1487
-1
5008
5062
5104
25
5264
2647
4039
5362
2183
2982
594
2196
3139
2251
2380
1307
227
4945
2196
1054
542
4039
462
3139
4040
227
3005
3139
3139
1809
687
275
258
4373
485
1583
425
5062
3139
2196
53
1691
687
5547
2196
2724
4130
2524
4285
4794
3139
1128
4601
3289
4188
5156
760
3730
2013
2390
572
3449
195
66
5062
3547
4388
-1
4226
4654
5271
1370
4552
5175
482
915
448
4226
4188
5491
1794
5443
1161
5162
1475
482
1193
4201
3238
1044
5258
285
140
5720
801
482
65
3875
2714
1601
4966
2405
2557
5742
5561
3139
2296
4226
429
5402
2698
5362
5393
3162
540
366
933
3621
3408
1307
1480
5362
25
3388
2200
4438
3377
1381
3139
2285
3139
1800
2786
3875
1331
827
1328
1185
4829
1073
852
5521
2882
5522
3587
2314
2308
3139
5133
540
-1
5304
1942
3139
2390
3456
521
5595
4175
2778
2698
2200
1152
3139
2196
2285
2122
1307
5300
-1
5235
2615
1405
3240
3107
923
3139
5497
1480
5088
4226
3545
2619
1243
1429
1352
25
5742
5158
4776
147
4985
2380
1221
583
3106
5718
4004
4635
5674
2619
1423
3504
5497
3044
274
2910
2383
77
390
4720
54
466
1307
1922
1598
-1
3139
227
1405
1507
4419
3139
2142
4529
3139
5656
3139
3449
808
3139
5466
1583
127
1027
1800
5402
1152
1316
4270
5724
4098
332
5551
3730
3682
3875
3682
2276
41
687
5402
-1
1168
3613
1307
2082
4566
5402
2462
975
556
4939
4937
4972
2998
3139
3139
3991
1101
227
3139
5254
5000
2285
5193
1161
418
2716
3682
5338
1730
3467
5180
2443
1902
5300
1044
1362
4666
1307
-1
25
5595
2401
-1
2691
1397
282
5249
1019
1800
16
5587
1298
5155
2694
4188
4986
5129
5547
4966
3562
2678
2196
5190
375
4992
2200
4652
1429
3416
2615
3404
332
1095
1427
-1
3349
1793
1931
3925
3676
-1
258
3562
3139
127
4082
1230
2383
2196
3115
3031
1548
5172
5402
2730
2662
4577
4972
4515
2882
107
95
2619
5049
5116
-1
5644
5151
425
2974
3888
5572
1928
5290
5441
1583
195
227
-1
5333
5213
5354
3139
898
3333
4201
853
3920
2967
787
2174
3072
1269
2159
4621
1588
1888
3050
2931
1542
3574
3976
3682
166
5699
4039
-1
1796
177
3139
4303
5213
195
2320
3308
1945
1724
1480
747
1480
836
4448
4132
1003
-1
1584
4298
3104
5368
2200
3139
5426
3139
5547
5271
5140
2462
4264
1712
4082
3139
241
5271
4239
5587
4861
2622
1674
4961
857
4705
227
304
3308
2196
2703
5547
5431
4135
4039
1429
-1
3917
739
4582
4992
526
5198
5396
425
4150
1601
3139
1323
5401
1628
25
1650
859
1429
436
1513
379
3139
2122
5141
3400
25
4740
3072
972
4216
1178
5062
3290
5046
1044
3506
4073
2640
3139
2376
1875
2934
1286
400
3747
2333
2196
-1
1354
2196
2698
3139
4857
3869
3291
734
3920
5729
2843
2200
4014
4887
3028
473
2958
4330
3139
3830
3139
1405
-1
3924
3684
3139
227
2196
4221
287
2527
2196
-1
1423
1606
4200
25
3414
3339
93
5521
405
1699
4000
5491
4305
787
4567
4966
3589
5720
229
2269
1398
1405
2196
474
2691
3271
227
1307
5402
2196
494
1371
3163
3003
1440
349
5551
2196
4966
5606
1465
1157
787
2695
3797
2998
1462
2196
4162
5062
4039
4032
1840
3072
195
-1
3986
2196
923
1407
2619
3875
-1
1044
3139
2724
1407
5101
1193
5062
4662
576
4330
3875
1922
5254
4884
5094
2270
5069
2378
1840
5491
314
5081
3367
1738
1382
112
540
5133
5172
2021
3218
1119
1206
2196
3308
467
5402
1313
16
3800
1436
3521
5474
3594
1601
1796
1770
5326
220
3280
1661
3438
482
2523
1183
5578
-1
1405
1157
1382
5081
485
1969
3139
3875
4282
5402
3924
937
2670
785
1429
5448
823
195
4654
2336
3933
227
5497
1557
127
4720
785
5497
5473
612
1206
1313
4548
3046
1800
2226
4396
2565
2418
1681
340
1915
5497
3308
1945
3768
1583
2222
1800
3139
5133
2886
5587
1352
4657
1405
2231
3840
3156
3789
5354
1160
4402
3772
25
3072
3495
3312
2164
5401
25
1448
2196
3930
57
5742
2615
645
2196
2407
5402
3308
2442
5271
5419
1044
227
2838
2234
2333
530
4497
177
1480
5450
4303
1155
3838
5410
4298
3742
3313
1157
4154
4569
1195
-1
5082
4507
4998
3557
1320
356
86
3485
3312
147
4158
2997
3509
3693
1003
-1
2016
4611
177
3139
482
336
3057
-1
1655
3744
620
294
2510
853
4529
3113
174
3461
-1
4183
3519
583
2148
1829
4531
556
4261
2957
304
3238
4890
5049
2974
5497
18
5062
3335
4929
5206
2378
4772
1307
739
1298
4082
284
852
193
590
1206
3495
5578
5587
3308
3473
2841
3240
3297
4854
2421
2675
3676
4654
3139
703
3207
4700
4373
1313
5402
5271
3506
2858
25
1298
1334
4945
4285
1757
127
1966
2196
1794
-1
1902
3139
3139
4707
2780
3267
4337
1991
4107
2122
2285
3139
1661
5062
3969
1479
263
410
2351
4818
1192
515
-1
5545
-1
923
3139
2196
5587
425
3046
2651
599
5287
3621
2016
1405
1313
4200
4142
1371
2703
2016
5345
5532
3918
4221
2122
2592
3139
5457
425
2521
4598
1429
-1
425
2989
2008
4158
4255
3674
25
3759
4242
2113
1044
4158
503
3496
4890
425
5551
4808
3875
1750
2662
352
911
4953
1709
1475
384
1598
5547
3373
2489
5673
5082
4226
2833
3747
1496
5081
4864
5037
4330
5112
823
432
328
3794
4181
4226
1465
3621
564
4158
5304
2687
3485
521
3735
3346
787
3315
623
3139
4129
5429
2144
1159
3003
3479
3298
3314
1926
4555
2990
209
4833
2911
4497
1054
1266
2462
891
3028
4348
147
3139
2083
943
957
127
3139
5521
1044
1440
5315
4539
834
4397
2565
1588
425
1527
5402
4039
1298
1429
2911
360
3139
2472
1702
3676
5077
1206
5729
4039
285
482
25
5574
2702
3139
2724
287
923
3449
3139
2815
4503
3605
425
1672
1230
1966
215
3351
3649
5313
425
1157
3139
3139
5521
1883
57
2196
5370
4429
154
1354
3057
3822
425
3069
3999
4556
968
5183
2697
3169
-1
2544
3139
3069
1429
5635
3139
2435
510
834
1990
2553
630
3625
16
3136
5082
1727
3432
2164
5062
1657
-1
3139
443
281
110
2174
810
5402
3106
425
3598
425
411
5712
5728
3642
5081
452
695
1583
1185
2149
4784
261
1169
4763
5362
3139
2420
4945
2189
3600
2615
3142
2619
2154
53
916
5062
3197
5068
2097
-1
4799
415
2006
2658
2762
-1
3219
2934
1547
-1
-1
-1
3238
611
3308
3592
1097
1054
404
1307
3057
5424
3139
4740
4771
482
482
4973
3240
-1
1744
5146
3139
2364
785
3676
18
2948
911
1168
4373
1152
4890
1159
5362
4303
5049
193
5576
4904
2672
4564
5473
195
-1
1255
1777
2787
4180
1472
852
1699
227
25
3810
2765
1139
334
1395
1418
4758
73
3962
1777
2122
4038
4720
5402
5213
425
4203
755
3378
621
-1
3139
1161
3580
2011
3917
1044
1436
5402
823
227
1548
1681
471
380
4311
3139
4945
2067
4878
3550
2974
1339
1702
3621
156
3439
425
2786
177
-1
3800
242
2122
18
3462
1230
3139
5062
836
4940
2741
1185
1429
3814
836
1258
3845
2724
3139
5081
2618
4374
4497
3242
2326
2831
2825
937
427
425
1636
1272
5587
1046
-1
4142
2189
2813
3139
3139
2122
1366
25
3650
2612
3768
5406
5254
785
1055
1757
4000
4773
1393
1699
3139
2122
425
2548
3641
2240
1480
521
66
3160
4598
2196
3507
425
3139
4650
3593
3139
1542
2285
4162
227
4207
3856
764
5540
522
2030
1429
4127
5077
-1
1809
1906
3041
5133
5200
1298
1269
5109
-1
5062
3139
2911
416
1874
92
4998
4998
1429
425
1601
97
1744
2281
5621
521
3237
611
4162
2196
5022
1744
5402
2825
2986
-1
3994
993
4582
2285
2858
208
4415
2196
195
4993
3139
2998
4616
1804
5037
425
1405
3139
3003
5116
3312
854
5299
1636
4772
193
911
4853
4301
2678
5468
4051
-1
-1
5062
1325
16
3744
1612
4654
4132
5587
3276
3385
3272
4945
-1
4287
1157
395
2055
4011
687
2195
1770
1777
4966
3139
1072
1405
1044
1945
1200
-1
5587
-1
5254
1588
3139
1339
2684
3505
3139
304
81
3051
1448
2403
3308
332
2922
352
583
5412
3473
25
1338
1313
4497
4783
4063
1240
1796
1095
5140
5740
4695
2868
5094
3139
2410
4497
1230
1320
5470
3162
4142
2824
5671
3308
1835
2622
5531
3308
3966
2867
986
2122
3378
2285
1800
3003
3583
1297
4713
-1
203
4142
3139
1346
1405
2077
1143
1743
5354
1480
25
5433
3117
1354
5419
4681
2196
5612
4758
2196
3115
5588
3139
1475
594
2972
2762
1662
2601
2122
923
1468
425
2762
1601
973
1319
2196
2285
4861
5627
5362
2285
1019
2435
2196
3139
-1
5699
2101
5133
1073
1586
4884
1725
4200
1465
724
2103
3139
2099
3887
3066
5695
4298
5311
5595
2911
4515
-1
4181
1598
5133
1936
4998
2551
1800
1473
3219
3623
5062
3139
747
4039
1722
3139
2243
1293
3689
957
5082
3268
4130
3139
3676
4298
1778
93
332
5402
41
4039
3139
53
3876
1172
2987
5426
5106
4615
2122
3046
1968
3398
2196
5062
3461
4438
4158
3875
425
1490
3308
3139
2153
3139
4220
5530
195
3772
1054
1073
909
2037
2616
4470
5164
923
2227
1044
195
1777
5232
4766
4998
3621
4360
-1
4582
1200
4162
4740
3660
2196
3296
317
3592
3885
-1
3139
1821
1453
5602
25
1884
1460
2099
2837
5587
227
2882
5695
5733
746
1777
1297
2762
425
4810
2975
3308
1159
1152
5008
3139
1598
1185
1777
3034
1221
4142
3139
227
3136
1206
2911
3623
5497
5388
2813
978
1429
482
747
166
1016
5731
3835
5062
1636
595
5413
2343
303
5022
4720
4099
1060
4184
4602
3601
3308
3641
4912
2473
2619
5521
2055
3456
1230
2965
4399
2807
285
5595
1185
3139
3139
4929
787
2099
1230
3766
719
2196
2200
2825
425
3987
4207
3935
114
1800
3312
3139
5218
177
4237
2153
2619
195
3676
3817
3054
2135
379
4777
2055
227
1044
1429
4348
3057
2084
479
5050
5049
25
425
474
1575
785
1840
5587
2611
3139
5093
4945
3069
3139
3854
5194
5362
4520
1239
3139
-1
5412
4383
778
5410
4158
707
4544
3711
1016
4992
2196
223
5402
1405
5288
-1
482
311
5228
4007
1640
227
2174
3139
1086
3171
1601
2196
5402
5155
1848
1307
4751
193
5156
5419
2185
4497
1640
2298
5402
1016
-1
2194
4582
4497
2084
2350
4874
3676
482
5551
177
1743
5162
5050
5412
277
3621
4158
400
1907
602
5133
5062
1821
3269
2164
2196
2016
425
1480
988
1699
582
5251
5695
471
3098
2252
2164
1703
4992
3567
286
2296
4712
4955
4334
3806
482
5587
2430
1650
5518
5531
5282
391
4371
2392
195
612
2196
227
5045
3139
79
3821
1843
2885
5497
1044
1095
4158
2196
2573
548
3671
1297
177
127
5178
5521
4371
5049
-1
-1
1894
2960
1178
1636
227
1352
3219
948
3139
4484
5671
4697
2016
1354
1429
3139
2122
21
827
1830
4193
934
4689
1173
2164
973
4377
4150
987
719
450
4884
4082
2605
5402
2060
2196
5587
25
1860
4438
1465
41
1796
1313
1847
2953
594
438
1405
1157
1171
3139
1185
5544
1120
2936
5131
524
1149
1583
4226
4716
3676
2649
5551
425
242
2195
5376
2201
1374
4961
556
25
4373
3139
4993
5538
2762
1391
540
3023
2615
66
590
3139
275
227
5376
5288
5087
1382
5312
2714
3139
5497
2619
5046
1086
4890
3592
5109
324
4978
195
2917
2644
2635
2762
3000
1405
739
2440
4564
2009
3139
1638
2285
-1
540
4094
747
2420
5402
4130
3139
348
3528
4720
5384
1295
2090
2882
2762
1354
354
4134
1202
3308
1384
4433
395
3139
3003
2531
4007
683
3139
-1
3069
3496
3677
1945
3046
1307
3595
2046
496
5402
3263
-1
2149
5402
1957
3139
4992
586
5402
5049
4884
4864
520
1475
3623
723
1101
288
2503
1139
2953
4890
1739
2285
857
1001
2552
-1
1621
699
-1
4332
1444
5547
3185
1245
2943
2333
1160
4992
3689
1776
4713
4334
3722
882
4862
4862
425
1619
1465
4270
3965
3378
1998
4000
5123
4538
3403
323
3189
804
3623
2435
4014
661
4035
3699
2122
5271
3509
1936
4330
5136
4287
5132
3185
1583
2878
5740
4039
5000
2435
1206
225
1362
1601
5022
243
5297
605
1065
5491
36
156
1765
1773
5142
5720
5390
540
92
686
2103
5260
5742
2285
3581
2986
1095
288
3621
1699
4142
639
4142
5269
5547
3139
3959
1953
804
2333
1902
3139
3280
4165
3552
1206
4039
2196
2447
3139
3333
4226
2155
1601
4364
932
5373
4397
2462
3139
3021
4890
304
2666
3110
94
258
5714
1809
452
3138
1756
1034
1101
2333
1800
3880
5497
1386
3028
623
2711
2992
2333
2830
5287
823
4158
3676
5587
1482
3139
2195
3238
-1
3296
4052
1692
2196
5402
3999
1200
2200
358
5162
4385
3569
5102
1395
3139
4814
2016
3077
4130
5402
4226
794
3604
1636
808
4890
3682
4826
1352
1069
1800
594
-1
778
665
1266
1443
-1
937
3250
5291
4992
2195
4168
5062
5551
2825
5094
4966
5376
1223
630
1249
25
5164
4226
3308
937
258
482
5433
425
4763
3250
4891
4495
3580
1465
959
500
2691
-1
823
3676
2100
1575
18
2762
1017
3935
1794
4427
25
507
1051
304
3830
2189
4442
882
4559
5160
3996
5416
5475
4621
4896
4650
1650
310
2200
195
823
5652
5141
4878
3139
3765
513
1722
5571
2326
5284
11
-1
4763
3003
3371
3676
1565
4032
5532
602
1847
5587
45
1161
1175
3139
1183
361
2085
3369
1757
258
4549
629
2443
1264
5008
4200
2838
1888
3066
1616
3918
1429
2358
2269
36
3240
5027
5077
3000
3308
16
3139
2279
5313
1548
195
2882
1352
3676
594
2341
2882
5502
2615
425
1778
2196
1429
1552
-1
2615
-1
3139
3204
4778
2285
2762
5442
5674
1186
3822
953
521
2231
5451
2828
425
1407
2167
3037
3838
2443
5017
2195
1969
4929
1230
5695
1405
2813
4337
443
1395
3317
-1
3560
3240
4993
5606
2911
450
5402
1692
425
5200
1286
4159
1854
3308
1635
3139
3360
4616
2133
4032
3139
4373
-1
2780
3072
4539
323
3954
2933
2328
757
1455
482
1875
1699
443
1733
-1
3139
-1
3222
2435
3756
452
3466
1429
834
2934
2980
25
2189
1699
5271
5238
1465
3110
3131
594
1952
3139
5271
3028
2583
2895
2333
2196
3240
3964
760
1862
3128
1972
4900
4986
4377
4564
1486
2825
3615
4945
2917
-1
2196
2418
1425
1405
5402
4881
4829
3139
1429
1362
2762
4999
2220
5482
4566
1736
5062
1826
400
2189
-1
1639
1945
2675
853
1465
630
1124
2196
2420
2015
4287
1101
2376
3768
1429
1244
1681
3465
1968
285
1650
147
5097
2489
10
2199
833
3219
4998
1307
1885
2030
4831
412
1429
4082
923
689
5593
2282
93
195
1896
5085
515
4728
3139
4438
993
4447
425
5133
4569
1992
4527
5702
1504
-1
5347
3725
1606
4087
1083
5562
612
177
4884
2013
4802
4267
1433
5642
3139
4196
5250
1276
329
-1
1044
437
5497
1178
2299
2326
1016
1949
2620
319
1573
2548
5471
5716
2196
1016
3136
3123
5132
1298
2350
3471
3418
3621
937
6
-1
4487
2650
5133
3139
540
2503
4032
4099
3139
3139
3820
4708
3847
3007
482
446
4599
4151
2189
2196
5340
4039
2911
3139
3139
4271
2164
4758
3816
1821
41
2934
923
57
2285
4158
5442
2196
937
2697
2548
1843
3072
3676
6
2333
1945
2200
4438
1794
2498
975
5254
3139
1565
5370
5349
743
5743
1579
881
3139
1553
94
5466
2934
583
41
4151
3869
4019
25
548
5674
5313
2697
-1
5271
1283
25
4142
77
1046
669
2016
2882
5132
3115
822
3003
1450
4890
1579
5629
1364
5028
1019
4151
4393
4904
540
2984
882
2409
3136
827
5473
3887
1475
3803
698
2619
5414
836
2937
5417
-1
438
4966
3139
3638
313
1273
-1
1469
1583
4188
4082
348
3000
4164
751
1730
5293
3768
3139
2724
127
395
5346
2615
4836
3098
2060
4598
425
5402
425
5102
936
766
5133
1265
722
2557
2196
1407
3139
425
3072
5143
3501
5565
4992
5133
2842
1297
1210
2333
2583
719
3995
2724
3621
285
1681
324
3880
4600
-1
1345
1313
2388
594
2782
1269
2691
5200
6
1716
2122
3139
1313
5155
383
2727
1661
3767
1199
2196
3077
5547
2196
2196
694
425
3086
1387
1328
2014
1821
5200
3240
1632
3569
3961
2573
857
4928
5384
2204
1945
1601
4635
4778
3069
193
2572
634
4082
5122
2955
1278
2122
4287
3095
540
2640
25
425
3139
5362
4226
2911
2122
4142
3039
3024
5402
2724
127
5225
1462
3073
5171
3676
952
3139
4127
2882
4890
4024
5164
1921
3139
227
3800
5364
1427
2767
5142
1829
639
5254
1480
-1
5077
1465
1897
4637
1522
1945
3066
4146
882
2619
404
5716
1268
2515
5643
3273
4928
4153
227
4098
3222
5587
366
2830
1230
3741
1699
3768
2285
2196
5062
2762
5491
5235
25
3676
2426
25
1919
1699
857
2122
2666
-1
3035
5085
2701
2495
1307
450
5062
25
25
3139
5384
3139
195
16
212
4349
425
3580
2195
425
689
1185
1819
1405
3311
4815
2874
4945
2196
2813
5195
5183
5647
3994
370
3838
5102
3641
833
3432
1042
1210
4371
1681
4771
5238
3171
683
4007
4771
3139
3496
3817
5606
2982
1644
25
5137
5133
3456
3569
4038
3936
3471
4826
5689
4371
2233
3415
3139
1167
4621
425
3139
2971
1681
4406
3875
4259
5022
3400
968
1601
2196
-1
1507
3139
3377
482
1888
4231
3139
923
482
-1
2196
5085
4130
594
4158
4763
2200
3103
5702
3272
350
3377
77
3878
2697
4878
3289
3878
5077
-1
3136
1323
2196
823
4227
5434
2650
4993
3139
4900
-1
1178
5402
4746
861
3569
5062
2196
937
391
3888
3621
16
3072
3139
72
4981
448
5614
4651
4200
1781
2163
3725
763
718
443
18
2142
958
4226
3838
740
1897
3238
5536
1424
4383
4823
5028
3606
2911
2761
1323
4484
1339
3139
5547
2233
1480
3000
288
2390
5164
425
220
2635
425
521
5087
2855
1429
2196
25
4815
4328
2196
3409
3139
425
2243
2314
1157
1728
3999
425
227
4143
1482
3372
425
747
2762
3673
1480
2285
2615
4884
3696
4975
5702
5699
1405
425
3991
4771
92
4188
257
3139
5402
227
1163
954
787
4070
5714
1139
4062
3908
396
3430
2196
3090
923
243
5733
2009
1288
1185
1793
3289
1152
5433
3617
1449
-1
2052
2762
3308
3139
3691
2390
2133
3139
494
4264
1147
4226
1931
1161
4802
145
5419
2240
106
2281
4998
585
5744
16
3725
1601
1771
583
1583
5402
818
5616
1650
3996
5491
4227
489
271
5614
1307
352
2321
1567
2124
1132
861
5553
4720
-1
1482
1269
5731
1583
4864
3696
1298
4130
3308
2831
2202
1711
5028
3028
785
5501
5113
4497
3804
4074
5235
425
3160
3308
4969
3496
451
376
25
1639
1273
5049
3331
3139
1405
5671
1675
2196
2440
3139
2953
2086
3139
2164
2882
909
1124
4406
4387
2724
5165
2953
3308
5714
5254
3621
3000
2584
1167
4557
5238
594
1339
3139
39
2825
4712
58
4380
3139
2485
2466
5251
3139
540
3139
2164
1407
5505
2021
1601
2989
147
3139
2702
4826
4890
1777
678
166
5239
1347
595
425
540
5126
275
2196
1650
713
3106
5209
227
3682
5178
2974
4698
2619
1046
2214
4280
604
5062
2827
1464
4815
4158
5046
2426
5062
5561
541
4082
-1
2615
4107
2383
3139
1095
5587
4763
1584
594
4777
1462
3139
539
2200
3066
5274
5022
425
-1
4787
4476
3277
2191
5218
5466
5177
2189
261
3139
1441
3516
877
127
-1
3641
2061
4193
-1
3308
4507
1168
1072
548
4945
442
722
482
16
337
1681
1073
556
1136
1884
1619
382
3676
3139
4196
1750
2825
5152
4906
3440
1044
3485
3676
4792
329
2285
425
2724
2196
1267
-1
4151
772
3556
4654
425
3255
1313
2065
3275
4597
4945
1183
1315
363
3240
781
5177
746
3139
5387
2751
4720
1496
4484
2196
746
432
2200
425
4966
2326
4373
-1
1860
4348
1915
1513
2548
5402
2196
4188
2584
284
5620
2351
5587
2196
1429
1006
785
1082
4287
41
3621
4713
395
425
1918
3407
3841
5221
3139
2667
1016
1340
2926
674
1636
3496
4763
242
5102
5505
4966
2196
2587
5245
5028
4945
5613
541
2196
4181
1425
2240
4188
4957
2527
1307
957
1025
861
1143
2950
5149
2911
971
5689
4983
3360
5097
5140
916
68
494
3139
3387
242
4900
2462
1338
2196
3139
1158
4992
739
1429
2084
2813
4615
3037
4806
25
3695
3139
1373
4763
5497
472
4402
3999
1830
3168
911
53
2195
3104
5661
1892
4896
5475
5311
2762
2196
41
3007
1017
5733
1624
2287
3139
2619
3006
3878
2122
2122
4890
443
2189
4758
2129
3621
739
5313
195
4497
1095
4287
166
269
3429
5570
1583
2624
1765
25
3682
4234
937
3624
4158
2345
2913
1019
1071
2056
3682
5587
5165
1627
2328
391
1598
2409
2200
743
548
3863
3139
3246
3188
5271
5571
227
2682
-1
4654
1583
2418
3855
547
4718
4053
1573
2285
2122
247
147
2196
1672
5703
746
2368
-1
2674
630
3887
3556
2605
1297
3139
2321
5466
2374
4311
425
3621
1345
5576
3651
4998
4329
3830
3139
4561
4907
2862
4896
3470
3904
3139
4966
3364
2762
166
2541
4547
3046
4598
4718
3599
913
5170
1830
456
348
3139
4945
4975
5364
4993
3566
2285
1307
425
1713
5564
1029
2383
5534
35
1308
4707
3109
833
227
4039
3887
3050
1680
4961
3317
5596
1888
2615
3875
586
2662
2189
3762
1313
2762
2285
1475
3879
4978
3308
275
2950
3066
-1
3996
25
5473
1354
4877
5036
4348
1288
1337
1095
3139
4763
3139
5419
5172
5481
5092
852
5333
1681
4352
5022
5217
1466
4654
2113
3041
391
5102
2196
25
2148
5587
1429
5177
1230
4005
227
3139
3057
5466
2762
404
1431
923
1307
1922
1985
25
5049
4158
4332
3139
4142
2786
66
1432
3682
307
5096
5152
4763
5402
5518
3139
1307
4342
1342
3139
2084
1307
4684
4999
-1
509
3046
5296
3139
425
975
1140
4062
2937
1928
3933
591
1230
479
448
1462
1258
3057
863
3831
1528
242
4007
266
425
3142
-1
4792
3545
1579
364
373
3623
1529
5162
3735
3336
5428
4713
4438
3996
1206
485
4158
3240
593
3095
4442
850
1161
2612
3509
1501
5567
1152
2727
482
4039
2828
5362
3139
4815
4373
482
594
1601
1885
4383
1115
3308
2515
5359
2755
3729
5064
1480
5471
1185
4763
3445
5262
2364
2189
5138
5402
739
1601
1185
561
2200
5077
-1
2027
5210
5671
5102
327
1044
2400
1913
5609
4125
3139
1601
2426
1230
1719
1240
3139
1210
5062
3905
3289
5254
4332
2326
3139
4192
594
5474
1405
378
5313
2828
2200
1178
285
5683
1722
418
3772
4640
4997
2376
2511
2874
808
3264
3312
1298
308
1465
1699
5254
2665
2911
1647
556
5616
2919
3139
2516
1791
1471
1633
1210
2612
-1
452
2420
304
5583
1583
3430
5727
3487
3003
4778
3389
4567
4210
3355
2901
425
695
3545
2583
3139
3139
1183
249
342
823
4158
3396
5616
3139
5671
5471
4966
5402
1827
4549
41
1586
4986
2752
-1
1681
3003
2328
4904
1429
1213
3481
1331
3057
2911
1668
2196
3534
3676
2294
124
3615
1269
481
2399
425
5062
3594
2164
3800
5271
1775
2087
5128
1355
1598
1821
1016
521
4884
3904
4330
3838
4039
2238
5146
1024
4998
1905
2249
5062
5497
1307
3523
1044
1018
5479
3098
1216
3625
4188
716
5576
2383
5733
3139
2531
5318
4039
1054
5098
2825
1575
1313
2269
2714
2146
645
5347
5459
1313
4987
5382
1155
5133
3933
590
1206
-1
4039
1255
3725
2505
1636
630
2998
4580
4998
1452
2825
-1
482
5491
3139
5426
746
3452
5576
2122
2196
3878
3887
2047
1541
460
4482
4125
4039
-1
4068
1185
4771
3596
4957
1856
2281
2076
4015
391
2285
4974
3485
5402
2542
1800
1689
1073
183
4566
2114
3439
5587
3378
-1
441
3527
4966
3615
3139
2723
2753
3679
-1
5156
62
1842
1407
2196
1482
147
1208
2465
53
2037
2196
3139
3095
2281
1044
2196
1003
1798
3141
227
2958
1465
2401
3139
5046
1159
-1
2847
3976
1196
1636
5331
25
1636
1465
2196
1429
2619
1230
3247
2196
1044
3308
4142
2820
1501
1219
1044
3314
2196
5402
2662
2838
425
3980
1187
2285
5181
4406
2196
5087
5733
930
2430
5442
4795
4787
3139
2164
2196
2016
3107
785
3676
1647
2196
5404
805
482
3592
1154
3621
2493
494
4890
2362
4039
482
645
5208
3003
5671
3139
1044
5062
2838
2393
1588
3408
1429
2200
2196
2318
4776
2192
5714
834
1429
5402
1161
4348
4342
25
1116
5402
695
3857
1465
662
425
4858
5077
5569
2615
1241
3139
3215
4902
2724
2853
2958
5191
3422
1636
5428
1405
1071
1313
3308
716
3139
2153
195
3148
1313
3139
427
346
5178
4226
-1
2333
4569
2542
5650
2714
482
400
611
4497
909
3308
630
4067
210
2825
5426
2122
785
482
1307
1157
937
450
57
3000
2748
2511
743
1429
1035
1601
2000
3711
1681
2196
2412
5402
2227
1407
145
4945
314
2196
2196
3156
3139
5280
3689
1506
3770
4489
1307
3315
4099
3136
3139
127
2627
2876
25
5714
-1
5062
4032
3676
2084
1650
5616
1963
57
1313
4471
3139
993
4232
2016
3115
3139
5271
1405
4877
4348
3722
2243
41
1980
3139
24
2364
2234
4958
4784
41
1302
25
5635
2196
2667
1800
3832
5156
2196
446
5122
3953
1452
3684
4134
242
3139
5679
2828
3139
-1
3139
25
-1
2195
3451
1044
25
1298
2062
630
2097
1230
2196
654
4998
127
5045
195
3638
4645
25
1830
5254
3139
5049
2196
1465
3800
294
5049
1800
2164
746
3830
5518
5450
2200
2975
5405
2319
444
2345
2196
41
1117
1230
2191
1371
1405
425
1573
2200
4966
4032
5156
3725
1894
3650
5183
4914
2037
5133
5087
1414
3255
3730
494
2762
1282
1185
-1
1853
2122
-1
3970
5587
2196
1307
3139
5302
5062
2195
2841
672
1307
2974
276
1586
1913
594
5745
-1
2838
5495
3139
3139
2364
1323
4723
3878
2647
3139
5402
1429
347
4188
348
-1
5188
2649
1429
1440
41
2943
2160
3495
4497
4634
5402
1192
4155
2122
5587
-1
1475
324
3676
3378
1832
1929
3970
3502
695
4771
5309
180
5744
1276
2615
4562
4482
1016
276
1885
4763
-1
3346
2572
3331
227
5497
3139
4879
227
3156
3429
3139
1178
1636
2997
25
985
4918
3675
5413
3139
3139
3865
1284
4154
2724
1269
1071
3466
4255
425
1586
2626
2269
2456
609
4074
4677
5194
923
3139
3000
348
2993
4677
3401
2934
2900
2724
3878
2196
4473
4694
1315
4153
1313
1741
5021
3140
2196
3393
4428
4998
-1
787
4998
5200
556
2548
3427
3229
3985
4689
5547
5293
5402
2825
4107
5616
3139
1354
1298
4511
478
1780
3477
3573
1429
5499
1012
3273
3600
308
583
482
834
3139
3139
3184
3996
681
3621
4032
2762
2146
-1
1796
2958
5671
5433
1163
5393
3800
1121
3139
5062
5419
464
2825
315
2762
901
1649
25
3646
5402
3139
4235
3085
3139
2196
176
227
5402
2196
195
5454
2196
4287
1168
1800
3920
2762
4193
4851
3444
5662
716
2196
99
1429
2825
3880
4231
1465
4890
127
25
202
131
2122
923
540
25
928
397
1386
2088
1221
1147
127
3139
5587
5087
4225
835
127
62
5390
1945
2281
1056
4771
1456
2196
2867
18
3269
974
1608
1892
778
77
3190
18
687
4393
5565
2019
1902
16
2455
514
3483
3066
1185
1766
2200
425
2036
5298
5271
5433
880
195
5402
1601
5232
1573
5254
5267
1475
1230
924
2099
-1
674
1083
2196
5128
4720
3139
1288
1888
2285
3628
2413
4195
1588
216
16
1484
2195
2766
5068
4255
5455
5362
3095
1809
1021
5402
482
3397
706
3743
5028
1636
2383
4228
2160
3610
1185
4908
3471
3682
5133
548
-1
5587
2314
2246
1407
2737
227
3139
633
16
482
5003
1589
3822
589
4188
4904
4039
2665
1503
3512
1650
630
1459
-1
5674
3167
211
3824
3691
312
2516
3959
541
3862
1444
5081
5302
2928
3863
1159
3651
307
3184
4978
2496
272
-1
5419
-1
5050
5402
2044
2146
378
1313
1619
1044
1006
1073
3139
1823
852
391
3676
61
2148
1638
4815
4045
3139
2423
4226
5497
4926
242
3139
2730
1502
4778
-1
4611
-1
3395
831
1506
4181
834
4994
1941
2028
1210
5213
3628
4945
1681
1405
1161
4000
3556
4975
3061
1339
3975
4995
4482
154
36
747
5737
1144
5010
1675
4188
5424
4778
2619
5062
769
4371
3973
331
2246
5154
395
4855
-1
5685
1465
5512
109
5062
3145
3875
3308
4687
3003
2178
605
79
425
287
473
3353
3401
4707
1706
167
923
2960
4396
4777
2376
25
-1
3781
5536
-1
3134
1787
2839
5497
4005
5674
719
1352
1256
2233
5524
5499
2200
2719
1573
2084
1083
1101
5413
1479
4069
2196
5491
-1
999
975
1429
3808
5162
2911
3308
1405
541
1207
1313
2080
106
2911
1518
-1
5587
2548
227
5322
1546
3992
5459
1727
2995
3192
41
4171
2196
4114
3139
3139
1734
5703
2507
4039
5497
4890
5049
801
1230
4287
1288
1809
3445
556
1496
5642
482
3139
2465
2861
-1
1800
5671
2196
1407
3997
1300
1152
272
3139
913
2137
3821
5497
4808
4771
-1
1298
4973
4142
4188
4836
3139
41
4497
1830
3139
1998
1791
2122
5402
3595
4373
4497
2649
4373
2383
2562
1445
4469
3822
542
3308
4890
5571
2468
37
5028
4158
1601
41
1880
4075
350
3487
2762
3240
683
2111
2762
2897
1184
1882
3139
5497
3139
3666
4929
653
2492
1905
3676
1139
1362
5640
4763
3357
2971
2380
4548
2189
348
1535
3317
4082
1823
3771
2686
2195
5036
2670
-1
1336
3226
3003
1452
183
1993
2037
4555
1699
3422
2855
1465
2612
41
2099
5397
285
602
3326
62
5197
3003
2196
5695
5049
3962
2196
5250
2153
5009
1583
2884
25
1769
3592
5133
4267
1475
51
5280
3139
25
425
5402
609
4142
3139
937
227
2196
5013
1619
2569
1022
5507
827
3221
1168
3139
3003
3139
1688
787
4661
2813
469
74
426
1159
4256
1248
785
4454
5719
925
99
1307
4048
4226
5191
3139
5468
4082
5402
2285
4945
5325
4389
5156
630
1339
3291
25
147
923
4438
1759
3815
5050
2196
512
3139
-1
4265
1601
5402
5621
4223
1339
852
1754
5737
823
3648
3378
2659
3879
1427
689
4541
4381
1796
1405
485
324
4226
1044
4999
303
2944
5200
3308
2934
1131
5402
5167
1392
2724
1945
951
482
130
3308
4497
3086
303
1339
2196
1918
787
-1
1798
-1
5547
195
3676
3139
-1
3073
2196
2202
1168
1429
4335
3591
2085
4998
2200
1601
2016
1317
1172
3067
5062
425
1206
4226
2517
376
2333
482
910
5497
1928
349
3672
5576
2141
177
3139
875
1429
1636
3875
2762
1452
4158
3139
3469
3057
4802
827
3160
665
3740
880
1343
425
754
3051
4373
5472
4087
1780
4502
5330
4945
3621
1101
4878
4682
3317
1608
775
2928
276
482
3015
421
1178
5286
3005
5433
3279
1405
2011
4945
3208
4277
5317
2462
4720
1391
5135
2194
441
3892
3067
3477
4615
4398
2285
5595
402
3800
2619
2243
1949
5338
1215
5402
123
3651
2762
5576
613
2751
957
1429
348
1313
2233
3139
4162
3838
1168
4884
3641
5272
1404
2790
4777
849
5062
3461
1852
1588
827
1958
2817
2572
1429
3139
1429
70
2825
1269
41
225
3139
3046
1763
755
681
127
4643
1480
1619
4978
466
4255
3003
2372
1206
3139
2124
5621
1152
1101
1636
4965
2085
3770
4252
515
4469
907
1444
3800
4600
1945
1730
1681
4642
482
4494
2185
2516
594
1601
5587
1580
1601
3832
3262
3139
1073
3878
5052
2876
5155
540
2792
304
4158
4276
2196
1082
-1
1429
785
3256
1845
1601
1583
3595
4228
2384
3240
425
789
411
4205
3616
3139
460
4864
5587
3650
5437
1949
2724
3996
2724
5111
1159
304
747
5132
4111
3875
1157
-1
132
5327
-1
1465
4631
53
2338
2196
4226
5254
147
1931
3768
5471
2164
4014
5254
1710
5682
5068
2196
3904
2976
1273
2153
5402
2813
5191
1699
695
2724
4788
1427
482
3077
270
25
16
3003
3951
1460
1313
3895
3192
4453
5247
200
2196
5232
5049
4188
5254
2702
2953
2435
4044
4406
5671
4000
654
1405
391
2196
5431
2588
4007
748
5106
3802
2196
3219
3324
3462
4053
4978
5402
443
1905
1891
2196
4654
4158
4966
3294
2156
4755
373
-1
2674
3139
4158
164
2067
2793
5687
2898
3139
2068
1722
5356
4888
147
4896
3621
2967
2863
5022
425
25
4778
4763
4392
1651
3113
-1
1219
404
3696
4196
3053
1530
258
2200
3139
1429
3308
408
5384
2762
3621
306
3126
1119
5254
2489
2122
4213
5037
-1
3676
4801
3931
5512
3139
1890
4764
5587
5687
896
4616
1744
710
3219
4771
1953
5712
3114
4945
1298
5497
3139
447
2122
5382
583
5009
5402
1975
4945
3139
5087
5331
5064
5140
5579
4158
4598
3057
3573
1210
494
5062
1081
5497
2583
5093
5062
937
785
4802
1429
4079
2286
5326
2449
633
1405
227
2887
4255
2489
86
3998
3863
3887
264
1800
3581
632
5402
3139
3507
399
2939
2751
810
2097
2374
1354
5402
5421
3139
1017
4373
3139
4686
2800
1429
4045
3289
1352
2100
4979
4570
3623
2762
1298
2146
1584
1230
5074
3057
2589
1269
1601
2724
5587
3139
-1
3696
2863
1928
4240
3139
425
2646
630
806
2762
3837
2196
3539
2420
5140
5586
5156
1320
2126
4258
5413
4945
24
3139
4718
3387
993
1452
3838
1016
4808
4611
2465
4777
4945
425
5402
1636
5583
3592
3317
127
341
2594
5275
3418
4018
5254
1507
4564
2724
4373
1044
3139
833
1885
1462
4763
751
5433
3039
5700
3944
5042
5616
1681
4086
1131
3621
5402
5510
541
1092
193
4802
3139
1313
1148
4226
2102
2096
4209
4823
3496
3139
2148
4521
-1
2146
2376
3046
4564
5272
4999
5156
2180
1016
1354
3308
3054
4332
819
3256
4891
711
3139
2882
1405
4272
57
425
2462
16
3665
5241
3139
5587
3017
5551
1813
1044
2345
3591
4718
3388
5607
3139
2230
1238
2451
3145
2196
3875
1504
4596
62
1298
3139
1759
3139
5419
2390
-1
2593
5152
736
937
1298
1429
1054
1681
1853
1583
3308
425
602
2517
4226
2285
2474
1699
5402
1598
2451
2958
5130
5011
3766
3107
2825
1300
1597
1905
5087
1636
1153
5062
92
1163
2196
944
630
3789
25
425
156
932
4438
5609
2414
3630
4469
5011
3608
1523
3676
3296
3621
1603
787
5550
5471
4371
3431
3887
4902
2196
3616
4197
3095
1601
1307
5063
3641
3139
4720
5410
2200
425
5062
2958
5170
4896
4567
957
667
4276
5162
2762
645
5402
1230
1429
2599
3139
5182
147
2196
2777
4986
4153
2615
303
747
1583
581
3908
4998
3132
16
5160
1777
4016
5213
1210
5629
95
4505
4650
2196
1813
1286
2751
4048
5262
3139
1945
5521
2279
4373
5062
4761
2200
2046
1681
3000
1206
2999
590
3139
1727
3862
3623
4883
1475
5062
3865
1146
3139
3032
1081
2122
4497
1635
-1
53
2200
2146
3139
839
2762
2091
4890
4110
5547
1796
3317
3312
4693
3139
5722
3676
5671
25
4720
5313
4951
705
25
4827
2189
475
2196
2164
3856
3139
3139
1073
1699
2189
811
5205
5271
304
1212
3139
2016
2768
227
2098
4130
1429
1832
2703
2724
4954
3875
227
3980
258
4871
4945
-1
2682
1429
4280
1625
314
1149
3308
2189
147
5426
1699
2473
3641
3167
3708
4123
1884
314
3838
18
4014
36
3139
4998
1429
275
5062
1054
425
5164
4016
2196
4956
3858
5671
1616
1928
4255
2016
324
1618
583
4270
-1
138
2189
4492
5609
3629
2153
-1
70
4331
2567
2390
1132
3977
1616
2196
2285
77
3771
1699
1129
1916
2191
4643
482
3757
2016
434
1029
5114
4007
2269
5049
4451
2794
258
1427
5062
4924
59
-1
3139
3950
641
1681
5706
4327
2285
404
5152
117
1273
2284
4825
5733
1795
1638
2882
3218
3743
5671
3841
785
1631
5178
1636
3176
4042
1756
2798
1282
195
2060
2976
245
2016
3046
2724
745
4784
1240
792
425
2640
285
2014
993
4242
3676
2196
3743
2762
4938
5587
4575
2999
1218
3139
993
2045
3876
4095
2989
2390
1313
3139
5267
2882
227
2196
1186
4225
5387
4713
823
3591
1814
3308
5402
4763
666
4219
-1
1702
3621
5183
4715
3037
3623
160
2696
4615
1184
1681
5561
365
2724
3641
1606
1579
2269
-1
1945
5587
697
4188
5304
2042
5293
3521
1800
2055
2243
2662
1793
750
411
5402
5375
3833
1452
3470
276
1429
2465
4142
258
1794
1263
908
3060
2196
166
5744
5200
2193
785
482
3399
3228
2762
3449
1452
-1
5254
285
2435
515
882
787
4877
1479
2615
5165
4853
722
2619
369
1930
2882
3850
3145
4847
2196
3964
3113
3749
1362
4074
1429
1347
5475
3139
5042
1362
303
3345
3283
4792
4226
4315
1800
3457
1374
1239
5062
2196
4148
2615
2037
1931
2813
2301
3291
3496
695
612
2419
3204
4444
2687
561
275
3480
425
3139
5133
25
2043
3838
5291
1583
2549
5402
2762
53
3676
2973
1044
2619
2285
3682
2895
2196
5162
429
2867
41
2122
5139
5110
5587
11
2539
1054
540
2016
1830
5096
3284
4890
1307
304
66
450
685
422
1429
3856
3066
304
-1
3245
1703
3139
2196
5497
425
5587
482
482
1298
2692
1298
482
3676
2813
1178
1699
-1
4616
4226
5402
787
2867
3428
3755
1155
2972
2326
1434
4658
2724
5587
3139
3139
5402
769
3136
630
599
4733
689
470
4836
5458
2196
516
169
1313
3139
683
740
5627
1307
1252
1183
1482
5402
5475
5414
4871
1637
1911
1555
719
4071
1099
1244
1601
674
2882
5733
2196
25
2005
5183
1095
2084
2196
-1
916
2196
3139
134
2801
179
1692
4142
1829
5297
425
3139
3805
4709
3735
25
3139
4315
5695
1184
1313
2285
4039
2629
1636
2016
4460
4298
425
2196
4127
2998
4293
3975
4371
3783
1307
4720
41
1044
556
630
5277
2875
1185
4945
3139
1788
49
3875
5667
595
2911
2207
4330
-1
5333
1482
425
5471
2225
5254
3240
4998
3139
630
2463
2430
4529
3497
957
4000
3450
234
2954
356
780
4975
4732
5587
4226
5402
1739
2325
746
3387
3139
1821
5160
1170
-1
1309
402
5345
3105
1601
4408
220
3139
1430
4353
2200
6
4934
2762
2200
5671
1262
2124
3485
1793
2196
482
3916
3822
4373
3139
2055
1657
5172
1588
425
1746
1079
4898
34
3136
25
1480
5269
1830
3308
1423
1772
3771
2619
1928
4494
4884
-1
425
1323
4177
2196
4177
716
1206
1116
519
16
3113
4986
5183
191
1017
4566
-1
3939
5028
2196
5402
2572
3738
5623
5362
3139
2125
719
1210
3072
255
719
923
1777
4945
4949
1814
1280
2066
5410
3369
5611
2285
3308
2572
5222
1595
669
932
2196
801
1796
4654
630
5574
2615
850
425
53
4158
3317
548
2698
4598
378
4453
2122
4986
1636
-1
4035
3139
2390
956
281
4654
3920
4442
5507
4515
4998
4029
3888
4890
3621
1203
2781
2122
1452
4226
494
3139
590
4438
3729
3240
746
391
5313
373
1347
3139
2697
70
4188
324
1756
1230
3563
482
1601
3139
4441
1185
4713
5576
1307
4107
2200
2160
2196
4332
3139
741
4945
2382
1832
1157
432
540
4888
2196
5313
5255
2544
1685
3308
1465
5362
1835
3139
5132
1638
2285
3139
4826
2435
2196
3139
958
3804
1574
4740
-1
1405
3003
3869
2420
5077
4720
3725
4142
2911
3139
1429
4737
3321
4763
5271
1269
3377
1313
2146
2148
5731
4287
2196
4179
2516
5402
1377
2383
1071
4327
4534
3308
3139
4188
975
3194
482
4142
5672
3462
275
3051
3479
787
5674
982
5086
889
5447
4636
3651
5402
1776
5706
-1
408
482
637
922
4884
5009
3242
2665
3074
2195
2122
4576
3139
1168
3345
1465
-1
3003
5545
1429
1371
147
4493
3308
3827
3145
3581
4526
3768
2122
3637
2170
3838
4142
147
1897
515
3822
2882
114
227
4884
1831
2948
678
5003
3456
3320
127
4039
2569
1945
5133
4497
2194
537
5215
3139
3264
95
3676
2196
1166
2588
542
5062
1230
1675
1083
482
1297
4564
16
2195
425
4408
1439
4233
5131
3003
95
324
1349
2873
4945
1307
4438
4438
1522
5003
1298
439
555
3086
785
5354
4036
4998
3139
77
3682
1307
3707
195
1352
1816
1583
724
1423
2196
1117
3176
25
1722
4005
1948
2825
2360
5022
5402
11
1193
5414
441
3697
3307
1255
4471
4693
5385
2895
2216
482
2326
292
3115
1122
2724
3676
3061
206
4718
1839
2200
1449
2383
4718
4406
1859
650
1281
5384
4723
5412
4658
2196
1681
1016
3308
3130
252
1185
2196
2339
4484
255
-1
4708
1869
5094
2569
2105
3997
1298
957
1427
3602
482
16
25
107
3183
3380
1465
1938
4882
4867
1073
247
4497
1568
2146
25
3738
3346
3875
4611
2285
5232
4292
590
3921
3800
223
-1
5049
890
4657
3999
425
5142
4053
3682
1178
2215
4471
4270
5399
485
3028
3240
630
1381
1465
425
482
636
937
4080
3139
1867
489
3139
859
1095
5062
1487
3331
5064
2156
3577
1482
650
4287
4779
1947
589
425
2591
1405
3756
2160
3139
4718
4327
3410
425
3139
4397
1796
195
5664
2122
4912
1931
3139
785
3417
2646
3140
5047
229
3949
106
1754
2285
1999
1172
4568
3059
92
25
1335
1533
195
2414
1410
425
-1
1286
1095
681
138
4226
4965
2200
1506
1230
5378
3051
3072
937
227
5433
1185
4975
2122
5714
223
3139
2122
4966
4966
2762
29
3215
2569
3046
10
3809
2762
5233
2376
1576
2615
3139
1460
1027
3176
5587
425
4639
3456
3139
5402
2870
-1
2731
2285
4763
889
693
3000
482
5558
1902
5744
4934
5426
4226
2250
-1
425
5402
3924
1348
41
3317
5595
3139
3609
3274
2762
923
3792
5419
4820
4792
5649
4142
3139
639
4555
1650
757
3139
4765
2196
2196
3139
1480
1298
177
1837
5104
1692
3139
3139
2189
1919
2306
4373
4039
2939
25
4936
2251
4371
3862
2911
3139
3999
1627
5499
5171
5345
746
3768
5293
4611
62
624
5491
4561
4549
3072
4408
4654
3139
1854
1167
932
1160
3697
1636
423
3869
4092
432
583
3197
3333
2455
2057
2181
4975
2196
695
25
2347
53
2762
3139
1568
3732
1756
3139
2902
4966
3621
1354
3139
4332
5402
583
4792
1016
3
2243
287
5667
5326
2702
328
4438
5402
389
2948
608
2719
595
5247
791
3463
2269
3730
5397
3139
2622
5671
4771
2986
2454
-1
3055
1098
3176
1210
4188
3139
2389
1673
834
4075
4763
2196
1313
2196
5733
4966
3814
716
4626
1122
4392
57
4983
1800
3308
5435
2796
4105
2867
3139
3210
4287
-1
5699
5578
-1
25
4890
446
3491
1465
3139
5470
3427
1949
2823
3939
2656
3264
3139
1017
540
5292
4278
3765
1595
425
4184
594
2085
3496
4890
630
5191
4506
889
5049
3506
3976
2939
1677
34
2196
5719
1429
3553
1651
1016
4142
548
1429
5587
288
3139
2693
2825
5121
2200
2306
399
3139
225
4438
4945
1756
4998
1722
1405
3139
5050
4287
1902
3997
425
1238
1777
1083
1016
1016
281
3498
1619
3308
57
4753
4039
823
1598
1152
943
3875
5490
4075
5695
3139
5363
4109
5624
267
4723
4966
5384
632
1800
2467
3000
3641
3139
2859
5123
2449
2962
3679
747
4508
1297
-1
1429
1780
3003
2227
1044
5197
1095
2333
4399
5587
4497
3167
4142
5241
4763
1012
3139
5062
2953
595
3532
4340
189
1313
5165
470
2196
2196
3400
5576
1019
5664
3487
4332
5402
4235
352
4966
2836
5062
1853
542
2515
5133
4772
545
2084
2196
2706
2007
436
566
3139
3139
1543
1016
25
1429
5472
26
-1
3405
4788
1405
2290
785
177
4209
3139
1759
2724
4188
2297
5362
4007
3773
1335
4221
5695
3450
630
1313
5586
365
1465
1354
371
1429
-1
425
1599
5412
4176
4665
-1
1583
1379
195
1178
2164
2528
1144
4373
3651
4438
540
2026
1639
3139
3711
3241
4000
5074
5399
2135
220
1377
4331
2426
852
3768
1130
2691
2285
5107
3925
2574
2196
5062
1781
425
1240
1333
275
5570
4233
1101
3139
5683
3485
594
5185
5421
5521
1222
425
3963
3800
583
1462
5362
5062
3676
4196
-1
2196
5271
630
1307
1866
1568
4951
2196
3139
5049
1468
2196
3361
256
3676
4741
4598
3365
2911
3725
4371
5717
1016
25
1470
2101
1902
4792
1821
853
827
3676
1194
66
2862
1354
2837
2825
951
5133
1405
1824
4564
2122
-1
1722
4689
88
957
4989
5085
1291
1118
2687
3192
1352
3621
4276
4298
142
2698
4096
2738
4700
595
5400
99
1586
3269
2243
2243
2200
3449
4039
71
3386
5712
485
550
1468
2957
1709
2882
5699
3139
4718
3849
2548
1127
5385
400
5505
1300
3650
2189
5402
5094
1979
4590
1680
4945
3139
3838
5362
4222
51
1313
275
5172
2195
4421
3252
1384
3439
1843
1942
2040
5360
3768
3154
547
4158
4226
2390
4188
1273
5402
3150
3139
2405
5638
4142
2876
1379
1706
1016
4825
2196
1029
2245
4185
5143
3139
5671
2200
3862
1610
1699
1601
1601
2059
5049
3220
-1
-1
3003
4373
1016
3931
3003
5062
4023
2195
2958
4280
1210
4188
3139
165
1429
3461
3994
1588
2645
3534
2122
5021
4799
1480
2285
3139
5133
16
2919
3191
3003
1809
5376
1264
2462
231
2390
2350
250
5081
3399
4945
4677
3095
1625
5235
5155
2484
1007
3139
482
3996
1511
25
4987
1902
4763
1465
227
3349
1577
218
4752
3139
4373
2196
1757
654
3139
2589
2122
3903
1798
3570
5518
4993
630
4689
2084
4904
1016
5362
3838
2189
5162
2762
1016
1465
5235
3499
1630
4298
452
4771
785
5574
1185
485
4676
521
5183
418
3139
612
2560
3139
4890
594
4196
539
425
5178
2196
1019
3418
5218
2200
2868
-1
3396
993
3139
1945
27
427
3561
5619
4490
3003
1429
5062
1800
678
3139
4007
548
3098
3074
1780
5426
-1
554
1484
1574
362
3736
3695
5744
886
3864
923
2762
4181
3054
5502
5729
1427
5402
1498
4032
5674
526
5271
2189
5133
5453
2953
2825
5028
5726
5132
-1
255
4799
5555
3857
314
2378
722
541
1983
18
630
2902
2823
1298
1631
4060
5402
2119
3396
5028
4890
2943
3139
3838
4095
3851
5746
2238
1536
5062
5049
4618
5245
594
-1
3165
3225
1307
2195
967
2259
425
1307
4348
4406
2200
2164
3932
5364
4890
4929
2251
4225
3053
353
18
5313
4584
4082
2825
-1
2615
1501
5271
3308
2679
1297
2196
961
2630
1425
4219
4158
4497
4149
88
1213
804
5170
4829
5200
540
-1
2565
3317
5537
1588
2164
1178
541
5122
3199
25
3228
4989
2777
1210
1222
1298
1452
13
4015
4777
4158
1638
-1
425
3139
1709
4757
338
3592
3139
2122
2233
3308
2285
3139
3387
3623
2543
4161
2565
4521
1178
3461
4945
1452
3013
1307
348
482
2084
3340
2762
1070
5081
2615
4900
3646
2200
2066
3139
275
1666
5707
3139
3997
2196
3543
1359
4353
126
4912
1692
5362
2083
2211
2390
2339
1044
785
2357
1996
526
4411
4188
935
2746
4771
3137
425
5746
5687
284
1429
5111
1631
4289
5094
1722
630
2195
2864
1872
3139
2729
5673
5472
494
5575
4591
536
5062
650
3289
482
5402
5518
1429
2669
1736
2615
1178
2863
425
96
5254
5709
5402
3568
4975
4890
4966
882
3862
3057
1101
1685
4815
3005
5133
2602
3105
5544
1298
1019
2113
1475
1597
586
4238
1480
3569
3066
396
3139
3015
5061
852
5062
2964
4778
4680
5280
2880
923
4894
595
51
881
4777
38
2153
386
1601
4575
2156
3139
740
5738
864
1185
227
2961
827
5049
3251
104
2184
1692
1501
4039
4784
-1
975
377
4158
1731
987
3485
1661
304
716
3752
2196
2189
3182
4784
4513
25
127
195
1131
3057
1480
4414
1185
1213
2196
3139
5742
485
825
1178
3623
1429
5221
547
3269
4290
3820
3447
4332
1865
1168
4125
1405
52
1909
5402
223
2196
2154
5062
3461
1320
4601
1885
653
2189
4693
1452
1371
4100
2196
1809
1116
1965
3139
137
1378
2762
1853
33
4408
5143
4253
301
1482
4792
220
3217
876
4078
2531
5003
4824
128
1681
425
2911
925
541
630
4825
812
2200
3991
4993
4460
3308
1739
1733
3800
3474
4993
3991
3696
3695
1307
5191
5587
2548
2016
2285
815
470
1777
1830
4438
195
1796
3003
5499
195
1003
1168
2947
3040
785
138
2016
2196
3044
1776
3595
425
1619
5267
1896
4651
2195
716
275
547
1776
1407
1169
2266
4886
985
2619
1465
5326
3139
1099
469
1722
3139
4031
3662
77
4093
3838
2669
1601
127
515
4348
4645
4331
4104
1405
628
3729
5402
482
425
3676
923
2615
2154
2383
4564
3621
951
25
4480
1429
3569
2442
3946
5313
2864
4482
5714
2814
1692
5207
1405
1429
5062
3139
1781
1095
746
2911
4005
425
3017
2196
1298
2697
3066
5419
3838
-1
1157
1313
3069
4039
3065
4903
284
1636
1307
5473
4763
4265
3107
5402
4945
2195
275
1919
1339
5194
2196
5587
3240
1619
196
3088
1601
1429
3957
3291
4332
4482
1071
3039
5062
4156
2036
2243
2975
2196
2324
4995
2257
2825
2697
1178
1313
3308
1019
5089
3521
3139
1134
4371
258
227
2285
1429
3994
3738
5068
3494
2539
5067
540
2196
1577
4373
5419
4670
1979
594
2989
4929
4205
3139
3139
1692
1294
3003
5587
1665
834
3800
25
3139
374
2841
1703
2338
1658
3139
5466
1778
1298
4890
5402
2586
1699
1048
882
4079
3752
3139
1249
3139
3139
4851
835
3139
886
5340
514
937
1613
85
5176
2196
5109
5587
1410
1996
5570
5087
2502
5402
138
5107
653
1830
1681
576
3485
4158
-1
2449
3139
2243
1924
4771
2855
177
1809
4549
307
2619
1429
3051
1598
3139
2619
2882
5402
3574
1017
3675
425
5410
4371
2891
2418
1351
3139
5497
4720
4226
2669
784
1195
5062
5109
5152
25
275
-1
4188
4912
1269
746
4693
2196
1366
1775
3784
1208
252
4000
304
1584
5461
2724
2196
3139
4700
16
3495
862
1579
2170
2165
3349
2762
1471
4335
92
2999
5446
3139
1945
540
719
-1
834
2247
1300
138
2285
4998
3136
810
2016
2122
405
2726
2762
5598
1891
263
4852
4466
2551
4702
1530
3139
5695
2376
4016
688
3701
4287
2633
1931
5402
4720
1273
1356
5598
1570
1019
3252
2785
1504
583
3991
-1
482
5700
4836
1330
2375
3308
25
1494
5063
2168
1840
1504
1608
25
615
2285
659
381
785
695
5433
2070
5232
4758
4998
25
5576
4903
5293
957
4771
382
4718
971
-1
2400
1465
4763
3630
5419
3181
3763
4149
3830
2838
465
2719
3139
425
425
3139
1016
4884
5466
2170
839
3688
1546
1269
1374
4945
2724
4584
2619
4171
3396
904
1744
5235
3136
242
3139
3392
1583
618
1598
4097
4570
540
2566
350
1619
37
5200
2671
934
1975
-1
5681
5431
3886
5402
961
425
1601
4902
1704
4564
147
1178
5297
5062
3790
5075
4993
1469
127
5419
5049
1307
5402
3139
2428
702
2196
3160
195
637
2030
227
3617
2572
1183
4298
1794
4825
4713
4211
1056
4158
1405
4609
4890
425
-1
4158
5547
25
2378
1083
5362
5501
2838
3672
1757
2380
5402
2825
2603
1583
2135
3822
2574
1016
2877
2200
5336
3749
2285
1116
1757
2830
787
5571
3697
2326
4378
4944
3289
1089
3580
184
446
5062
1414
1074
1185
967
5402
3725
2977
482
4890
5671
474
3139
5502
3139
3003
195
1168
2383
4287
722
5686
934
2306
1692
2948
1809
2843
4900
2979
4928
3788
5706
258
4479
2615
2067
2196
4050
5155
1718
1339
3944
3499
4444
1044
5587
37
1012
5402
5402
1777
3363
4909
4116
1119
1372
3139
2269
1185
630
5385
5022
3139
1722
3029
4797
5292
258
521
1016
304
2383
1933
5156
3520
2196
2200
5571
1879
4783
3139
4280
4222
630
3696
2811
3592
1872
1681
425
4039
2748
8
4587
1601
2724
1496
2619
3139
1636
5642
3015
606
2333
4718
1405
2825
890
448
2762
1549
1452
3725
2237
963
4564
2200
5405
3931
2341
4402
2940
696
4836
1076
1044
4280
3237
739
297
4884
25
4877
2196
147
92
1600
4802
2691
5326
25
1665
5033
25
2153
2659
4744
3904
1777
3139
2938
1157
1504
3808
1429
1949
2196
3830
4494
1601
1504
532
5062
4884
2469
4732
5062
2196
4039
1616
4890
1568
1119
1215
1137
2285
4998
4878
1101
4712
5648
10
227
5457
4400
3485
1083
196
5384
5008
4746
2200
137
1016
3479
5310
2287
1759
2769
3654
3813
5712
5695
5122
4993
3813
5049
2196
5084
5101
4966
2233
5122
4435
4998
2335
1719
3669
604
2390
425
5426
1429
1405
5269
195
1269
2863
3139
2535
2160
4825
1699
4358
4222
2376
5609
3612
1031
482
2390
18
4188
338
867
1326
2153
425
1877
2879
275
1320
5467
5431
5238
2877
1283
127
2196
625
787
4497
374
4740
3738
2226
3139
5466
2350
1381
2998
3800
1298
254
2285
637
425
5085
3525
4227
3139
41
3875
2200
4200
4902
4389
1601
104
3139
3427
1313
4600
5304
937
2503
425
5087
4073
4471
1832
1073
3800
3139
1095
3139
188
5587
1694
5028
5714
5285
3533
989
2803
5464
4980
-1
4075
2285
1269
2662
-1
5000
4966
3820
275
4774
1185
4555
4844
263
932
1145
1155
411
1757
4763
2281
823
4158
102
3928
2818
1861
4494
844
1588
2191
147
2190
1716
3139
2986
4424
725
1313
425
25
3763
5471
5721
1787
258
938
2196
3139
2386
600
2196
4007
1506
858
3937
5402
3139
4039
4497
794
1219
1407
615
4493
5222
2660
2589
2009
2406
36
3284
5405
2147
425
2196
2214
957
30
1686
1830
2724
4489
2989
425
5606
1160
1307
630
5133
4763
3139
1588
5587
565
5402
2183
1298
1415
5697
3968
4412
2584
3308
5433
5160
1506
963
4741
4890
1116
3615
5402
1527
3803
4298
4497
991
3875
5133
3139
5547
5313
1553
5031
4732
1095
3435
25
1003
1827
5491
1307
2285
2196
1159
3595
3676
-1
1913
3003
50
1945
4062
2646
1890
1085
4226
3711
5340
3367
719
5685
3950
2455
4718
425
1185
1268
1210
1902
2962
1979
427
1304
2847
3145
4276
4763
3157
25
3462
1801
3095
275
3762
993
12
4871
3008
4188
2453
3308
2196
5547
4400
2016
2482
2285
5410
4986
833
4041
25
3965
937
1153
702
5616
3629
3985
4078
4181
2196
5413
4986
4966
-1
2652
2269
3484
3616
3791
2539
1630
5049
-1
4890
4890
5502
214
3027
103
324
3308
2304
5072
1087
2724
3139
5170
4945
1521
5307
3955
3623
223
3139
494
3581
3621
2164
53
2712
2892
2723
2243
220
1152
4977
3396
1588
3139
1215
1362
2024
2390
4298
3308
227
4400
1927
482
5491
1845
249
5451
2239
1389
5062
3139
217
369
118
5616
381
482
-1
1777
5587
4912
1183
-1
1938
1230
-1
2196
482
1044
5528
5155
4742
4372
967
3139
1919
1194
2691
2830
823
3139
258
3139
5354
4997
3621
3640
1776
4855
25
2619
369
2196
2838
1232
2174
5744
1004
3046
3139
1452
945
2174
4763
2285
425
425
2196
1469
1504
5611
281
1608
3853
425
1757
3269
1132
2364
1058
2003
394
3676
2619
2383
66
812
1152
5642
2285
1480
1504
4713
4720
5164
1854
3086
2285
5021
508
2194
215
740
402
2630
2016
2196
5714
5049
5587
1282
957
1727
482
5049
2189
3734
594
3306
3556
1916
4662
3822
5238
41
2154
3139
5003
2390
4158
3591
3506
4998
700
5496
4438
923
5343
5232
2364
2636
1583
4629
1588
5243
4998
3945
3308
1407
4039
3847
3427
1230
1095
2725
3514
147
4489
3979
4588
2196
3377
2697
57
957
1194
2162
3027
3156
270
1405
1583
2196
4849
2149
3495
425
3480
1452
1928
785
3738
5049
5108
4851
1544
2393
425
787
3072
2630
5254
823
5293
3000
2862
3437
5322
4720
-1
2500
1661
2882
5222
1206
630
1206
5587
787
4181
1571
2670
5413
961
400
3139
4226
3458
3095
3887
5068
482
3069
4265
1256
3838
695
129
2196
3046
1902
875
1468
-1
1671
1269
1939
2724
3115
2085
482
2719
2088
1429
2881
1082
628
5063
4060
5269
787
192
3139
5714
2863
301
3066
5156
3308
5313
25
444
5340
1434
276
1601
-1
2285
5402
1699
1931
3485
630
2476
5247
3591
4371
1681
1379
2141
2292
1793
1427
484
751
1307
275
1219
177
1699
2196
3139
177
2196
2196
532
5667
2514
4375
92
1313
3139
1475
3840
3139
975
1480
4890
2998
425
4406
25
4689
425
25
2332
-1
823
275
2514
4673
2243
1448
3139
5049
1699
5093
3139
4039
3004
5236
5702
2196
5618
3323
4998
5167
350
3139
180
1313
1945
3439
5050
540
4287
248
1588
1583
1210
3725
3139
2189
2440
5695
5519
4478
1583
1588
2673
314
5370
2587
1405
3072
1339
1468
5195
2689
1481
5520
1694
4702
3115
1300
1427
3157
2195
3569
4992
5062
3139
1044
3046
4945
4615
5364
2198
2879
2630
5733
5107
3139
3039
4226
1313
1125
3980
993
3399
5172
2021
5022
425
659
25
4366
5133
258
2420
25
2724
4792
5289
4944
4545
1307
425
3592
25
2697
3139
1389
147
3949
2724
339
3308
4280
1012
236
3113
414
4654
2345
5491
3341
4992
3242
5402
1463
5587
5293
3139
304
4446
3308
4787
3861
980
3139
4126
2762
2619
2274
4720
472
1101
5633
4437
3931
443
2473
2019
3934
806
2245
3711
4720
2133
5433
3621
1429
4415
3829
2268
934
3510
3777
4142
2882
5492
1157
1664
3621
787
2267
2314
1930
1762
428
3997
1549
4158
1339
127
5155
2364
5403
4621
639
540
2734
5062
4039
2016
2762
3139
5218
3044
3658
1814
810
1058
2396
1885
2813
3711
1578
3308
4884
583
3139
5293
5062
540
1095
4255
3725
2446
4438
5017
3228
1465
25
3139
450
3139
1917
16
4196
1897
3192
540
5587
1922
3139
2376
1012
3559
2269
3139
1653
1217
3017
2946
1298
2762
2039
4811
1082
4945
4226
3841
740
3932
1044
1298
-1
51
2974
2662
1405
1611
2196
5183
1405
25
2828
2576
391
3616
4497
4438
4226
5421
1653
524
3974
1429
2084
1007
4126
548
5280
3836
3781
2765
2934
4578
449
594
482
5517
102
4192
1103
288
5049
4415
5558
5056
1294
5402
1594
3545
270
2195
1480
844
324
3614
1095
1367
4039
3878
645
485
4142
1294
2196
4497
25
744
2023
3139
2821
853
1420
4695
893
1722
5062
2285
3139
740
3139
1300
1003
1582
4226
3602
4959
5362
3838
25
5432
827
5497
3954
4720
1405
24
4393
1016
4158
5562
2462
51
25
1242
2315
2290
4545
4971
425
3422
428
1361
482
1159
5142
2196
3308
190
2903
4945
3009
3139
195
5235
1095
2882
5551
425
2884
5497
1350
2948
5691
4200
1019
746
2135
3395
2934
3564
5013
5473
4418
586
5231
1452
3970
548
4776
3513
156
1699
1431
5009
276
469
4998
2383
3139
5576
1307
4875
1441
2703
2675
1307
5515
3914
2760
3003
3857
2666
861
1283
4373
5085
4901
5530
4644
2245
4468
2922
3139
5028
682
1021
2923
3742
2737
1429
2304
1103
3768
4992
675
2196
1949
923
4332
5265
195
99
5446
3139
5648
2304
5062
2660
3139
4281
2122
3830
2355
1760
5015
4836
494
5112
4196
3278
993
5664
2797
3877
372
386
2316
4890
1601
865
4226
1157
5177
2629
2630
2825
2122
1759
4158
425
2200
1699
1166
3392
2122
2610
5279
3139
5183
2514
1583
4080
4238
5600
3180
2911
614
3652
2196
1692
5402
2988
127
1989
4188
5402
3495
4884
5269
5671
4494
3349
3621
2619
3377
2523
3139
5547
1044
1137
2461
3139
5402
56
5081
254
5587
2515
1205
4558
3485
524
425
3139
1344
5657
2050
4040
4298
1095
1221
1707
1044
3580
227
2196
2196
5336
5059
2269
25
5671
486
3702
1384
4804
4492
5340
3308
2196
3429
3308
763
2958
4890
4513
1337
3887
1044
3240
4158
1619
3283
380
3673
3567
3139
1352
666
5671
4826
1452
252
5021
1410
-1
1089
3308
5576
2243
4875
5384
733
3584
3392
806
5587
766
2390
1313
3679
3148
5505
2830
1747
3446
2489
515
1636
3139
2196
5087
3136
3241
3139
2004
378
3833
-1
623
25
4347
425
1475
5362
1352
524
425
540
3616
5557
4823
5364
1168
1095
4945
5238
1897
2122
5410
2989
3308
5022
1230
1593
4054
2285
2243
3139
1273
3869
630
49
2882
2097
2196
2244
2122
432
5183
3554
4226
2153
304
1601
5200
3139
2146
1122
889
3760
2724
2416
256
2622
1044
1157
1811
258
227
1268
5525
2248
1236
5122
2473
2243
2200
204
1056
4158
25
2016
2539
2571
1417
1244
3676
847
3046
4533
3139
5220
5077
532
4693
4238
5031
5357
1304
5587
2470
5050
3843
1731
4890
1405
254
1206
2152
1898
1085
4896
4992
2882
4807
3524
2412
923
5544
775
3139
1857
118
2248
4420
258
3139
630
3196
592
1909
2122
1354
198
3138
2349
4359
5319
1371
2329
425
16
5402
5114
52
1429
24
5731
5105
4884
1056
53
1339
2951
514
3385
3761
1307
2882
314
3139
2175
2196
2720
241
2
5402
4222
3875
3240
3595
3137
1219
5032
1727
425
3989
1168
4162
5062
2463
5475
2911
3926
5037
2206
2189
1697
3931
2135
5062
1185
3139
2934
1480
1601
1131
258
1650
1313
4157
16
485
4649
2882
1553
2320
2164
5099
922
4369
4482
4701
1380
4836
5235
4266
2350
5111
5405
1601
937
1914
3791
285
5271
2227
482
3592
3139
41
4966
2036
1079
5612
4713
2676
2383
4245
2167
1717
541
2838
4890
3139
5255
1218
4771
37
4158
785
1680
4907
2285
1149
1116
2414
5587
2552
3768
5385
4829
35
1185
3946
3139
4457
2390
472
483
5690
694
632
4158
243
3139
3363
4396
1269
3052
2333
2114
5029
187
3641
275
425
635
77
2979
3716
127
5402
425
171
1429
1195
834
5122
1298
1330
2355
4226
4373
1230
1623
568
2697
5491
4004
4226
1307
4491
835
4830
484
4890
1101
3641
4484
3991
1504
1465
1519
1028
5558
630
425
2986
2200
1936
1653
465
3139
857
785
1823
5210
62
2628
5004
2220
5062
418
835
209
5695
2196
498
391
847
2267
4559
826
1296
3139
4986
4035
2924
4111
4890
1446
1588
4497
5247
3573
3258
2698
4911
3682
5022
485
241
1044
5476
5402
4884
4204
425
3139
3866
2601
3989
196
3520
1307
1294
2009
-1
4000
2196
4497
5671
4158
570
1702
5282
4090
1264
5340
3139
4890
3682
2200
3748
5385
5062
2016
3139
2382
713
3249
3401
2196
485
4392
3139
127
5712
4945
3356
1601
1478
2526
1313
425
5049
2196
5198
-1
2200
3293
4282
5407
4397
4787
5576
255
2762
5132
584
52
3761
425
3431
3530
5062
3139
3800
1405
114
4272
2196
3040
2364
630
3862
3139
2196
4915
-1
5195
628
2164
2285
4196
5040
3875
2598
1083
3862
594
5402
1316
401
975
1429
1800
5544
2390
3139
2122
5566
526
2319
18
1727
311
425
5402
2645
