3038
1517
3115
1517
834
3139
1636
1016
834
5402
834
11
11
1429
5241
118
1307
4948
730
5402
1095
695
5319
1016
-1
3543
1016
4038
1016
5402
1016
5402
5402
4110
1178
5402
1517
1821
3351
957
2531
-1
457
2611
3139
5402
3139
4373
1821
957
1149
3240
5287
227
3308
4039
227
1016
2611
1300
1178
1821
1178
1821
1821
1517
2982
3139
227
3139
1821
1821
227
2479
3139
1821
1583
3139
5402
1821
3139
1517
5402
227
5402
5596
5319
3875
3139
1928
3139
2982
227
3139
1583
1821
3139
4859
3139
1178
3303
2615
4793
1902
1016
784
3856
2615
1821
315
695
4720
1821
4793
1699
219
5402
547
3218
11
5062
4062
3139
3139
1821
3377
5094
5402
3838
447
1594
1821
5426
5133
1902
3139
3139
3139
5402
4859
2408
1178
4720
547
5512
3139
3139
957
3875
3092
1821
2615
4992
5049
3139
2615
1688
3139
3139
3139
3139
2615
2615
1462
3139
3139
784
3139
1902
4859
3218
3875
-1
1313
1688
3139
3139
3115
2615
-1
1902
455
5415
5094
3139
827
1821
25
227
1313
2615
5049
3139
3139
3139
3139
2615
4859
4992
3139
5419
3139
3139
4190
1178
425
3813
3813
1313
957
3240
3139
1016
3136
1178
1902
118
3139
3509
3139
827
4521
3139
3139
3139
1821
1821
730
3139
3184
2164
5608
1902
4034
5094
3139
3139
1313
3139
1024
3813
1902
1313
5402
5442
5576
5062
3139
5062
1517
4039
3139
3846
2615
4039
1313
1915
3509
5415
227
3139
1994
808
957
695
3139
3139
5062
3946
972
-1
1016
5062
1339
1821
4034
834
1313
3218
2762
1313
3139
3115
5402
3139
1429
5062
25
348
1307
3139
1178
3184
2196
4633
1462
5402
425
1821
2196
3139
1638
3139
5402
3218
2724
1688
3385
2615
1313
5443
5056
3139
3240
4859
3297
3653
3139
425
2380
1016
4859
4039
1902
1178
3139
4633
3139
1793
556
2724
1638
3139
3139
3580
1821
2200
4438
2724
127
2269
4682
3139
3687
2200
4034
5085
3139
3592
127
3139
4859
1313
2285
3580
1639
16
2037
3139
3092
630
2380
3139
4633
3139
2405
5333
1821
3139
1313
2700
4633
5442
3139
248
4521
832
1688
4219
3176
2328
457
5062
2700
2009
4232
4992
1638
3176
1821
4039
5062
1086
571
2380
166
425
1902
2615
387
5426
810
869
4859
5062
1016
5133
5062
2380
3580
2122
4616
25
1429
1304
3139
1448
1821
847
4992
3139
3139
1821
5402
3139
2196
2867
5239
1300
2615
4700
3139
-1
5402
1178
3423
3139
3139
1313
1313
16
-1
16
5274
5384
832
2196
3139
1323
3139
3813
1821
-1
1688
3139
5094
1902
3139
4982
1313
4034
1688
4242
3139
3422
1902
2615
2285
2762
3110
5062
583
583
1821
2285
957
3556
3592
5049
1902
425
4300
810
4982
3687
1821
3139
-1
4935
25
5049
1821
2269
5062
25
1254
3784
3681
3139
4859
3813
2401
1313
3110
827
1638
3139
3139
2285
5062
4945
1313
3330
5249
2615
4966
1465
421
4555
3139
1313
3240
1629
245
1016
2189
1931
4633
2058
2233
1688
2196
1300
808
3139
3139
5450
4032
5402
3621
227
2200
2380
1313
227
1936
2927
4039
4190
541
5062
4603
2615
2882
2671
249
740
2009
3139
1821
1902
4231
227
5062
5062
1300
-1
1997
2874
5524
2619
4036
2196
1902
1821
1931
1821
4142
425
3139
1016
227
1902
5402
1669
3621
5402
3110
5062
4966
2196
2200
2189
5584
5049
1313
3139
3676
425
3813
1601
5017
1436
4973
3139
482
3875
2882
187
1407
3139
2408
287
3139
2615
845
5235
3139
3509
5402
1313
1119
2122
5094
2462
3875
227
4633
3687
1307
2462
3530
3139
714
3139
-1
1739
630
1601
3107
4700
1475
2882
808
227
3875
5402
5142
2196
3875
3139
3139
582
425
1902
1931
3676
3139
5587
-1
4190
25
1313
2196
2292
3107
5402
-1
2615
3421
3107
2164
421
4190
2196
2164
3139
2243
2196
2009
571
5254
4190
575
3139
1688
3139
1475
1313
1517
2610
2196
5062
4158
1313
1313
2619
957
425
1024
2332
5062
3569
452
1407
2122
4034
5254
1517
4966
3139
3985
3139
485
1307
3139
1638
5271
571
2196
3139
1510
3107
5584
1902
1316
5062
3974
2911
2189
4859
571
3139
5402
4966
5062
25
3017
1475
444
1821
3996
5249
2196
1928
1358
1313
3231
2269
5062
1407
5587
2196
2009
3139
4859
832
425
3987
3555
5062
3139
227
1821
1024
3139
3115
2762
1688
1461
1699
3229
2523
5415
3139
2200
3139
2813
425
3115
-1
25
1269
3800
5286
1475
5561
2724
3139
3139
3139
16
3110
-1
3963
3139
3139
2200
1313
3676
571
2838
3139
3139
4287
5053
3139
3110
1313
3382
3139
5448
1931
3139
-1
3315
2503
5293
808
5402
1601
4615
2312
1601
5133
5402
2370
5249
2196
1016
3139
4662
3530
3139
5018
869
3813
3917
957
3139
3139
3107
3449
4945
5587
2724
2196
1016
1044
2196
5584
3139
1313
1003
4368
1178
3107
2766
3996
5402
571
3139
2672
1639
1313
4478
439
523
832
4966
3139
3139
3711
3139
1313
1688
25
3110
1994
3038
1983
4713
1509
808
3139
3139
1509
2615
5402
1821
25
1915
1269
3813
4242
3171
5062
5062
25
5249
2615
3139
1821
808
5155
3139
3139
3107
2770
3092
1293
2350
4700
3188
3813
2700
3139
1255
5068
2931
5062
5049
3139
-1
3139
1638
1702
5142
5062
5062
1184
4954
1475
5355
3139
1293
3996
1407
5133
3555
583
4717
1931
5050
1407
1313
3139
1475
5050
3139
923
425
1638
5584
1639
5062
1038
3987
4690
2714
1313
3139
523
4566
4172
2724
3139
1016
5062
3139
1475
2989
1435
571
3139
1902
3107
1469
957
2196
1572
2196
5414
827
5419
2196
4700
3139
2164
3139
-1
4954
2196
45
4109
3918
3139
3139
5402
418
4662
227
5293
1003
2770
5062
1688
3167
1313
4142
1560
3139
4190
425
571
5053
1339
3139
5587
2867
3974
2695
2695
425
4713
2957
5085
4311
1915
1313
952
1293
4426
5414
2195
5354
1601
5271
1352
1313
5085
1902
1601
1931
3139
5062
1313
5293
3139
3139
1475
832
5595
3139
4713
1313
1452
4190
5323
3139
3107
3139
5402
5392
5062
2285
4945
1821
1517
5466
2714
1054
2196
3139
2196
5133
3139
5249
2158
258
3592
3875
5068
5049
4945
882
3139
5402
1846
5333
-1
3139
2196
3509
2196
3507
1821
16
4155
4954
5392
1759
4633
457
4966
2766
3875
3509
1313
2196
5062
5402
5062
2164
3676
3817
3139
3139
1307
5402
5595
4720
3139
5587
25
3139
5402
3139
2196
443
2200
5062
1274
5587
3139
5392
2380
3784
1475
3139
5062
3139
3756
887
2196
1240
4595
3139
1262
4474
2509
5062
4068
1065
3139
1994
1029
5049
3107
4795
1832
2785
5062
25
2196
2775
166
3139
4142
1038
5323
3951
2296
1016
2531
1044
3110
3139
2196
5275
418
25
4654
1722
2196
4142
52
1902
5062
1255
4966
4474
25
2724
1821
1293
4242
1688
5062
2376
2200
2196
4242
4982
3813
1293
4006
2196
1435
1339
-1
3139
1313
3029
5050
-1
1199
5402
4107
3987
1823
2196
5584
3139
3974
1447
3139
3676
1601
3139
541
5384
3139
1157
1440
1688
425
2662
2756
3139
425
1407
5018
2762
2615
1821
1931
3139
4127
1688
428
4966
1776
482
3139
25
4966
591
5068
3681
5049
5022
1840
1024
3139
3139
5469
2380
4615
1601
5595
1983
25
-1
1269
2615
3946
1601
1440
1583
5104
957
4034
1436
5062
2196
5396
4190
630
1509
3139
4907
3509
4311
4662
4859
4526
4633
5174
1349
1313
3139
3139
2196
25
1436
571
3315
-1
1821
5050
1429
3951
3139
4713
5336
5402
3139
4286
-1
485
3139
215
25
3784
2756
166
1776
3139
3139
4521
3107
2285
3509
1398
1435
1313
-1
225
5491
4034
5203
1178
957
425
3141
1517
3636
3187
1832
2196
3875
3139
457
2787
882
443
5375
5062
1293
5133
5587
4039
2910
1206
4158
1821
3556
5049
1601
1440
-1
1407
3139
3156
1601
4359
3139
3139
1517
2950
3636
4633
4008
3139
3139
4713
5062
3756
5248
3139
-1
5402
127
556
2060
5402
1902
3139
3139
1313
1016
1688
1465
1462
2196
785
2787
2619
1560
425
1688
5018
4982
3139
4684
3636
1791
2724
2587
3139
4107
3473
827
4713
1178
3139
3139
4142
2787
-1
2943
1931
25
2060
-1
5133
5062
215
3139
1517
1435
-1
5577
1588
3184
3139
3139
3273
25
898
3139
2787
2700
425
2787
808
2196
3139
1313
227
348
1821
1313
3139
4598
3139
2787
2123
1313
5469
3139
4142
1601
5402
5644
3139
3936
2021
3007
5043
4166
113
4713
714
418
1575
3996
-1
1383
808
5584
5085
1601
2196
3139
2200
4859
3139
5133
25
4598
3139
2196
834
1206
5584
5282
1313
2699
348
4190
3762
425
2060
3139
5712
3115
1184
2285
5402
5049
425
4034
4142
1823
4392
2380
1313
-1
1313
1016
3996
1902
5469
3636
3139
3139
4142
4474
-1
287
3316
3139
5469
5402
3918
5321
3139
2724
2269
2196
3139
5402
5062
957
3139
2787
1601
1601
3139
348
2882
1230
5062
288
1297
227
425
4982
4966
3139
2285
482
3555
5402
581
2882
1238
1715
5481
2882
1436
1313
1044
2787
2196
523
3309
5050
1794
4039
1778
3367
1238
2188
3139
215
1821
3139
2060
5062
4228
1992
4966
1601
4008
2196
832
540
2200
1931
556
5049
1442
2196
4966
3139
3139
425
2196
1440
2787
526
3936
3813
2060
-1
1016
3139
3772
4630
1307
1700
-1
5062
4474
4859
16
1931
-1
5392
2200
5062
5028
2380
25
3813
1307
2989
4196
5062
3185
4633
3530
5644
3875
4109
5053
2196
1601
3139
3756
5524
55
2133
2509
3139
425
4373
1313
1843
425
4966
2196
-1
2196
5104
1601
3139
2269
2060
2882
215
3987
4713
1681
2740
3996
1297
5415
178
1443
3139
1298
3139
1293
25
2060
3915
2377
3139
4784
5595
2188
3846
5606
2196
5104
18
1313
2196
-1
3139
1902
1407
4598
757
-1
4386
1210
1672
1016
2196
3107
348
2196
1407
2285
785
3552
3092
577
2305
1003
288
3996
2223
2296
4332
2196
2196
2196
3139
3772
4228
4954
2631
1206
241
5402
3636
2724
5672
2196
1313
4859
4226
1931
3107
3265
425
25
1902
2762
5049
3107
3139
1016
1101
2724
3139
4966
3139
2746
3139
2630
808
2762
5595
3996
2338
4121
5293
2762
1293
3875
785
3107
4005
3107
785
1349
3003
1313
2454
5050
2196
1699
787
2785
441
4142
3676
44
3509
1468
5402
5062
1405
2200
5049
1185
45
25
4720
5249
1558
3139
2269
3139
2766
5148
3139
5062
5116
3116
1586
5402
5062
1266
4142
-1
4460
1715
4039
628
1688
3139
5049
1297
3772
3756
3068
5133
5402
2615
2196
3813
4348
4646
3107
583
3139
1800
1407
5402
5028
5271
5402
888
1902
227
785
3139
1902
2196
922
349
2281
3139
2196
1832
4190
3139
1931
3396
170
3187
2882
485
827
5018
515
526
948
4598
808
425
25
3756
3139
4615
2196
823
3139
2269
1313
3772
3139
1313
2787
541
2196
3139
3385
1475
1435
2062
3139
227
1475
5402
5112
1293
5402
4005
25
3139
227
2196
1435
2196
2338
1178
1131
4142
3867
4142
4713
1821
2338
1436
1054
-1
3092
5375
3139
3139
3139
3167
571
5384
4142
425
3875
425
524
2196
3878
3107
3904
3139
1601
1313
3003
4966
4007
2196
1942
1601
748
703
1452
5068
4945
1160
3139
1269
2196
3003
3139
1313
16
5062
-1
3139
632
787
425
1313
5049
5402
2787
3636
3676
4484
2462
3316
1902
97
3139
3269
227
1821
3139
2021
3139
1498
2196
1983
3772
2196
2960
2196
5402
5062
4954
4194
3139
3988
3184
2060
5062
1601
5699
3139
25
2768
3636
3756
100
3676
2285
3074
425
3592
2196
220
1902
853
698
4194
1942
4400
4524
2787
-1
5699
3139
3003
3139
5062
5491
1452
5271
3552
3139
832
3744
3139
1220
25
4654
5333
232
227
5112
3107
808
1435
4484
41
425
2787
5402
1902
1016
3756
2196
4034
1832
1586
4793
2196
2196
2740
2462
2234
1942
2960
-1
1307
1238
2714
3139
5729
2882
1465
4633
3139
4966
-1
2787
3580
5402
1583
4939
1775
632
1800
418
-1
1427
4954
2200
1427
4966
52
2060
2982
2462
1601
3139
418
3139
714
3171
2699
5112
1588
4484
4700
3308
2196
3772
5087
5112
215
1942
3615
3308
2882
4402
4194
-1
1672
2282
4039
3188
1307
5146
4770
-1
1692
4194
51
3139
645
4008
2079
-1
5402
2883
3600
5062
5687
1313
2762
3110
5402
1821
2196
288
556
1255
1307
5402
1902
3167
227
2731
5146
5392
1401
3003
4194
227
25
41
3784
1991
2196
2333
1313
3139
4194
-1
5402
485
2196
3139
178
4497
485
948
3238
5062
-1
3139
5264
1588
3865
2768
2183
3987
3139
2196
3139
3308
3139
425
3139
-1
2196
3139
1048
3139
581
4068
2787
4444
1776
3139
3139
425
3615
138
2034
3051
3139
583
425
583
3636
4444
5210
5522
3139
3139
2196
5577
1238
2196
5146
5505
3139
5552
5402
177
4039
1503
5402
3068
2013
5062
2787
1821
177
5577
5062
2634
1313
303
5062
3597
5049
5402
3139
3139
1475
227
482
3107
-1
4713
1517
4280
1227
4954
1101
1465
1902
1638
425
5146
3139
1942
2762
932
2034
1313
634
1016
425
3772
3139
2724
1526
2021
915
2196
-1
1397
2075
4142
4695
1298
3051
4633
16
-1
227
3621
3139
2196
2282
1313
556
25
634
4400
3139
5711
3139
4190
3139
1313
3139
4954
2462
3139
4142
1475
5396
1462
3051
5085
2282
2188
3139
1126
5402
3139
5133
4444
1407
1016
177
3139
5104
1293
1193
25
4622
425
4945
581
3139
3139
787
2285
524
3139
1244
275
4142
3139
5594
3092
5620
5062
3139
4982
3003
3360
2957
1435
1688
1243
5497
3139
4884
1779
2196
526
147
1586
1782
4039
2762
4158
2960
2360
227
2714
4190
2787
1770
458
348
1297
3813
3139
5112
428
3139
1293
4966
4442
1238
5742
165
3139
4388
4619
5402
25
3139
4651
3308
3139
1307
3846
1688
3139
3139
2200
5330
1821
5062
227
5402
5146
5402
1583
760
41
2724
3756
1588
3139
5050
140
2276
1486
4359
5402
1313
25
4605
5656
1126
4529
5402
-1
1638
2196
3139
1601
2762
2998
3139
4217
-1
2282
165
228
-1
4984
3050
5146
25
3139
757
5402
3139
2714
2285
853
1601
847
5656
1307
5311
4107
352
4784
4039
5595
2285
823
448
3772
2196
3615
227
1715
5242
1601
3695
425
1517
2269
3139
5129
3385
4966
5025
832
1297
5190
375
418
2200
4884
3139
4039
3139
1262
3315
3509
165
425
2075
52
2009
1710
41
4975
3240
1313
5062
5049
2762
5469
3003
2196
3139
4937
3996
2200
5402
2762
2282
4772
5146
282
1601
5402
1244
25
683
3139
4194
1264
1313
1692
2611
1016
2196
2188
3396
3139
1945
195
5402
3139
3115
190
5049
3139
948
5656
1227
853
3139
-1
1601
5402
1227
3139
2196
834
1588
418
1038
1227
3676
3107
2515
4444
1800
3139
4039
-1
4158
5415
3139
5402
2281
25
3139
1298
5082
4330
1638
2403
3139
288
3139
1750
3139
227
1931
5062
3386
5742
2640
2196
1227
3139
4859
2665
3846
348
5559
3139
916
3139
1436
3682
3139
3547
1016
286
2770
2196
1601
799
1902
3051
3308
2196
2021
3509
4142
4135
1340
2121
2196
3875
739
405
-1
3068
425
2695
25
5396
1601
3139
4595
1601
4217
282
5417
5505
165
5062
1513
2787
3139
-1
4662
3673
5068
2196
4007
-1
784
2196
3507
348
2762
16
348
4073
5414
3139
98
3139
3187
1227
911
1340
1694
2196
3542
3139
2196
282
3846
2634
5368
5401
3592
25
1638
3139
2200
220
1126
4720
1340
4975
5720
3139
2768
3139
-1
1178
227
4192
3139
5112
282
209
1719
3509
4194
5146
5193
4194
93
2285
1339
482
1588
-1
2724
5402
3139
5402
2601
1902
5049
3772
5377
989
866
1429
2663
5049
2196
2906
3139
3139
177
4966
5402
2196
227
2619
1588
3139
2380
1817
5133
2196
1178
5133
5402
2762
3139
444
5140
2762
3139
2196
400
3107
3346
4713
25
2196
195
4966
4954
1297
5049
581
-1
3139
26
4194
3139
45
282
3735
3184
5062
3875
2443
1152
3875
1955
5442
3139
5094
1499
4904
2378
5748
5656
2671
3139
5402
4515
5415
77
3107
5133
379
2762
25
1821
2133
2196
2196
2183
5402
719
5271
4121
4713
3367
1821
444
808
1465
3820
2196
1440
3139
3419
3974
1826
3241
5062
3974
3139
2531
1157
5273
2687
3374
5133
3139
2663
785
-1
4784
1048
232
1902
1688
227
4007
195
303
1196
5062
4242
5497
4348
4093
2196
4720
4695
5062
2285
996
1313
3875
227
158
3139
5062
2196
1817
840
227
248
1821
1293
2196
-1
1583
1931
1601
1821
1821
4194
5587
1902
5672
823
5134
4142
1712
1003
1465
2196
1126
3772
25
2196
5062
425
5062
25
2196
3139
2714
2762
165
504
1688
1016
2196
2407
5473
3308
1185
1244
5402
1183
2285
-1
4194
4887
4082
5672
2878
3115
2699
282
5672
4258
5370
785
3742
2787
3139
915
5273
3509
5133
1817
3139
427
485
3521
1207
1902
1475
3110
147
5595
3139
4517
2196
3987
5402
3139
2188
1038
3139
427
4217
1750
3139
5062
4403
4270
3086
4142
3552
1129
1313
174
3139
-1
4846
1340
4359
1475
2350
2148
1435
1129
3875
3509
4695
2762
5049
1293
2196
1213
5062
425
3590
3092
227
2787
1293
5254
2196
5062
1601
227
714
1307
1313
1298
2974
5587
5156
4194
5043
1482
1953
4194
1455
1313
1601
25
3139
-1
3772
1712
2148
3951
2135
2196
2060
4945
-1
5062
4039
5242
3184
1757
2196
3139
4021
348
4442
3187
3139
2141
5442
2780
1601
1542
1462
4142
3552
5402
3139
-1
5062
3969
3238
3530
5062
195
5742
25
3772
-1
5442
433
3238
3139
2196
5587
1269
5481
92
3875
2060
3621
5140
4008
1313
348
571
831
5402
2285
3139
25
2196
285
4725
1769
1953
4388
3139
3555
3062
3772
2813
4112
5178
2196
4158
3349
3139
25
5551
1821
5273
4194
2299
3784
5082
4966
1340
5133
5254
1313
5402
5062
1126
5146
3139
1709
5402
1339
1598
1817
3003
2540
4278
3176
4226
5158
1340
2339
3139
1013
4725
3552
3744
2687
3267
808
3936
5287
4226
5402
3621
348
4158
3107
5402
2510
4194
632
425
1168
4442
2785
3139
2060
2196
5249
1821
4373
82
4814
5547
3139
957
2186
2188
1486
5402
4497
3987
2867
4904
3965
4403
2196
2882
3139
915
943
602
4857
5402
3555
5402
5220
2196
2960
356
287
507
4930
425
968
3772
4966
1313
1429
4258
3139
1340
3367
3414
1861
2019
1206
5402
2787
3203
1902
3139
2747
166
3139
3933
5715
923
53
3139
25
5049
3496
2196
2196
1269
3139
5133
4242
2960
45
425
2135
3139
3139
2762
5133
2060
5402
3006
376
1126
3139
4521
5402
425
1800
1161
2462
-1
5183
2108
1672
212
1313
4032
2200
1821
2989
3139
275
5620
5671
2196
1482
5402
3139
787
-1
5049
5402
2200
1902
5062
1082
5321
4200
1016
3676
2263
3139
810
5402
3726
1601
5043
3139
861
4359
2531
1638
1038
1313
5133
1583
2998
1657
3509
2934
220
5545
1966
3772
4194
178
5402
396
1601
2741
3139
425
3139
757
5062
5402
2672
3509
4986
5049
2196
25
2658
5062
2285
5220
1835
4243
-1
1307
-1
1244
5673
25
46
294
722
1313
2662
5673
5424
3139
51
1499
482
482
521
3139
-1
-1
1575
3139
241
4621
4651
2101
4972
2196
5625
1821
1178
3363
968
5402
4269
5049
1517
1157
-1
1238
2843
5062
5262
2762
5547
556
3552
5118
1472
2766
2787
530
275
4975
2016
5288
1902
3139
3139
1688
25
3139
4704
4194
1692
227
5402
4713
1293
4255
2671
1126
2196
1313
3139
3139
4039
3139
2196
1340
3139
5402
281
5205
1313
-1
5576
5375
2196
3139
4945
66
1297
1313
2882
5587
1238
227
4107
425
3139
5673
425
282
1238
5254
1915
973
2469
1038
3139
5062
1313
3107
2200
5133
3187
2630
1817
147
3139
4386
3139
3068
760
4374
3139
3400
1619
1161
2196
4660
343
425
1636
3162
3676
3110
5300
3139
3107
1450
1016
3139
-1
1896
1821
428
4854
1601
1048
-1
287
4121
1575
2196
4660
2196
3187
1821
2122
425
1915
425
634
5620
210
3636
5133
282
2196
5062
2148
3139
3139
3509
3139
2747
2285
1688
227
571
3139
25
1712
2755
25
2196
5724
4039
3590
494
1313
3041
5133
3139
3069
3139
1697
-1
5062
3139
4763
2934
1238
2724
1418
3636
425
3139
1601
1902
4243
432
1431
4158
1313
3676
1407
2196
1313
-1
3139
3676
2687
595
3732
2021
1048
3107
3139
1509
2201
2196
5455
25
3139
4444
4034
4654
2196
425
1405
1298
4188
2380
4529
4664
3107
3951
5491
4700
1244
541
4935
2998
282
427
5313
425
5062
1325
4966
4194
1619
3846
5620
5587
2188
3238
3272
5402
-1
4287
3139
787
195
3139
5402
4190
3821
5545
1722
1313
2328
2196
2768
3139
1313
3086
3139
-1
3240
25
3139
3414
3139
1468
3139
823
147
282
583
361
5672
2196
2922
4966
787
4200
348
4190
1203
25
3733
586
5049
1240
3139
1126
1313
3534
1688
4935
5402
3139
537
1307
1230
2196
3772
4242
425
3139
948
315
1821
225
801
5049
3966
5196
3139
2592
3744
3139
1450
2135
5022
4484
4713
-1
800
4142
195
4444
1313
3139
2762
25
5354
2196
5288
-1
5402
3139
1313
1168
2196
5612
1692
2196
4561
356
3139
3139
4883
3597
1692
5069
4651
3139
5195
5205
2196
2762
1601
3762
2568
2196
1227
3139
1044
5635
3772
1044
195
5402
3139
1821
2200
3139
1945
-1
5196
-1
3187
409
532
1307
4039
3139
1435
800
3439
4799
3838
1163
3139
2724
2231
-1
2034
3240
2934
2670
2049
3051
5298
3139
1044
3162
1307
3139
1298
3030
3139
3139
3813
4444
5402
1436
1821
5715
482
3139
3139
-1
2282
4771
4595
5402
178
1313
3139
548
3689
425
5220
5576
5193
4615
3530
785
3139
2075
2196
5402
1397
-1
4158
1244
3003
1238
2196
3139
4829
1003
4142
1159
25
5205
5062
1601
2960
1475
739
282
4092
4896
1313
1966
1638
1727
3555
937
882
952
3139
3615
5516
645
4026
4194
2911
2196
2787
4883
317
1397
1012
3139
282
2998
595
808
3336
832
2060
4713
1358
4595
317
4038
3615
3621
1927
4142
2762
1896
4810
3139
1638
2200
425
5746
571
2621
5384
2196
2196
3521
2884
2201
3139
4930
4633
3847
3509
1450
1902
2196
409
1429
1953
4713
2099
2196
3974
3308
4112
1636
4671
3830
2780
1638
2615
3187
1966
5655
4918
1393
3592
3308
1163
1238
2762
2619
5188
1262
5049
4216
4039
2138
1699
4484
227
5402
3393
3139
4367
4966
2200
25
1601
2762
3682
1003
2785
425
405
485
2060
3689
4662
2196
3139
3139
1203
3139
3875
425
177
3676
4621
4720
25
5402
3139
317
5062
2282
1313
2200
2196
1178
911
254
5505
25
1019
425
348
785
227
4660
61
5402
4982
2762
1918
215
5402
294
3139
1601
1313
5538
2762
5133
2196
317
3003
432
756
1293
3139
1902
3772
2196
1627
5402
-1
3542
3139
3617
4383
2530
3772
882
227
3139
3139
3057
5402
1601
2196
114
1769
1848
1307
239
5062
5156
220
4975
2762
3933
3139
5402
317
5002
1370
832
332
5595
425
5672
5133
2610
5551
177
3139
787
4190
5412
5419
425
594
3468
3772
425
2339
4194
2196
2196
2640
3676
425
425
5402
1264
4099
4664
1238
5442
3676
3072
2196
2196
4107
4664
2459
3519
3123
356
2548
1178
2787
4890
5587
2945
5062
-1
915
3139
418
2392
3772
2285
3162
2196
2285
25
320
3360
166
1044
5298
-1
5112
2196
4158
2196
165
2380
2858
1862
4945
937
2200
317
4371
4233
425
1230
1475
2200
1178
5475
4216
1152
3530
1966
3139
1178
5402
1230
349
915
2748
5402
4664
1298
968
1830
1044
1821
2196
4158
5402
5499
681
4740
4474
2096
5062
3139
3139
1796
3139
425
3139
832
4441
3887
3139
1966
41
1796
5576
2934
5402
2196
438
165
1157
1203
3139
5696
536
1120
3139
227
5538
25
5064
2231
425
4521
1688
227
3139
5396
-1
2974
3219
227
227
541
2762
1583
3139
3162
2510
784
2960
5402
1821
2615
3139
1839
3675
-1
227
514
3676
3269
1992
4720
4200
1027
348
1821
808
2134
3139
25
1586
1307
2148
1672
571
1313
1016
3787
2960
823
5254
3296
4158
425
3139
2148
2285
25
5062
571
2884
3712
669
5118
3139
5595
778
1244
16
4772
4190
-1
1450
1429
4237
2787
3139
425
1203
3280
1168
3139
1672
5413
1313
1126
3139
-1
3139
3787
3845
5446
3046
2196
3139
801
4966
3139
3965
4127
4560
5402
4337
3139
3139
4881
5402
4893
3236
1293
5537
1297
760
3944
5577
3139
2503
1219
2953
800
757
4966
5742
178
3817
5049
3139
4288
3139
4966
4190
3219
5068
1583
1427
465
4544
1826
1619
3930
2510
4220
2714
4713
576
2269
2196
1619
5656
787
3965
5491
2531
3139
5133
4538
5497
432
425
3107
5146
2196
2693
1429
25
5469
3123
4383
5401
1290
5748
1902
3636
5132
1313
5402
5049
3592
1942
3139
3139
5402
232
25
282
5049
-1
800
1942
4945
2338
4243
5672
1586
-1
3092
5118
5390
4621
5577
5194
1990
3774
948
5085
4332
3676
229
2285
4298
5703
2509
81
49
1821
5140
3139
25
3139
804
304
1583
4034
1796
3830
3552
5402
1379
2196
2072
3139
5188
2640
1601
2196
5208
4945
5402
2196
2732
3139
3021
1465
3136
1293
3592
5402
4940
25
288
2083
489
1452
1468
1206
2764
5146
3139
993
3772
2762
1166
3554
3530
1086
3139
2693
1475
1902
3676
5587
4633
3139
5064
2939
-1
3086
2196
5402
2196
317
2693
1159
2200
5118
1435
2133
2060
3670
158
3139
1834
2016
1516
2711
5402
4226
1240
3875
5558
1507
25
2787
3123
1635
3267
418
3528
4684
4444
5062
5714
1003
3139
5551
2918
1753
5373
4278
5419
5062
-1
356
5022
5538
25
2196
3044
425
25
294
1728
282
3886
5402
2862
1238
4190
5402
3592
2135
3184
4966
5062
425
3875
1308
3139
1407
41
4397
521
5742
3139
3280
2285
4442
915
25
760
2148
3530
4572
2425
1003
4621
2014
2196
2762
1346
4026
1003
4966
2285
1298
310
3139
2615
5402
630
5402
583
3139
5402
1885
4966
16
2196
1178
1333
1832
4763
425
3888
3676
957
571
1298
1821
4383
5196
3744
2080
1175
3139
2200
457
3592
4713
744
361
1712
629
2443
457
2903
1517
1638
5402
1902
1172
1152
3139
2148
3139
5146
4497
1354
3250
4383
2762
5062
1800
3933
1692
5402
3139
2882
1178
2196
1619
1126
2882
425
3139
1440
4237
2196
3615
3139
-1
3256
2764
3139
4038
227
571
4553
5442
3996
4142
2565
1891
521
227
3676
3257
2021
165
5140
4940
3139
3139
5623
2703
1049
1240
2787
2755
-1
25
781
1835
3139
3317
1821
1354
2060
4226
4326
4207
356
227
432
425
4192
1931
1178
2285
227
3095
915
4861
2762
3521
4194
41
3139
2858
5158
3072
3509
4039
5223
3139
3139
16
5656
3139
4534
3139
4190
5540
482
5402
2615
5082
2435
3139
227
4827
3139
4966
3250
3139
25
2012
3139
2960
5608
2196
288
3131
4534
3162
3139
1307
227
5742
1638
4829
5671
2196
5714
5402
5402
2012
1516
1168
1754
3813
4383
443
317
3784
1480
3676
-1
2196
2201
5064
4922
5402
4945
854
1119
3139
2196
5404
25
2220
1699
1126
3003
583
1650
2196
1429
3813
2755
3187
5468
1397
1499
5042
1297
2882
1956
1178
2269
2728
3431
1754
1832
2724
3784
2768
6
425
1650
3139
1307
2489
4717
2634
2196
3028
225
2008
5402
4034
3592
3592
2813
3139
5742
1003
427
951
831
195
3772
5085
669
4859
3139
5062
25
1465
4720
1699
4633
2014
4527
3139
1588
5068
2282
4194
2728
4087
3139
2196
4442
2550
5551
5469
2164
4267
416
-1
3139
1638
45
3592
329
-1
5402
4194
1636
1297
5385
2326
2196
792
3092
5062
1227
5321
2285
948
2196
5087
3772
1949
485
5402
4032
432
2830
3621
5146
590
1702
2787
3308
5133
3139
5040
3139
5112
1440
3139
3139
2380
4708
2762
2196
227
-1
3139
2945
3139
2196
2774
2196
227
3139
5385
3139
4945
1699
1313
5402
41
1320
577
2762
2285
1601
2021
3883
3784
1178
764
3171
2950
3772
4455
1195
-1
5402
2231
1588
2498
272
5587
3139
3250
16
5250
3139
5743
5538
2196
3139
4966
220
5442
4194
4621
2060
4763
3869
2787
25
5491
285
4718
3884
2762
2196
1294
5148
1042
77
3317
3682
3946
2882
5402
1805
4626
1486
5271
3139
3139
5258
583
4658
1817
1307
3846
3298
3933
2984
3139
4869
-1
827
540
5402
2196
425
1699
2196
1475
5402
3187
3139
-1
2510
3367
4142
5402
4383
2196
-1
1586
3408
5355
5478
409
3000
4164
1184
16
92
2328
3139
5402
36
1601
1354
4978
4359
4940
132
1307
227
5402
425
3139
5545
3505
348
3240
1942
3139
2196
425
3250
248
2615
154
2762
2196
3139
5133
2960
3094
-1
5673
4332
3308
5390
5112
1715
317
1681
1178
1650
4600
3139
2060
1313
2388
1203
3139
3139
1157
5531
3250
347
4039
5402
3139
3391
4920
275
5164
602
2435
2196
3762
1601
2196
2196
3003
4383
166
5474
5402
3521
195
853
3240
1499
4158
1650
3139
2196
2714
2196
4444
1440
4099
227
3139
5271
5172
4713
4082
3139
2221
5299
5402
639
1583
41
227
317
25
1672
3139
4194
4226
25
3547
4142
1557
3139
5402
2724
4038
165
1462
2509
5491
1374
3308
3139
2616
2882
2882
482
213
827
5304
5064
3139
3377
1427
4388
783
1829
3057
3944
5402
164
1203
25
3296
3996
220
485
5375
227
2936
427
1195
220
4851
138
5643
2462
1817
4977
1159
4259
2188
5587
3236
2014
1945
3611
1672
1767
25
3160
5062
2762
317
-1
1710
3676
3733
5271
3139
1465
285
5545
3509
1523
3787
147
1044
1953
3139
1650
5062
5148
1722
3139
1715
1945
1637
4353
5254
1126
1583
3139
1509
5595
3139
2196
5158
-1
1452
3483
3676
3139
5062
2762
227
5714
3003
5124
5566
1298
5656
3641
3139
3432
1046
5402
4371
1681
4771
425
4442
3139
3139
3139
3139
2937
88
2196
4192
2188
25
5137
5133
3456
747
4038
3139
275
813
1699
3086
911
4383
3139
1980
2196
425
2787
2971
1681
4621
3139
4172
3185
3854
1953
3139
5402
2974
4622
3139
3183
164
3139
3238
3139
4371
2196
2196
2196
472
3333
957
4158
5362
3676
834
2703
-1
1339
2884
4142
5298
1240
5402
1206
2380
5025
-1
5159
2635
2196
4386
1725
1601
744
1016
3139
1003
3075
5112
2762
3003
898
2200
5062
2196
5587
2762
2196
3621
16
3139
3072
3623
2285
448
1313
1966
4200
2298
1980
317
4371
73
2703
4315
3139
158
4226
2517
836
1313
3772
3865
3139
2196
349
4040
343
5402
3139
2196
3139
1517
3139
2666
948
1313
36
2164
3160
1203
425
1601
2177
1957
1517
1307
5491
-1
2196
4447
3107
1313
2974
1313
3139
425
2380
5672
4242
1003
2196
3139
3566
5109
1601
2830
425
2338
5037
634
2787
2285
3756
3123
2481
-1
1244
1126
2060
425
-1
2724
4815
2196
2200
3139
5402
3139
2196
3139
3725
5402
1038
3676
3139
133
5402
25
2196
4720
2644
1269
5164
227
3194
1307
915
5402
1471
128
4890
3693
3139
5254
5271
3308
2298
3360
4998
248
5402
1058
133
53
5062
2714
1298
4978
5402
1178
3139
3781
4194
3139
3772
16
3176
3139
1601
2125
1297
5064
1506
4371
1203
4311
3190
5271
3496
4798
3139
3495
1044
1475
4628
178
317
4039
2196
348
4720
1042
1452
317
1307
1583
1638
3139
347
4713
41
2196
2296
778
5419
5271
2835
4555
1298
5109
3804
436
5269
425
2619
3308
348
1966
5345
3139
1956
3184
3139
5049
3505
-1
3203
581
2196
2787
3139
3139
5298
5346
5406
1821
3965
712
5298
3427
1313
5118
4226
2285
3308
25
-1
3621
36
5254
165
2813
1465
4593
5165
3139
5085
5195
2196
58
594
3139
3177
16
1619
548
2700
3139
2164
3838
5345
1586
1601
2196
248
3139
5234
5538
5493
648
25
16
2196
2196
681
2762
5559
1482
3250
3495
1203
689
147
3468
3915
317
4846
247
3139
482
16
3139
1733
391
5062
1313
909
3160
4158
1126
1436
5062
2714
4539
4400
2950
1588
1252
4784
3139
1095
5587
5695
2697
1471
425
1583
3139
539
5102
3139
3099
4026
425
1452
3139
1910
1218
1244
3139
2333
3051
4455
1880
3139
1588
4966
2943
648
5402
425
227
2196
-1
3139
2693
2762
5177
5271
4945
1998
1374
2200
16
5087
1681
2196
3719
1136
1884
1435
4503
3995
3139
4761
1307
317
3312
2762
4038
1044
2196
3190
4190
-1
5402
5419
2724
689
1619
1300
2148
304
4142
1183
1185
2196
5652
361
3162
839
2675
540
1480
5064
2724
1756
5414
5156
5402
1919
2149
4534
2855
636
2196
1829
3139
2200
425
4966
2177
2148
2196
1966
1016
3496
3275
5326
5402
2619
3438
3139
195
3139
2675
3590
2196
1333
3814
785
909
2787
432
2196
3139
16
5062
1583
227
1796
4633
3139
614
1206
5402
129
241
-1
2330
3360
1159
3139
3139
227
2196
3555
3108
3139
25
-1
3886
2196
4181
1425
3107
-1
5049
4166
1307
957
4039
4720
2390
4674
4403
2911
5570
5370
3139
5053
1397
338
425
2196
2649
3139
3874
4602
810
3026
3725
2196
5062
1354
4940
3377
4190
1821
1168
3139
5402
4445
2787
3003
3139
5491
73
1435
2703
2998
3108
1420
1712
4175
3176
425
1699
2882
3139
1586
1298
3139
2285
583
1966
1178
1016
3580
2014
3141
1003
2619
5087
3280
4484
2122
5498
1230
416
1293
4712
1313
-1
4787
195
25
3682
2285
5671
1598
571
515
1583
506
3964
25
3139
3030
937
2762
-1
735
2333
3725
2380
3550
5646
5587
5165
3139
2328
1379
1598
4071
4713
622
4777
4731
-1
3246
5058
1313
1307
5271
4850
5502
84
3139
1796
3569
1452
1915
4537
1573
1307
-1
5049
147
2196
363
1161
5271
417
5226
4507
909
2787
3787
4966
3483
5402
2321
1915
5392
3139
425
3621
485
3139
5378
3766
5053
3830
3139
2285
722
1953
4476
1499
425
3139
4966
5200
1313
1683
4035
4547
285
2426
5402
2858
2196
77
1447
4633
3269
3139
4945
524
1980
4544
3207
2285
1297
425
5385
2060
4555
4360
3693
3051
3621
2266
2762
1307
147
1490
1455
1966
1452
4978
4326
2269
4935
2615
1440
2762
3139
3267
2134
282
2762
3139
4621
1601
5062
827
4986
4332
5687
5378
5531
1601
2196
1990
3139
4951
5062
5178
2832
1044
3139
5178
4034
4712
5050
1941
2787
1159
3555
4541
3139
5022
2134
3830
3139
4954
4111
391
5271
2196
3449
3682
3468
1821
4651
4237
5742
2268
4712
3139
3552
1440
5037
2511
3139
2014
1601
3308
25
5271
177
5402
3139
4142
2868
1902
2766
5402
307
317
1817
3623
5402
2196
3139
556
1307
227
2148
5671
948
4718
227
4326
3051
3046
16
1548
2747
3139
3139
3267
482
5532
3933
1035
571
479
2014
1161
2268
3072
823
555
84
429
1313
3772
3571
1662
2196
3107
1896
4560
1475
373
5402
1529
4194
3854
5451
348
648
4142
3621
5402
774
69
2762
3000
1025
3139
2135
614
3139
2615
165
5082
1436
2989
3139
3427
-1
5484
3139
2085
3139
4988
1601
25
3555
2196
5551
3846
800
25
3944
427
953
5402
1923
3139
823
1427
5402
2364
3756
3641
3139
1557
1601
3139
2762
5402
4698
594
1450
1681
3107
3139
823
3139
3676
2390
2150
3086
3139
3682
4322
5402
1715
1638
317
4444
5062
3550
2724
5254
5062
1637
114
3139
2825
1583
5534
3772
1369
937
5577
1688
1699
5683
1722
1650
3592
1044
3933
4034
3647
5109
2787
4127
5742
3139
2285
3072
1699
4503
2998
2200
2787
4383
4242
1056
2733
1880
1581
1293
5271
1945
2060
3139
3027
3463
4371
4810
1583
866
2787
258
2285
4700
2515
3463
1535
5109
3139
1643
695
4660
5078
3139
1821
1183
1342
1307
1167
4158
5346
4142
3139
5537
2285
1611
5402
1468
1813
3095
1897
3139
2200
3611
-1
3139
2075
5133
2787
4342
1379
2196
856
526
195
3139
2882
3173
5414
2723
1164
2060
5402
1313
425
361
539
289
542
5714
2060
5531
4792
3139
242
4966
1425
3279
3795
630
5049
3139
4985
498
3139
634
1185
2703
2196
2762
25
2164
4945
1313
2200
5402
5402
2131
1638
1601
1354
3139
2383
5375
3139
3964
4712
2703
1054
2649
3107
3231
25
25
4226
3108
939
1697
4162
1313
1575
787
494
5133
281
5387
1206
3139
2350
4978
3744
1624
4986
5133
23
1340
4998
3139
747
5148
3003
5491
3139
5402
1902
1400
147
3200
2196
3360
4068
4712
1054
1372
2657
3895
203
2906
2380
5402
4015
4194
4109
4039
540
2196
4817
391
2285
4488
3377
836
4720
425
556
2866
2630
3964
1280
4194
1949
1517
5576
1307
1203
1499
2843
3139
3139
808
5062
5082
25
2875
5064
2196
2196
3139
1168
3139
2390
3139
4712
2196
2164
5228
1384
861
2196
1003
391
2917
3552
-1
3139
3280
3139
2723
2108
4537
3139
2762
1369
1636
3415
3875
1636
3107
1298
548
3880
4621
3247
548
5577
-1
3139
3139
1501
1054
1044
3314
4142
5402
2593
1331
425
3980
5062
2285
2060
3996
2108
5087
4063
1891
4859
285
460
3139
3139
364
2196
3487
2196
4041
3676
2638
1712
3817
2872
1160
4824
282
3621
147
2196
3139
1647
391
3139
4315
268
2762
4569
3139
1924
5271
2134
425
3275
-1
2056
3308
2196
3139
5672
645
227
2662
1429
5402
4242
-1
3847
317
5402
2703
4158
4713
3838
5534
5402
2826
227
774
2615
2125
25
2623
5402
5062
1924
2890
5087
3280
5090
714
1405
317
2653
787
3139
3139
2021
5646
5402
2762
3139
2127
1885
823
4226
3176
419
1601
3332
3086
2196
4497
3139
203
5058
5469
3549
5402
4142
-1
2825
1821
2122
785
1286
1313
1157
3332
4877
3725
3000
195
5022
5564
-1
183
3813
4217
282
-1
2196
4332
5402
2227
1313
5656
3933
165
2196
2196
4226
4039
1293
3238
4322
2196
5177
348
4497
1157
-1
2164
5049
4032
1583
25
607
3542
5062
4032
3139
4109
2285
1178
3095
114
4772
2200
3139
2196
630
391
3139
3139
1509
485
1159
1440
-1
-1
4142
2787
3139
24
3695
2762
425
4784
4237
348
1958
363
2196
4497
1178
3139
425
2196
515
1548
2060
4695
4112
3744
4005
-1
1374
2679
3139
2895
3139
1486
3682
2044
3308
5402
25
3139
2724
3139
1307
1313
2196
3552
1638
3139
1722
3160
25
4537
3139
3139
6
3139
3416
2196
3787
4497
-1
164
1044
356
1207
5547
4157
1429
4373
5298
3139
2319
3550
3187
1096
2741
859
1230
3623
1842
5534
425
1546
2200
4966
3139
5156
2285
4853
3650
2787
4763
2629
1583
4039
317
2247
4038
2196
2693
2196
3483
859
1853
-1
45
2189
2196
2196
2196
3139
5402
5062
25
5313
3833
4270
5471
3846
2679
3160
1583
5402
-1
-1
3395
3139
3139
3139
5491
2196
624
2196
3139
1244
1429
634
5567
2830
-1
4058
5491
1429
317
3139
4207
1429
25
581
2296
5402
-1
3845
2122
348
-1
1475
2328
3676
2364
4188
4998
4388
5478
695
556
3040
57
3139
3139
2615
1949
5671
140
425
4107
282
1071
2733
4193
1830
1286
16
3139
2196
460
4720
642
2196
2196
2737
5446
3057
3026
2129
2493
2196
5402
3623
2666
1902
4897
-1
1269
5417
4142
2196
2762
1397
1016
5441
4713
5146
5595
4371
285
5567
3139
4397
2650
317
5263
3574
4978
227
5284
823
2196
4473
5695
5564
391
3139
3139
3187
391
3480
5531
4602
4945
472
2679
5402
2464
230
2548
3139
801
418
3139
3266
4034
1436
4082
25
2917
3139
5321
1178
3139
1455
3987
5402
5385
2338
3139
3695
3641
2728
2496
2017
3003
25
3139
5402
3107
317
681
3916
4883
282
227
2285
1796
-1
4332
5433
227
427
5101
1121
3139
5062
931
1619
3358
5402
1044
5471
220
3976
1254
5402
3139
2578
60
3139
2196
4121
5536
5402
2196
2496
5454
2196
5402
3176
2014
21
2762
2196
391
2882
1812
3139
2196
4978
1429
3107
-1
4341
3238
3806
1945
1131
2515
3101
314
3139
1583
1817
425
1397
3743
5401
425
2296
127
5313
1101
3139
4768
2615
2832
2196
5146
4142
-1
648
1499
2380
2196
2867
1427
1313
1358
1637
1435
4492
1429
1712
5387
4705
1044
4057
3139
4322
1178
3592
4194
1650
2615
1506
1766
2200
425
3092
1821
5062
810
205
2196
5402
5426
133
2683
4720
4808
3139
1688
275
5118
-1
4779
2638
2196
16
425
25
2824
5402
4768
4074
3139
308
977
1821
3641
1776
3139
4041
391
4255
227
5402
5303
3139
2285
5402
3139
2196
3139
4474
2196
-1
2383
2840
1990
4092
4322
3363
3954
5402
506
425
1601
5587
3184
2135
1339
5402
3195
3139
3139
16
1699
425
1452
425
3621
4188
801
1942
482
1503
648
2285
2200
2282
25
1560
3139
2164
2200
1313
4192
5062
3250
3072
425
432
4947
5087
4359
227
4859
3187
-1
1190
2285
2196
1185
4684
5242
-1
1168
901
3496
258
1680
1313
5566
4322
464
648
3139
5133
2247
4503
4878
5062
3139
3139
1475
5402
3139
25
4850
-1
3139
242
5402
4371
810
3139
4792
1913
3479
3699
4883
4121
4181
5028
73
1941
391
4194
747
5064
4945
2148
616
2196
282
3974
5715
3061
1256
4032
4162
5053
154
1639
1475
2770
356
2714
425
5402
5722
5298
3139
5062
1821
242
4371
331
2247
581
5414
1054
3279
5587
2855
1756
2196
5062
5402
1044
3308
2762
1435
147
3676
5448
3419
1167
2599
3353
3401
5368
3139
5470
923
2615
40
1681
5671
5049
3139
1450
2762
391
25
5378
317
1602
4005
-1
1514
227
3162
-1
5524
2200
1101
1909
5595
5656
4517
1101
5486
5049
1943
3139
2112
-1
1333
975
1638
3808
5402
2472
3308
3240
227
3139
664
5149
2883
2075
2832
-1
5587
4599
227
5714
1546
425
5346
3101
1178
2196
3139
2149
2196
2200
25
3139
1313
5402
2507
4484
5064
3139
5049
1517
2056
2285
25
1178
3830
1821
-1
263
3139
3139
3139
496
5505
1800
3370
2196
2196
4966
1300
5062
2369
1429
3730
460
1966
3026
4808
2762
4712
1298
2334
5471
3699
2693
1638
1902
425
4142
3139
1435
1105
2122
5402
5535
5062
5385
3108
5133
-1
2590
425
2883
3000
3139
4804
721
3875
5419
1313
5402
3553
1601
41
3628
4945
1699
2298
2285
1238
3139
3108
5062
1313
4651
4032
3139
1254
3139
3281
4194
734
1601
5683
5313
5085
183
3676
5720
5402
1054
-1
4580
3139
425
2196
3317
1706
282
1583
4771
630
5545
1902
1623
2733
317
425
2663
5699
5481
5402
1313
1699
882
1601
3139
4497
41
2196
324
3676
1285
3123
4802
5402
2762
4875
4846
648
5087
2196
2189
3162
1945
1583
3395
1588
1178
2510
1601
348
1475
5062
3308
3139
2196
2974
760
3139
482
425
937
2269
2196
3275
1619
317
3374
2672
25
282
1168
3139
630
3139
5087
787
3139
2873
25
4902
4651
2569
5537
5587
3107
4454
3107
2057
3528
4075
4048
4226
5191
3139
3108
2275
5402
2521
3772
4028
1692
425
2724
1339
2196
3976
1821
183
432
5547
2279
1672
2196
3139
3139
3139
1313
2148
5402
2703
4039
391
3139
2699
5471
2882
4474
3378
1643
3879
2566
391
-1
3556
1796
4255
760
5053
4226
5564
3139
303
2944
4142
3308
5719
5062
5402
4881
1688
833
3190
1185
4226
546
3308
3139
5656
4373
3279
-1
3108
3238
3623
1767
-1
3183
195
5471
3139
1044
1688
2196
285
5402
1429
3833
2200
2085
5001
2762
5385
5402
3190
5402
4142
5062
425
1160
1624
5402
4814
2333
1564
282
2196
3428
2919
2451
5138
5402
4720
3139
1517
3139
258
1688
4647
1452
4158
425
3469
3195
3108
3550
3107
2724
2234
3468
2934
4988
648
3051
4373
4868
1687
4107
5229
2570
1307
3621
4966
3139
4039
3139
2917
485
1523
3139
5491
2548
2638
61
1307
5072
2196
1468
4255
3107
1372
2830
2355
1468
5497
2762
3830
5402
3933
1768
5362
1672
2196
5322
1415
2285
3108
-1
1178
2619
2243
2449
5102
2724
2615
2196
1638
25
5576
613
1915
247
3139
3414
1688
2640
3139
25
3299
1342
391
3371
4237
4850
3427
3192
849
5402
3139
2635
288
4403
1550
-1
2548
3139
3139
1313
3139
3085
5402
41
3139
3139
2057
-1
1821
2060
2934
3139
25
-1
1699
3139
3465
3139
3139
583
3139
1769
482
2762
418
4158
4194
1339
425
3072
4142
4407
4194
4652
2196
5614
1945
540
2699
4255
2142
3770
2282
2638
3190
1601
2060
2989
3976
2897
317
2196
1293
3996
1452
1161
3092
3139
1168
2057
5375
2169
5636
-1
2064
2590
282
2196
1823
1601
1583
4768
2196
5471
3621
3933
789
3139
5085
5583
3139
2762
4345
3772
3650
3139
5062
1178
3509
2148
5402
92
2943
1044
5132
1966
5402
1157
2443
2207
4492
2196
5402
5232
3367
3787
2196
4226
1479
800
1003
2196
2762
3139
1346
5364
3250
1172
4034
282
3662
1230
4359
5742
5402
3592
-1
5062
2693
2762
2787
3139
605
2196
3139
2330
16
4215
425
1460
3139
227
2196
3139
1631
1429
2196
5087
1137
1168
2196
5671
4194
1517
4044
4792
5497
4000
2196
5368
391
2196
4039
3139
3139
4667
1808
1584
2196
4681
4947
-1
5191
5062
5402
427
1958
3139
2196
3134
4158
23
1301
3139
5484
427
2489
5177
3139
3676
2196
3238
1393
2474
3677
5002
4371
425
2787
2196
4192
5087
3621
485
2863
5022
425
25
2762
3463
5384
1949
3113
2787
5471
3139
3696
195
2125
2196
5471
3139
3139
5021
3308
1313
4442
2762
3621
16
-1
4322
2196
6
2762
1672
1297
1307
2724
1931
3933
5512
3139
3139
3496
5062
25
5242
1101
3422
3528
2333
5058
3108
5712
1506
4945
23
4474
2196
3396
3636
1696
901
4039
5402
4548
5062
3139
2882
2196
1207
5291
1218
3139
3628
1374
2762
1210
3628
5062
2679
5497
4207
4633
2196
937
4242
3370
3139
850
1575
1161
1176
633
404
5049
3139
433
1300
3324
1178
673
1650
3139
1244
404
5049
5402
3139
1746
282
2939
1313
3240
4713
110
3139
2285
3569
1203
1160
2196
1044
4200
2196
227
2285
2787
3139
5695
5402
2510
4311
2514
2196
1298
4986
532
1942
1313
2882
1203
834
2917
2548
3139
5109
1890
3139
5050
3139
3139
425
4158
2338
806
4398
4904
5402
3139
1650
421
-1
2728
227
1044
5087
5340
3763
24
3139
4158
1561
583
5191
2188
5112
4720
957
1354
2724
3370
425
5402
2148
1765
3592
3176
3139
5195
2583
1695
630
2813
5254
1178
2196
3139
2034
2724
3139
1044
2906
1244
3028
3487
5433
823
1650
3944
2285
5402
1598
1395
2785
3621
2762
5510
2196
3139
425
195
3139
-1
1392
4226
4584
183
2196
5298
3496
3139
3139
3875
-1
5484
3495
4039
3321
5272
25
4884
2183
951
1769
1244
149
4332
3139
2762
4891
1429
5028
1178
-1
2221
5630
3317
2462
-1
2232
4162
3139
5587
1339
3139
3592
1597
2825
2196
5673
472
140
3139
2762
2196
2196
1521
2196
3875
5494
3139
4273
4407
2207
2943
4966
3176
2892
5326
282
4091
2196
937
3139
-1
4544
4371
2415
1298
4660
2196
2762
5402
4265
4713
1313
2394
1506
1598
2451
3241
2960
5402
3641
1185
5471
5685
5564
5341
1832
3046
2196
5062
1429
1896
2196
2787
282
5062
3139
2196
5402
275
1054
2787
3865
4205
4966
3139
25
2762
3676
25
3621
2440
4215
1429
2989
689
1049
3772
2615
2196
2531
12
391
1601
5469
909
25
5696
2762
1227
3139
605
5062
2196
605
2196
1091
1183
3591
285
5112
1374
760
5402
482
1429
4194
3139
1906
3139
2196
2196
1482
4759
3139
1429
5062
2825
5018
1542
304
756
16
4633
3139
1101
4966
689
5368
41
5470
361
2196
3570
3139
2934
3139
5112
3139
5402
901
2269
4988
5062
5714
3592
3231
4371
5714
5062
3463
1842
3139
1727
5442
3623
5577
1185
5062
5242
2738
3139
178
3139
1540
3139
5378
5133
3139
1275
363
3139
5402
2762
2826
4890
5449
2943
4731
3317
1966
4988
4034
5402
2687
2269
3528
5062
2196
2943
1178
227
540
3049
5247
4629
5402
3139
3139
3139
2135
1699
5118
4041
5205
5271
624
5285
3139
3139
854
5402
3240
-1
1429
-1
2285
3641
2196
3003
391
5402
3623
2196
4945
4371
2285
1429
743
4232
3139
2548
3308
1601
25
5426
1699
3393
3641
1491
2122
3345
4692
1580
425
2019
2060
4371
3139
600
3139
1354
5402
2510
425
41
4700
2196
59
4289
2487
5293
3763
3326
1962
2321
842
5064
1397
4978
2380
2724
1160
195
2787
5132
156
-1
4388
1084
2548
59
2122
4878
2196
2285
77
3772
5339
1397
247
2196
3139
4028
2697
3139
4945
3139
3358
5271
1942
5049
3139
3886
123
1427
5062
21
59
-1
3139
4075
1667
425
3139
425
1479
5402
338
241
1536
5156
4825
2361
3139
3026
-1
3218
3139
2666
596
785
1339
3439
1636
3945
5576
4986
1769
305
195
2762
3030
3139
2770
137
2091
5719
3463
1240
4371
4534
425
285
3483
2200
695
4599
2196
1429
2762
3987
3200
5049
4346
4884
3139
5491
3887
1706
2196
743
2714
1313
3139
183
2196
1601
2196
4805
923
2605
2144
25
3250
1340
-1
5402
2630
3139
2539
2260
523
5230
3072
1354
1465
2474
1759
5098
25
4005
1681
1468
5561
548
3108
1606
1168
3772
-1
4322
425
3996
57
425
2196
3139
2548
1178
514
5687
2196
2065
5205
3415
1333
624
5346
1452
834
835
2196
425
4194
4074
1616
4151
1044
1942
3068
2882
2047
5547
942
2047
1429
4805
3657
1168
2787
4397
1793
3053
443
261
1044
4998
2333
4293
2412
2615
5165
-1
2844
4008
5058
1688
2882
3139
2762
1891
2196
2714
3528
1203
1167
3615
5187
3139
227
3139
1239
1427
4099
5404
3283
3139
4226
4315
425
5415
5402
3139
5062
2196
4148
2200
2885
1178
3139
4671
1016
5402
4142
3838
4712
5375
25
5402
2285
1429
3676
425
3139
3695
5392
1203
3139
4057
1583
5402
5402
4945
1016
1699
4712
664
2109
195
3495
3139
2196
62
4397
2867
882
2122
1465
3139
258
1703
2196
1945
5616
3806
760
1958
1897
3139
1307
304
3830
542
2876
3190
1964
425
3139
3996
5426
5062
4097
3139
2196
1517
425
3139
482
482
2724
5402
1298
482
3676
2072
5049
25
2615
3946
4226
5402
3139
2196
4359
5087
2060
5392
939
4142
2614
1450
5742
2380
3139
5402
3139
425
2724
526
3308
3317
4896
1890
1821
2196
5491
425
1636
3139
3101
-1
4288
5442
3139
3886
303
5402
1648
3107
2196
5252
3139
2934
3422
4706
2196
1390
35
2610
5241
3139
2196
1160
425
1945
5087
5402
2196
1096
2762
648
3139
25
1957
25
4096
4142
5538
4215
425
3139
4194
5062
3139
3120
3139
3139
5695
1184
1916
1044
2142
3139
1636
4975
4045
3139
425
2196
5178
3139
5087
580
2768
425
128
5284
2615
2285
5028
364
3887
3139
3139
4945
4371
3509
3139
5545
25
3771
-1
3067
-1
5523
348
3139
5205
425
5470
5195
2943
3252
2285
5419
4763
3028
4529
3139
957
5062
1313
2326
3528
5414
2225
3676
3139
2196
1729
5042
2776
5286
4497
2284
4945
2762
1664
227
2196
2762
425
5591
3110
1601
1429
1354
3139
4383
4483
2196
4900
2640
571
2200
317
391
2057
-1
3415
3101
1601
3916
1313
3139
3139
1100
4099
4045
4293
425
2196
2200
4039
3060
3136
1178
25
2440
5022
-1
1342
2486
4162
21
2404
2762
4884
4386
2056
2380
227
2196
4513
3139
3069
1298
1404
2724
3113
5484
3573
5058
2714
4763
1469
127
3139
2196
5402
1902
2649
1943
5362
3139
1071
3308
1210
3367
290
73
5158
799
4945
1482
25
2196
2066
523
2333
3139
2813
3308
2762
3272
3396
928
3139
2196
5200
1495
25
1003
1092
2615
4999
425
3139
2369
2934
2142
4484
2196
5649
425
2122
95
2009
4190
147
3139
5133
3998
2762
2444
5156
34
2697
338
3756
306
2776
2269
3621
1821
3139
1845
2200
3139
1650
4884
5146
4026
5402
3139
3621
3139
3139
3139
2882
2950
1126
304
147
3830
2663
3772
695
482
288
147
2282
3162
4713
5576
4768
4107
3139
205
2196
2196
416
62
1664
1450
4633
5068
4011
1650
25
2196
1606
5037
3139
2434
1044
1210
5213
2268
3139
907
4720
5062
3139
3772
25
2196
2200
5672
195
4689
3139
1119
1405
2882
2833
25
5077
3003
5471
4142
2911
95
25
1354
4383
3139
1313
1190
2015
3020
4484
1429
3139
4598
2196
3046
1588
5402
25
2189
5470
2882
4039
1313
3139
1353
321
2670
482
4142
2196
2084
3275
5022
3101
2196
3240
2451
5068
3830
25
4868
227
2640
425
4196
-1
3107
583
4712
5688
2510
4808
624
25
2196
5346
5196
5254
3139
1429
5402
4226
3697
2649
2196
1429
3487
4488
3256
3308
1429
1313
3581
3495
3768
2333
1131
25
5656
4266
3139
3240
1618
3139
2882
114
227
2134
3240
2137
2787
3139
2057
1313
-1
5566
1046
1945
25
4497
1919
2635
802
356
1769
4218
5028
4057
3358
1178
3139
2762
5200
900
827
1699
4720
25
16
1298
5688
25
3822
487
1404
425
1601
-1
25
3499
2723
1307
4438
4438
3965
2756
1298
2441
2915
258
1178
1601
3283
3772
3139
4746
5058
4954
5505
276
1352
3283
1583
4548
348
2762
1756
4966
25
147
1178
4999
2825
2519
2900
5062
3255
4693
3139
4784
3256
2830
1255
3439
5402
2196
5491
2200
482
405
978
2196
5402
201
3676
3813
1429
3939
2196
2200
4330
92
4718
1054
3108
650
2080
915
1358
2590
3072
2164
3039
5058
3139
5695
252
1945
2196
3139
2196
2697
1465
2943
1230
227
3756
747
4559
5402
957
2723
2616
594
4406
1949
3139
524
3107
3139
3641
2196
3363
1073
2064
2196
4162
594
3996
4720
3767
317
1342
5062
2762
487
-1
863
4492
203
4158
5049
4945
25
650
1152
1286
4053
1958
1178
25
1241
4768
80
4034
282
1606
4045
1381
4878
1178
3003
3449
937
1293
5538
2196
1588
3139
3229
551
5062
5053
4194
5564
2156
5402
3139
2196
630
265
3240
425
1647
2574
1405
2196
425
3139
-1
41
2911
3139
3139
1579
1699
3976
1285
1293
5402
2762
3139
785
690
3139
1507
5047
353
2200
-1
1945
1429
3552
3139
4255
2390
3514
92
1821
1980
1363
4492
215
5402
5451
1286
282
5620
2706
4228
4965
2200
3139
361
4453
4474
3072
365
227
127
5402
754
2122
3139
1
3139
1178
3139
5062
114
5475
3641
4712
993
1313
2770
1307
3139
2135
1576
5446
4584
275
4075
4154
5587
425
2196
3611
3139
5133
317
1699
5637
3509
4763
425
2762
5166
482
3086
3509
3139
3139
5426
4226
25
3139
2196
450
3139
5401
5133
2762
3772
3139
5656
3041
227
923
2503
4386
4998
3139
3887
1673
3139
4858
2196
1650
425
2196
5062
4699
2196
5022
4215
1054
948
1902
4996
3888
3139
3139
2189
317
425
2164
3770
3419
25
3139
1346
4371
5714
183
3139
2196
-1
5499
5171
5345
4785
195
5271
3932
2196
4386
3240
4815
1486
473
425
2380
3139
2146
1071
2295
993
2096
5587
2592
542
2196
3026
1197
757
5637
2196
3139
1
5132
2196
695
425
2200
3139
2762
3139
1650
3139
3833
3139
4196
1584
1178
4517
3139
1359
186
2950
3139
760
1475
482
1598
2762
3238
25
2196
1188
5402
5119
2948
2447
195
3240
4327
425
227
1044
674
3818
3139
4505
5671
348
489
3876
1892
4763
3028
957
5313
4406
3139
1352
3072
5062
2480
1307
2196
1313
2196
5733
4966
850
716
559
2762
2164
1286
3139
3107
3308
2687
2796
2813
1469
3139
-1
140
5651
349
2196
-1
3139
4720
3139
1601
3621
2916
3107
3139
5402
5087
2196
2714
1117
3139
3846
3934
3139
25
2017
425
425
348
2724
2085
612
2420
4986
2623
3262
4713
2767
1756
1511
2939
3676
34
2196
5298
1920
5402
3072
4181
3139
4194
16
3495
3139
3139
957
109
5009
2200
2882
425
3139
3603
2724
3171
4133
1300
1722
3924
3139
317
2615
2762
2762
425
317
4136
4444
5062
195
4580
190
1619
1178
3768
1776
1044
908
5545
1178
5402
227
1654
2200
3046
5402
4469
2882
4805
2196
3101
4966
5087
73
317
1796
5388
5411
-1
2313
522
3570
92
1307
3139
723
1253
4373
3139
3139
3003
2825
4497
195
2520
4207
1484
5587
5402
1298
227
1808
923
317
5028
4768
1269
739
2901
482
5205
1313
3279
4226
2196
2196
3041
3886
25
5375
4660
1546
5402
5074
1842
25
1509
195
1853
2207
5133
3396
92
4945
317
4057
5402
5254
195
3139
3139
3139
275
5666
25
4855
5166
2196
2825
-1
4875
-1
923
2196
4061
3139
1185
5187
5402
3641
4712
5039
248
304
1335
25
4029
227
5172
1313
630
2873
1465
2380
1313
2733
3139
227
4191
5471
5220
3573
-1
4878
2787
2129
1178
2164
450
2489
1588
1601
4400
540
5714
396
1298
427
1269
5402
3846
95
1956
1475
2200
3139
4802
3275
3641
4481
2456
5062
227
165
3192
2196
5062
1781
425
2752
2574
3789
1821
5587
4712
3139
4194
5109
594
227
203
5521
5402
425
2060
2265
1112
2196
3641
4768
5471
2451
1831
5402
5271
5074
1307
1866
1363
-1
2196
3139
5049
1468
2196
3139
3463
3676
957
2762
1808
1461
5009
3439
681
39
25
3789
5538
1313
4792
4142
4484
4190
3676
1363
5133
3139
3521
937
227
2060
1054
1452
3380
4158
5049
5402
1706
5414
348
957
1651
2285
2663
95
4192
2813
1339
3621
916
1172
2605
1307
3139
2960
2196
2196
25
2285
2076
4900
598
2199
4850
1253
2638
3110
5166
5712
1435
4960
2196
5402
1821
2882
3184
-1
-1
195
806
1318
805
3139
-1
3636
1331
2189
5402
3487
5396
4194
1978
531
3139
2762
5187
1161
4032
2205
5271
1615
2562
4142
227
4771
304
5304
1298
3041
2210
4194
2253
5545
-1
2285
3139
3875
450
5402
4032
3139
3240
5254
1945
1958
166
4569
3574
-1
2196
5714
3250
25
425
1203
2989
2412
5402
458
1699
2787
2085
957
5049
4305
-1
5087
2196
391
5402
1429
3987
25
3139
702
4558
1861
4007
25
3139
3018
1183
2296
2776
1313
1598
2196
391
5087
5402
3838
5205
3612
3139
993
632
1307
630
4713
5326
1264
2462
1313
2390
1307
2882
2134
1255
5062
1429
21
3806
2480
5155
2484
2284
3139
482
2102
5459
25
5497
5079
705
1307
227
681
3139
5649
4289
3139
3139
2196
348
1588
3139
5362
1371
1244
1238
558
5133
1933
3139
2196
1413
2200
1016
5362
53
1178
553
2762
195
2714
25
5421
1178
4772
40
542
1044
1821
3067
5417
3139
-1
3139
4112
3139
3682
4534
3139
3139
1363
1957
3573
425
3139
2196
1019
5584
5218
2200
4074
2196
425
425
3139
25
539
1313
3571
4890
2132
3123
4142
5064
4768
915
3139
5205
2950
1945
2354
227
5426
5241
-1
482
5554
1252
542
4645
689
3507
3495
2421
2762
3046
4739
526
3139
4309
5402
1498
1313
3139
4850
1003
1313
3139
482
5402
1601
4342
5448
832
1425
1902
524
2762
2200
5049
1354
1207
523
4544
3573
3139
1344
2569
2196
5313
5177
5402
3682
62
1396
4890
932
3139
25
1313
1670
-1
425
3139
523
5049
5062
2148
1808
3139
3139
3041
4028
2895
2285
1429
3170
1178
1583
5402
2200
4802
361
1533
1429
4929
1238
1826
5695
3139
2057
939
4890
3676
2917
3139
3267
4620
1313
3308
5087
4028
2196
4713
425
3107
3139
-1
3150
1227
317
1192
1206
357
4763
1168
1307
2196
2437
3317
227
3535
5402
1178
2164
1379
4371
2515
2196
4194
2411
5402
5455
317
4712
3981
4954
2663
4158
5340
2469
418
3370
1709
482
912
4041
3139
2122
4113
-1
4758
3139
3082
3951
4202
1611
4925
3496
3419
4784
2762
1896
3123
5385
-1
4883
2084
4998
2762
2643
2196
1942
2061
2326
5414
3573
3139
3555
1049
3139
3250
5402
1664
166
1359
1941
126
5402
2196
2463
2083
3192
1499
3250
727
4720
5414
3139
4454
3756
2724
2196
425
5133
967
425
-1
41
2855
1429
4187
630
356
5336
1722
5250
5326
4371
4111
3139
2729
5673
3139
3139
41
2776
2767
1298
650
456
4007
5402
5554
165
5313
5385
2615
1178
5509
1811
5117
183
4202
3139
5393
41
3139
630
-1
3862
364
1101
1307
5062
380
3139
5449
4162
3933
2134
3139
482
4778
1340
3275
4313
5346
2238
25
1469
3139
4381
1568
4194
4142
3318
5402
1286
5392
1902
165
1141
-1
4720
1358
3378
1014
4695
2762
1601
2196
4158
3139
1298
5284
-1
5062
51
275
827
5049
1326
3415
356
1692
5326
3982
4190
5384
3101
968
4158
34
987
-1
1271
304
2285
165
2196
2882
474
5493
25
25
2569
195
3772
203
5074
5466
25
227
2635
3139
4853
485
5271
3621
-1
2574
2826
2122
1203
3833
203
391
4621
1126
1168
2060
2463
52
623
5402
3139
2196
2832
5062
4784
5271
2762
3415
5146
2443
4815
1452
2196
4945
2251
3766
3139
1170
1601
4595
3871
1440
1853
33
166
526
2934
2638
1482
4792
2569
1885
129
3028
4599
1722
5062
1697
1598
425
3139
1455
1178
-1
2412
4771
2200
2782
2196
3162
3308
1286
2876
823
1161
5146
3151
4924
4474
1307
-1
458
1449
1298
4513
2060
5402
-1
3139
3676
2196
425
1203
5499
2200
5402
25
2704
3240
785
138
2961
2196
3378
3139
1377
3139
4332
3882
3139
3813
2195
5656
2028
982
425
2196
3139
2266
622
3139
3976
5402
1298
3139
21
3393
1307
2724
2050
808
1044
2115
3192
957
1798
3346
2170
3507
4188
3139
4771
2056
3383
2057
5402
3139
5021
2530
3697
3139
1646
25
1117
1313
3002
1429
5402
1429
1313
4288
2880
5473
1117
4756
31
4531
225
1863
3597
4039
1706
3139
5123
1095
746
5356
5742
227
25
4762
25
5119
3813
5021
3139
317
2044
1313
957
53
4801
4712
1601
2189
2473
3139
2196
3139
4432
2285
1706
4584
2135
5050
1339
317
5402
1712
1044
1619
2196
4622
1953
1429
3957
3139
4953
-1
5033
485
5062
3976
1307
-1
3490
2196
3461
3139
3517
2249
1933
1178
1945
3308
4720
4041
1933
3139
649
4371
5458
227
486
133
317
5102
1333
227
2762
-1
3380
2480
3380
5271
5567
854
3300
3139
5062
4695
5313
25
3139
1692
1917
5107
1483
4698
3139
836
5402
3139
5271
1776
5156
4074
110
3139
739
205
3380
3195
3772
2196
1699
785
1268
3461
2127
3139
1168
3139
3139
425
5156
3139
227
1016
4611
4702
3401
4487
5176
2196
206
4158
5104
3139
2196
939
600
5402
1146
2762
1692
2762
1681
4717
3057
1824
4541
3139
3139
4412
425
3139
971
177
5595
3648
1710
2097
133
1313
2943
3772
605
317
3139
2572
2873
823
425
3401
203
348
5630
3151
3139
3148
1313
1475
4289
456
2832
4131
166
852
25
275
-1
-1
2448
1699
4497
3139
2196
18
2328
1619
236
5086
3139
1557
3108
2357
1699
2196
3139
512
4831
1298
5313
923
912
1698
425
2762
4954
45
3139
2999
2196
3139
4034
5271
722
4393
5402
823
4007
425
2285
5546
3136
2911
2496
3887
1134
427
2762
3139
1891
4846
4561
2630
3139
3015
923
3139
2614
1159
4945
4713
968
5673
2125
3139
3139
5112
1583
3139
5471
1083
5286
4011
948
1504
1298
2196
594
3072
2014
353
5405
5402
2196
3495
3422
1672
53
5368
3756
4497
25
3449
2285
5340
25
785
77
1619
5022
4722
5271
3139
25
2266
1486
4626
3139
4771
3139
2057
5382
834
3139
3139
5193
2762
3495
3487
1044
3888
1110
4332
104
4371
3139
425
5326
4951
2813
1915
5466
425
1817
1168
1313
1269
3976
4945
1584
811
4273
281
425
2180
4432
2316
3152
5271
3139
5061
5402
3621
3806
4005
3213
2196
5402
1313
2177
2390
5200
2882
4371
2615
681
610
3139
3139
5506
880
2582
5402
1964
5402
4564
1696
1178
5710
5062
4397
5156
2762
3072
1083
4945
5049
1134
5402
3139
25
702
2196
3160
3139
4158
4978
5380
2014
1307
3139
4032
1636
731
1313
5254
3059
4158
5402
1514
-1
3813
-1
348
2762
25
4976
2548
425
5154
5402
1949
203
1966
3139
2325
5028
1583
957
5491
2071
425
425
2200
1942
1514
5402
1363
482
948
1808
5708
3137
1923
5156
5062
4149
2640
4265
2282
105
3107
-1
1003
1185
2474
2177
5491
3818
482
4890
3028
3139
3139
3139
2196
391
953
353
2383
5455
722
4945
5355
3090
2200
2948
5637
1282
4039
1313
3011
1942
3139
3453
5133
2615
2067
2196
2060
3496
348
1339
3518
605
4444
1722
5587
1504
3139
5402
1014
2864
227
319
3805
1650
3192
3139
4039
1185
3139
2285
3308
3139
1429
3107
4273
605
5254
2469
1506
3349
4453
4966
3300
3267
2196
4771
2146
1879
-1
3139
5037
3778
399
2934
2939
3592
317
3396
425
2787
2207
571
4315
1601
5402
-1
1429
3139
5421
1479
2548
4503
4354
-1
369
600
3107
5402
2762
1307
1842
3139
2787
2196
3139
2200
2724
3139
1178
3139
4158
2615
2071
4713
4099
4280
5421
739
425
4039
25
4825
2196
147
425
3789
957
2189
4777
1706
4371
485
1044
349
2825
3324
1298
2438
3139
4373
3139
425
1313
1429
1340
2146
1238
1178
1601
1504
3139
1650
3139
5401
1134
1475
2196
1945
25
3139
3108
5061
4815
4324
2196
2703
5402
2662
3265
1902
3291
638
2177
2456
561
6
5564
4693
5507
133
4032
4951
25
1230
261
2934
1922
4199
2196
957
1722
25
5122
4993
25
5049
2196
5084
3053
3139
-1
1436
3139
1636
5396
1249
4011
4354
348
4945
5133
2196
1821
4484
195
1269
1044
3139
4142
-1
5708
5719
-1
3160
5402
5402
4598
2196
482
2390
4770
1450
3139
2138
2189
5191
425
639
391
275
1320
2803
3465
3139
3139
1283
4784
2196
4194
750
3003
1722
220
1722
3139
3139
4529
1601
4633
3628
1313
147
650
991
3492
25
5085
957
3828
3139
3086
2196
4280
5133
108
4484
1601
912
4803
4455
1313
258
2825
1880
3833
2281
3108
1931
425
1253
4700
4988
3139
2196
1411
4689
3084
425
1880
1638
317
1706
5742
5238
3935
2055
-1
2853
2285
1269
425
284
624
3688
4497
3028
805
3139
4555
456
5049
932
4945
1155
2787
2572
2137
3139
2939
4158
1005
1100
391
536
5310
4960
4632
2762
275
5218
3725
3139
195
3139
725
4149
5254
3449
4570
2615
4890
1924
5526
4371
3139
3139
605
1253
361
47
3066
858
3162
1044
3139
4039
1429
3139
5688
1307
5443
5724
3041
4133
2762
293
1679
3878
5191
4998
4885
4041
2196
3623
2830
3573
3772
3139
5402
4712
3139
3139
95
282
5402
4278
5051
2196
3139
1313
556
-1
5402
4689
1298
5205
787
3996
4988
689
3308
5433
964
5411
1725
2825
4720
4194
5624
5402
5402
4166
3139
3396
5062
5402
1931
3139
3781
2762
1183
5031
5426
3139
227
3363
1003
3931
5225
2196
957
2196
391
3595
3676
-1
1342
1379
3139
3139
5650
1542
4096
2196
5402
3037
2762
1168
237
2882
25
4371
1313
425
2285
2108
539
2830
2474
1709
427
2571
1341
5491
5062
4763
3139
2787
3005
3101
5664
2543
2200
2196
1313
539
135
3026
3621
3308
2196
3937
348
2333
165
2285
5410
227
1007
1016
25
3101
3422
2768
273
1692
4152
4945
4078
427
2196
1482
2390
-1
5271
487
3813
3863
3996
3267
957
1313
5049
3289
3139
1429
1134
3846
2390
2906
427
3308
4884
4359
4803
2762
3139
3086
3291
3592
5369
2195
912
1754
3139
425
5378
3621
2014
4484
1042
1601
3139
1312
5253
1152
808
1672
77
3139
3449
930
811
4039
1410
482
227
2039
-1
2177
5491
3139
4371
3139
25
4712
128
3139
1949
1885
2467
5062
1054
482
-1
4125
4879
3139
1318
4857
3900
3139
3108
2196
3139
3139
1313
5254
1902
391
3139
1429
5402
1415
2691
2830
349
2517
258
3139
834
4371
3621
1090
2480
4007
3026
1312
3240
2196
5491
5253
2014
1429
3772
5118
3139
1213
1546
5402
3139
2285
425
425
2196
4509
4684
3461
5313
691
84
2762
425
4158
4983
1798
3772
5049
1313
41
3990
1821
5217
3139
1152
965
2200
2762
2574
5402
1429
2724
1624
3086
2285
5402
2670
3139
3139
1134
1606
2630
2137
2196
1196
5049
5587
1333
1110
5402
915
3139
2189
2832
2196
4183
3171
4158
1044
3806
1404
258
52
3139
2207
2390
206
189
4109
4321
3932
2196
3396
5152
2296
3570
-1
2196
1583
223
4438
2269
232
5742
3308
1407
4720
1244
5402
1269
4069
2196
-1
1673
418
1353
4252
2196
3933
147
1230
5402
2285
3000
5362
5369
206
769
1583
2196
4849
2149
2520
425
5719
4657
1358
5536
5252
5049
3140
3139
548
2393
4096
5097
4432
3669
36
5232
5411
425
1592
365
4194
2196
1429
784
2598
2882
5408
5402
4975
5062
3086
539
5497
1482
540
1126
2714
1178
4689
4226
34
3875
3139
1054
2515
1996
5313
3139
3139
695
3139
1298
1429
3875
4327
1468
61
5139
1269
-1
195
5064
1312
482
4318
1902
5050
482
1082
1096
2196
304
689
3495
5249
3139
317
4497
2014
338
3755
3308
5313
1429
4028
2084
539
5156
3936
4521
2285
3241
391
1506
4698
1499
5719
2151
1385
2714
425
394
5062
5402
5471
4484
5109
2226
3107
275
2084
2882
1699
2196
3139
2882
2196
1016
105
1902
2285
3139
5426
3463
3139
957
425
1083
2258
2510
16
5458
425
4784
25
3139
1525
25
3240
1518
910
275
114
105
2243
1448
3139
5049
3139
2012
3139
1210
4026
5166
5647
301
3211
5213
3636
347
2196
1206
1298
915
1945
267
4298
3345
694
3410
2200
196
4580
444
3095
548
4286
5049
5519
5402
1583
1452
2215
595
2200
5564
-1
5402
1339
1016
5195
3139
3139
25
1429
369
5566
-1
1427
1764
2195
95
4966
5062
3139
1183
785
4945
5735
5254
2196
1475
2196
1032
227
3139
5177
2762
1313
2762
1003
4291
493
2770
1680
5362
4088
901
3003
2435
5346
258
2420
25
16
1624
4438
2488
2196
3061
425
3592
482
425
3139
778
147
5385
25
783
3308
4444
1269
1095
548
540
932
4890
5402
839
5271
3242
3139
2132
1339
5293
3139
5695
2572
-1
1298
3861
4718
3139
3495
2762
53
3842
1923
3139
1126
432
548
2196
5133
2574
909
4434
4815
-1
3711
5577
3139
4324
3621
1429
834
2196
4142
2188
336
5402
4512
1902
2171
3139
2196
3621
787
5402
3439
194
1203
3139
3487
3139
425
4226
1922
638
1482
1313
5402
1514
3119
4217
5062
4039
810
2762
5133
3164
5217
2390
3139
236
5660
5714
1178
5402
3139
5742
3308
4884
2196
3139
2832
5627
2164
1095
823
4149
2762
4438
3139
12
4792
25
3139
3139
3139
3139
4373
3077
1405
4371
1253
4555
2056
3139
2376
2762
5598
2269
3139
1942
40
803
757
1298
5402
-1
2950
1082
1307
4226
695
1638
2196
4960
1180
1244
1313
5402
2014
2134
5650
2196
179
1429
25
2836
1654
3139
2650
2882
425
1664
3273
3067
4255
5062
-1
1424
2116
1959
3139
5402
5402
2269
4825
3308
2762
2135
177
2724
5517
102
2196
2285
5402
4718
1722
2440
3841
3139
5402
3569
957
3139
5050
4032
644
3287
1100
183
2269
2724
1016
4096
1699
4142
3798
2196
2196
25
2435
1800
3139
25
5280
147
5402
1601
650
5062
5402
3139
3621
3139
1300
1003
5196
4226
3709
4633
5402
189
3677
444
227
5156
4075
1180
1405
5402
4951
2311
51
4727
3716
3139
25
3139
5685
1989
1729
4971
3139
4293
5402
2834
482
3530
3920
2196
3139
4947
2934
4768
5402
3139
5402
1913
317
3190
4069
5382
2884
3139
1350
304
4032
4604
1019
746
3123
1913
2762
4434
5402
5473
1832
5049
1194
2605
3084
5402
2605
5254
3139
1180
5402
992
3084
1631
4463
3139
3139
3960
5402
3676
757
539
4762
3688
3240
34
5062
2311
3965
4784
3139
4388
4373
5064
2882
4763
2615
4298
317
2970
3139
5402
2057
2196
728
425
2196
3139
3139
5062
-1
1748
3284
2196
4200
548
195
3449
227
99
5446
3139
3139
425
486
1245
3139
2056
433
2852
2855
1416
2515
3838
696
1054
1712
3139
1650
25
5187
3086
4909
2813
425
1650
282
865
3107
3075
3107
2629
2285
227
5254
3820
1134
425
5271
1945
3952
25
2640
2699
5279
5685
4291
482
2762
2134
5049
4988
5061
3944
5402
2882
4432
317
5402
2269
4032
165
425
5402
957
756
-1
4850
449
4255
3621
3139
5214
3621
3139
5022
5402
4568
5402
3139
5402
2196
3649
5402
5587
4014
5697
1044
2361
5413
425
3139
934
5414
5731
-1
2609
3369
317
4998
1044
2762
1601
2196
2196
650
4529
5402
594
2285
3139
-1
4771
2762
1313
3139
3308
2196
4287
4954
763
-1
4007
2285
2285
3641
1307
3240
4158
5238
2207
2489
3046
5686
3139
5576
2380
2196
16
1452
4371
1902
41
2368
4785
3621
5576
2666
5097
5402
5402
3584
2382
5172
2060
5177
2390
5714
4226
1107
5505
3688
1298
951
3139
2189
2494
3139
1206
676
4555
4358
3139
3139
1647
425
-1
1642
25
138
425
5566
548
2071
524
425
540
4516
4507
3139
3805
3676
114
2285
2196
4720
648
105
3139
1688
5022
1230
2085
-1
948
5049
3139
1110
5742
2380
1468
2882
1044
2196
2762
2122
3139
3540
1404
4100
3787
2666
3139
-1
3139
1180
1601
5446
2196
2285
3037
4371
630
1044
1157
643
652
227
5708
1405
4713
3181
1504
2615
2122
2200
4521
2333
969
25
2196
1698
1722
25
1244
3676
92
3145
529
3139
1706
4324
695
2390
5501
5031
2196
2548
2196
2152
5402
3139
1363
3003
2102
1664
4945
843
353
3980
2200
3139
4583
1137
3524
1213
923
195
1313
3139
2654
2762
490
399
744
2047
3090
4959
4191
3139
4885
3695
977
2196
2762
1311
4183
5384
3010
1298
4442
5402
1374
3308
223
3846
1949
2196
2056
1650
2473
1313
4479
2146
1688
3433
1307
5050
3139
5187
227
2196
1307
425
1588
5402
16
1160
923
4158
1506
928
5132
1071
425
3989
1180
1183
5062
1193
5247
923
4988
1468
2620
195
623
3495
16
5062
1861
3139
2762
4492
2882
583
1320
708
-1
5271
2549
2060
1949
2882
1363
2308
3139
3884
1813
4369
4371
5132
5301
695
3139
2762
97
1553
944
25
937
5695
3718
25
760
4162
482
3139
3139
3367
4966
4097
1958
2196
4713
2196
2383
4890
5733
95
2762
1273
4890
3139
195
1044
4771
1404
2742
25
2960
2787
2285
1664
3139
4032
2055
2188
2044
4768
2943
2156
1185
1029
3139
1183
2390
3688
3139
4966
348
632
5241
243
3139
3363
532
948
3052
2333
4400
2625
3139
4575
-1
5706
2548
3139
2549
242
1872
2762
2281
714
1429
1195
2762
4371
1298
4951
3573
4226
-1
5269
992
2135
2697
630
1369
4226
556
2200
425
1300
4322
3139
1429
2298
1313
4493
1681
3139
1945
25
966
425
425
3139
1016
5340
391
2531
644
1598
785
3139
5210
4497
1507
5284
3937
1397
414
4002
-1
5695
2196
3367
53
5371
2196
1457
2196
4255
3139
581
1429
1650
2196
2863
2863
3139
3538
2260
1688
5313
138
4207
3139
5022
5547
1240
1044
5685
5402
4884
275
425
3139
5049
3623
834
2196
1300
2724
4866
261
3219
1475
2196
2196
5671
2390
2196
4598
5087
840
581
4988
25
2762
2762
2285
2196
4142
5062
5064
1168
1808
5107
2625
1924
2196
2196
1699
3139
3530
2830
1600
3139
1227
964
1728
1313
25
5049
4978
4877
4347
4945
1255
1313
317
1178
4407
2298
-1
482
2095
1298
3192
3761
425
5402
2201
8
1429
3404
526
4039
3139
2196
4371
2364
425
1719
2196
494
3960
241
425
3262
5062
3370
3655
136
2649
53
2196
409
3555
5402
556
418
4479
1902
5335
3139
95
3139
3260
886
3865
1953
1429
4675
25
5564
5402
-1
