4771
4771
427
4771
5498
5582
4890
2952
4771
4771
2952
3418
630
1012
2195
4771
3272
3927
3927
3633
427
1214
77
1718
2195
5599
4825
1004
1004
2617
2882
195
4945
427
3927
5022
5599
77
3750
3308
3676
3927
3949
5311
5202
3676
-1
3581
2376
3927
5202
1004
5202
1997
1004
5621
4113
1914
5084
5202
3927
4945
5022
4945
2196
3571
427
2882
785
1588
5202
2196
1468
4771
1004
1042
4871
2652
5202
2952
3308
3139
3581
1042
1012
1934
5022
3581
77
3139
4039
4113
1354
1004
4717
3891
3927
2455
3875
3139
3875
5498
3927
4934
3308
5471
698
5362
4717
2619
1468
4934
3139
5202
3581
5362
3308
4039
1468
1325
3875
1636
3308
3927
3308
3875
5275
1004
3875
3139
3139
2911
3571
3875
4945
3750
5202
1803
5022
5599
1042
3875
427
4978
1307
4465
2619
806
206
1042
2724
4978
3676
3750
4978
1588
425
3875
1468
806
206
1588
5202
206
1307
4403
2196
5133
3139
2285
2189
1004
1042
482
2538
1619
5202
2762
206
206
2762
5202
2882
1158
1300
1601
5655
-1
3139
2762
2864
3985
2285
206
2583
5402
4945
2277
1707
2619
5054
785
1195
1405
-1
3750
427
4945
4945
4884
3057
206
4403
206
1619
2785
25
3927
2762
5471
5402
425
5746
425
3875
4142
5054
3139
5202
2356
4142
806
206
2416
4484
4431
2285
1361
4039
425
5133
4431
5202
-1
785
25
2762
1307
3308
1875
3581
5133
2285
4039
227
2882
3139
3136
1029
77
2277
1643
5402
2567
4889
-1
3750
5202
275
5498
3875
1465
4945
1004
3750
-1
1313
1619
1313
1870
3875
1619
1313
425
1949
3875
-1
1307
1368
1203
4403
1313
2911
5402
3139
425
5202
3139
4403
4214
4945
1313
1313
1949
2601
2368
4403
4194
1313
5695
3349
4142
4373
1313
2469
2416
391
2196
2882
4403
1179
1616
77
5133
3139
1115
2882
957
3139
2416
1313
4194
4889
5402
542
3139
3139
1452
4717
4194
3581
391
3139
1012
4142
4113
2762
703
2196
3507
2195
4945
-1
206
590
957
4194
3139
5202
2762
687
957
1121
391
2416
5402
482
1042
3136
1636
1136
3278
2416
5047
1042
1313
2762
25
5402
4194
2277
4460
3139
25
3278
1602
4978
3308
4997
-1
3139
2196
2486
3278
4194
3136
4142
4194
3139
4113
5202
3139
5202
3915
4572
957
25
25
3942
4945
482
1313
1619
1307
542
482
1565
4194
5202
5402
2416
391
4194
3203
1616
3003
823
2196
3139
391
2075
3308
957
4975
592
2196
4371
823
5497
4194
391
-1
2762
4194
2762
2196
1313
2583
2813
3139
3139
807
1203
2285
4978
2189
5402
281
4889
5402
5698
1213
4265
4722
778
25
4226
5402
3676
425
5343
5402
4194
630
5402
3415
425
2285
5202
3107
5202
2328
2196
4978
-1
4125
1276
4972
5405
5426
1722
3342
5202
-1
5362
3635
4113
4884
4039
3139
1313
2416
4194
957
4717
3315
1461
1313
4889
3592
3139
3028
1452
1567
-1
2416
4717
425
5402
25
957
5426
2762
1313
595
1213
5559
4194
1313
785
4889
5402
4889
2724
5049
4194
2196
2762
2416
2724
4918
787
25
3875
482
425
5402
136
-1
2376
3139
3676
2416
3571
2762
2196
4889
3875
1054
2285
-1
1650
4889
1042
391
2562
5402
2416
1313
3139
1875
5402
2075
3401
3676
3875
4934
3891
5402
5609
1238
957
391
3875
4158
2200
3750
5022
1512
3110
3507
482
2762
1619
3645
5402
3110
778
3139
937
3367
4978
3308
4972
391
2196
1333
77
3367
957
1083
4713
2196
425
4142
4371
3107
1922
3507
4142
3139
3762
4713
3875
2724
5376
4326
4194
2196
5587
25
594
5402
2200
3817
1213
2285
3960
55
-1
3139
2075
1429
5574
206
3942
3028
3367
3762
5402
482
2746
2470
5674
2635
3367
4091
542
2882
25
4876
3367
1238
1429
1722
5402
1238
2882
1054
2144
3621
4326
4111
3367
3139
5402
3581
2383
5567
1601
4326
1313
4194
1333
3925
3139
2368
3139
339
2285
2762
1044
2075
2376
1722
3875
957
4270
5587
5609
4889
1073
638
5133
4918
3592
425
1679
3367
281
3377
1625
77
4348
1650
391
427
66
5402
206
1307
1313
391
1012
3139
5402
5202
3107
4889
5609
2285
2200
3139
2724
3308
1488
4713
778
206
2851
2196
4158
638
1307
5424
778
4091
2762
3028
4771
2913
-1
2470
3139
391
-1
1602
1313
3367
957
5589
4326
425
787
1313
3139
555
3308
3139
2470
2714
1313
3367
951
25
1724
77
4889
1650
4720
1600
5054
2196
2277
3139
1949
4890
1313
3875
136
709
2638
3139
1200
4194
1650
3367
5402
5061
2985
3110
3139
2983
1650
1307
3139
2762
391
4194
1202
4194
2470
594
1313
2762
2714
3095
4194
3851
2714
3367
2985
5402
5202
425
5402
-1
2056
4083
4194
5202
2200
206
5402
3139
5404
2583
808
3139
3588
2196
778
3028
3139
4039
4945
4084
1850
1650
5587
4945
282
3496
2714
-1
5425
3308
3720
3915
1351
4689
353
5498
4978
2142
2196
664
1213
4194
3367
5062
1949
4194
4889
638
5132
1354
4113
4720
5402
1650
1057
-1
5061
1313
4045
4945
165
1636
778
4194
331
1313
1110
778
1355
4697
2762
5402
5425
638
3139
5402
2200
1650
3415
391
1350
2196
4978
4978
2285
664
2277
4109
1307
4287
4371
2196
5402
3296
282
4287
353
282
3963
1489
3650
957
3273
282
5425
4142
1650
4945
1850
3139
4194
482
425
1313
2882
1019
951
4002
4713
4142
3139
3278
425
1238
3139
3139
5202
5285
425
1313
1429
932
1313
1313
1110
5402
1276
1798
2714
806
1996
1429
1110
1110
1313
2196
1909
5556
2326
2196
957
4720
5567
5402
5721
-1
5254
2326
25
1294
1480
3139
196
2762
1355
2583
3772
3136
2189
353
3139
2243
5402
1619
4201
3140
2196
3139
2762
5507
5062
2566
3772
4287
5404
3772
778
3136
5062
4595
282
1661
2570
41
1565
3099
25
2635
3621
4889
4689
3367
2196
1313
3571
4720
1238
5402
1213
4206
282
1012
3139
2128
391
4889
4032
353
3139
3772
785
4720
-1
1444
25
1012
1616
3184
3308
281
3139
2350
1307
4890
2196
5402
3139
282
1110
2196
4326
3139
4561
391
425
4540
957
238
4045
2075
3374
-1
5054
4287
1465
-1
3139
3875
2762
25
136
425
5522
957
2934
4978
5102
4158
1468
2146
3107
5087
3139
4689
3846
1996
638
630
282
1266
425
1650
957
5402
2196
2197
2916
-1
2003
638
425
2724
3367
282
5343
5743
3621
4158
1996
3581
529
4872
4993
3401
2195
1313
3595
2724
4889
3772
282
5293
3110
3139
3927
282
1429
3595
763
348
2851
3170
1452
2200
206
5053
391
4039
827
1313
3139
2196
3772
5402
3415
243
5467
3927
4226
5402
2697
2882
1276
2562
1313
4890
-1
4194
5567
3139
2196
391
1442
3750
937
1583
5451
5384
1083
811
3139
4337
2383
391
2635
2714
4595
1083
4540
282
5402
147
2285
1846
3367
2196
2196
3915
4410
4194
3139
5293
2196
425
957
2882
1195
3750
4717
3308
3139
5402
1313
4478
3507
3390
4889
3768
53
4713
2200
3139
2200
5558
811
4978
3139
2285
4431
4142
638
5512
3910
3367
3960
3136
2825
282
2280
3107
3772
1042
5402
4772
3772
2384
3891
4720
2638
3139
5402
5402
5062
4945
3051
1354
3139
3772
3170
5402
2983
1468
53
957
4329
3139
391
2196
1934
3950
3139
-1
3139
5102
4403
5293
1650
4194
5402
2142
206
391
476
2466
1650
282
206
5402
1213
-1
3964
4474
1468
3136
5671
1012
2196
1536
4868
282
2762
1650
2415
2196
4235
5402
5390
24
1313
2285
2697
3621
2825
1313
3139
4959
1851
4194
238
806
1054
3875
3531
3028
2312
5402
2855
5198
5425
1650
5102
1195
5402
3846
391
3139
1339
5202
3139
5049
25
2196
425
5271
4194
630
1313
3278
2156
5205
2196
1933
2142
1313
4713
147
5402
5525
1313
1504
1722
410
24
957
5336
1692
4778
25
4403
51
1940
2075
1657
1313
5446
391
3139
2196
1313
2420
4771
1356
282
4226
5744
4287
5402
2195
3139
3308
425
1313
5402
3139
932
174
-1
1429
1843
3133
5402
2697
3139
4264
282
2125
5402
4507
410
1940
3139
5402
391
1313
1110
2367
2196
425
1793
2196
3621
2096
2724
4142
3139
4596
1283
5049
1168
3346
3621
2144
-1
2285
282
2653
3170
4889
3231
3772
5402
425
3139
5271
5202
2638
3139
1313
5402
4689
5451
1601
1661
4945
5694
3139
93
957
4884
2383
2714
3139
1514
2196
3184
5488
2361
2574
3139
792
3442
1680
5187
2934
5153
-1
4815
2916
4337
3139
2196
3875
2635
25
353
5062
3717
5102
25
923
5623
5336
1635
282
3595
2822
1110
2085
327
3139
4771
5202
664
3240
3805
3695
147
2813
445
3903
5271
1029
1054
3007
-1
4063
1933
5205
206
2455
3772
2196
2946
5402
147
5402
2056
3927
3367
3139
4174
4771
3139
638
4720
1354
4833
3015
4889
5402
2697
806
3996
5402
2196
4561
4265
4993
5402
2196
2762
2882
2196
1110
2864
25
-1
4889
5271
4158
1250
2196
1768
282
5271
2401
281
486
2196
4771
3139
1240
24
2164
3581
5390
1313
2724
3408
25
2538
3139
1949
5133
5710
5336
836
1313
2196
1583
25
1313
5205
4507
775
4889
2003
1429
1110
3139
2638
4226
3139
1680
1643
1429
5451
4488
2196
3028
5402
664
4192
486
1213
5414
4959
5187
-1
5062
2200
5009
276
227
2864
25
2196
2548
2285
5402
3139
2416
4890
1110
5402
2724
2200
3308
3517
664
2196
2196
2416
4063
3938
2196
1468
1149
2164
1357
957
2285
2085
3139
4158
5402
3139
2615
195
2282
2469
3581
425
4540
1307
5402
5205
136
695
1536
2822
2196
1307
5402
138
5512
3139
1307
425
2697
3139
2056
5402
3610
1536
1699
282
4194
5271
2196
5402
5062
492
3170
25
5402
5054
4720
4403
2383
2416
3139
2658
-1
1238
4091
965
3917
3380
-1
177
2517
1313
24
1514
3805
4194
321
1044
2196
3927
3139
4131
282
4131
3924
512
2807
4193
4662
3139
2600
3903
25
4211
957
787
2315
4403
1601
25
5326
3139
-1
2946
2383
3051
25
769
3380
2200
2084
3269
4900
1313
4403
3039
4287
3916
-1
353
1636
2404
1514
4689
2855
448
806
5053
3367
3766
53
3021
1465
391
3760
1313
4454
2075
2200
1650
3139
5022
746
1429
4743
3595
2574
2762
957
3573
1307
3142
2882
2292
2285
1054
770
5202
282
2200
2420
3139
3367
5193
4226
25
-1
2196
5402
4287
25
4876
185
2200
2708
2391
4474
258
4890
425
5157
2154
5402
2618
-1
3069
1940
282
53
195
1054
2000
4194
1452
5054
3308
1313
3915
5326
4884
391
2762
1149
5451
3139
5422
1313
4671
4713
3772
5326
5133
5119
3107
2196
1800
2714
2882
2507
2752
5402
1601
1949
3139
3028
147
195
2196
808
677
1468
1044
4529
4131
4540
1149
3139
4513
1313
282
1650
2784
4194
3621
3041
425
5576
301
3349
-1
3139
282
2196
2196
127
282
404
5402
2770
4884
2282
5061
5133
4873
2200
3927
4194
1680
5185
3139
3588
1405
1536
5202
4646
3573
485
2570
3028
1269
5667
2697
3139
3139
5603
5671
3139
778
3573
3139
5271
5202
3139
282
5557
4829
-1
-1
1650
5202
957
5049
2697
4595
4272
5402
770
2102
2608
2196
3772
338
2196
632
630
2946
4739
4194
2285
1461
25
1376
5579
3139
3595
1777
425
1313
4383
2834
4127
4373
2724
4884
2009
482
1149
3139
615
5187
3772
3595
3367
4720
1680
5559
1313
2946
2195
1276
1429
1436
1722
275
689
2196
1185
1298
3139
4876
5132
1168
25
4383
1238
5402
957
2196
1038
5415
1213
5425
5062
3110
965
4403
5402
4544
689
5321
5695
1149
3139
3805
1044
5502
3139
5062
5132
338
2195
-1
5426
82
834
3592
1178
1619
5726
4945
3342
892
1168
5062
5402
3139
2569
195
2196
3227
3088
763
3139
1213
25
2282
4287
3496
5402
695
2122
1920
425
778
-1
1313
1263
5402
2762
2361
5293
387
3139
2196
1934
1444
5471
2196
3760
1313
512
5282
2142
2361
3676
-1
3446
3028
4686
2946
2196
3964
5250
5426
1436
3139
25
1436
425
2834
5402
1436
4398
3676
16
4078
1536
3442
1536
3139
3139
5402
2164
1429
2056
1452
25
-1
25
5402
5402
1843
2102
5238
3610
4951
3139
806
5326
138
1601
1650
4629
2196
338
4978
2411
4945
5133
4056
4720
5402
482
1313
5119
5402
2855
3772
2196
2196
1029
5156
1313
1333
5049
2663
5402
1283
282
5402
1333
282
77
5402
4817
3592
2285
3139
195
3164
3621
4978
4458
326
5402
3367
1101
1990
25
1429
3865
1044
2882
3139
5062
1298
3366
4244
2196
4945
5049
1149
3573
3139
1110
5187
-1
282
25
638
4966
1588
5061
2416
4287
957
2009
4398
5724
2196
4484
4039
425
2822
5049
953
3308
1588
5466
2196
2196
2196
282
421
2566
2164
3308
5132
4177
2663
4474
25
1313
4265
3875
1313
835
4890
5133
1320
1110
2196
2196
353
3139
1042
3028
1601
4803
2916
3595
4397
5402
25
107
185
5225
425
2083
5402
792
53
2196
3051
3028
4900
1583
5402
1195
5225
5119
2724
2196
3308
2562
-1
5402
4005
4354
1428
1213
4713
4713
1106
664
2196
3772
2882
3139
1680
5049
3231
3139
4966
4889
5402
3308
3139
3139
3057
1933
206
2796
2196
1650
2196
1313
4005
25
4884
5402
2361
4884
2102
1627
3139
2285
5402
3380
227
3139
2638
4945
3139
1672
1106
2697
540
1016
4713
5102
2196
3139
1003
3308
421
375
2934
1706
5425
2196
5695
2196
3139
3139
-1
1313
4288
2825
1945
425
5271
3805
52
25
630
2156
2196
3028
1565
3133
5175
5388
785
2762
1313
4832
888
5271
2196
4100
3139
558
5402
1465
2196
2196
3139
1028
338
1650
5402
1583
2016
5402
2196
1600
4849
4675
5402
1028
1843
2196
2285
3380
123
4196
2762
2095
3693
3107
3139
1725
2091
2571
4371
2056
2196
391
1636
5426
1028
46
1699
2189
540
2804
3139
1349
1313
2102
521
5402
1933
4889
1706
2282
4720
4832
5402
3772
2200
2164
1168
3139
1650
2122
25
5695
5271
105
4794
25
1044
2933
1536
3772
4383
5422
671
2196
740
4158
2196
4164
2168
147
3028
4720
1307
5502
2762
1560
-1
1003
5049
2046
267
2196
1028
25
4945
2822
2517
5426
4367
2825
2168
664
4454
5192
2657
808
353
1276
4082
1028
3240
5049
25
3139
3623
1832
25
5104
2882
5518
1230
41
2361
195
1004
1028
3139
3139
5498
5326
3139
2929
957
1300
2196
3184
425
4082
5049
1054
3160
4226
5402
5587
4889
25
1339
1429
5695
1384
4297
1602
1313
3139
425
206
2056
4629
638
835
4454
5049
2056
25
1019
2196
3139
1842
53
3772
5402
630
5271
41
2196
792
4154
5642
5049
4598
5402
1648
-1
4194
3772
147
1195
5202
2125
-1
4371
1795
912
2383
25
3367
638
5561
5402
1112
1313
1110
-1
1313
632
1313
4142
4629
3139
925
957
1313
3139
5497
25
282
957
53
4890
5062
2196
4155
147
5567
709
806
1016
2266
3380
2835
1672
5454
1710
3139
425
630
3139
486
2196
53
3139
4181
632
957
2488
3139
3011
3028
4135
3139
4474
3170
3750
811
1195
25
2060
5402
-1
1313
3139
2943
-1
1379
3227
5193
425
267
2488
2328
5102
3801
4598
5250
1650
5402
3308
4473
1313
912
5402
182
1672
3592
2940
5054
4713
4039
1729
2243
4743
2266
282
3139
1452
3242
1706
3139
5706
808
4113
5451
3028
391
2703
3139
1636
482
1313
2196
2189
195
1313
4477
1672
2196
2610
5402
5402
5402
2940
3659
3139
51
3817
4194
1619
4417
1028
1619
2879
4832
4598
1298
4859
4278
1468
425
633
4883
540
1313
5402
1313
3308
5214
1354
580
1536
4327
2882
4194
2714
4825
2196
957
1054
4371
2060
4431
5426
1313
5426
4998
5402
2196
4194
1427
3139
1054
4669
2196
5238
4945
3772
-1
3240
1648
1619
3595
2016
5320
3744
2125
2733
3139
3139
3996
1038
739
1638
1931
3139
638
1028
5049
4854
2196
810
3838
5062
2196
957
1044
2619
3924
810
1213
5271
4194
5402
-1
4371
4298
971
353
53
5402
2285
957
4039
1504
2733
2825
282
1054
1183
4671
391
3139
1638
-1
1044
2296
5669
2282
5054
1638
3139
1178
5054
5028
5362
1496
642
2285
2102
1333
482
1313
3822
4265
2196
5133
3468
5021
25
2762
1044
3107
4447
1307
5156
3875
2016
3308
3110
1110
1601
5122
2196
5254
5551
5049
5402
5187
5402
4822
425
3880
3139
5062
-1
777
630
2196
206
1681
25
25
3414
3139
3139
3507
3942
4998
5402
2851
1054
3139
3437
4197
25
5064
73
2196
1672
5656
2196
4966
425
3139
5402
1355
1608
1161
5719
5271
5187
2714
540
1339
1092
4326
1120
3364
5242
2016
2621
1429
2882
25
1183
1230
4717
1842
2196
5049
4540
5254
4465
3380
2196
2135
1044
3996
1468
136
3414
5451
5390
3139
2663
2315
1313
3367
1636
5402
3631
1564
695
2142
1393
1588
5726
2196
860
4332
817
3139
3308
329
5362
3139
1313
4896
5512
3964
810
2724
2319
1821
1940
2762
2196
2200
2537
1429
3110
5609
5009
2882
2568
1436
556
1829
539
1536
425
425
810
4142
2416
686
1213
5451
3846
3053
2196
5402
2146
3996
5402
484
3139
4371
4082
4713
2196
5671
3139
4720
2414
3705
3139
1650
1636
3269
2085
482
4412
810
4966
53
908
425
2200
3709
3139
1161
3139
-1
457
2200
4194
1003
4278
1044
5402
3077
2200
5133
1959
3308
3339
1307
1339
2196
2416
2285
2196
1840
4537
4435
5402
1595
3883
3139
25
4359
2196
1636
4162
5402
2003
2503
1180
4540
1868
147
3139
3139
2469
3139
4889
189
4431
2638
5467
3095
4091
2269
1180
5362
5402
5062
282
3875
282
3960
912
2484
5629
2056
907
5402
2762
1429
4131
4978
3896
282
5720
1161
1628
5271
2714
3385
4194
3139
2297
4192
677
206
25
1605
2164
3139
3051
1333
2781
3996
3284
425
5049
25
3385
189
1821
5280
1536
282
2285
4287
3517
1028
4194
1028
25
5719
25
1323
2833
391
1244
5149
53
338
3772
4373
5402
2900
-1
5402
5402
482
3139
4713
3051
3139
3139
3139
4282
1636
4298
2285
110
4713
1300
2618
1706
126
41
1583
3139
2205
1180
-1
785
4091
5498
2882
2916
2196
3139
4803
1974
3170
3003
2164
4481
4032
5402
73
1699
2195
623
490
765
5064
4966
-1
4265
1706
5280
4616
4297
-1
2102
1595
2168
4713
1832
195
5054
4297
3676
3886
206
41
2934
-1
2441
957
4194
5706
25
1110
425
2916
4100
5402
1410
4978
778
353
5238
5609
1920
1029
2663
425
-1
5205
3062
638
2196
4713
957
540
25
4966
3139
482
3139
5402
5062
4815
1149
2285
3369
1003
2142
5107
5028
2125
25
1384
3621
4713
5402
2390
138
5062
2862
391
835
3772
5402
1821
3107
3055
2196
2804
3623
3512
-1
425
630
4540
3139
5313
3442
1619
4665
1110
3772
25
73
5378
4488
1636
3139
5402
3631
1298
2102
23
3996
2196
4474
1429
391
1384
1313
2196
2724
1213
4820
4647
3139
2196
3139
2196
3661
1313
5587
5402
1168
4669
1283
1681
227
810
3349
1054
2062
2562
1307
5426
425
4100
2683
3772
2196
2615
5547
957
4194
2825
5140
396
1054
3139
4100
-1
25
3015
2060
5402
5049
3139
338
3573
1536
2016
3139
1474
138
3139
4282
411
5402
25
1244
2196
1016
482
2168
4713
5058
1760
5049
-1
1465
3645
2361
2882
4768
3139
5402
3139
5028
1339
5402
5418
5202
2196
2142
5587
2060
5062
4265
282
957
3139
2196
591
2196
3139
2038
1240
1429
4720
5402
-1
1362
2196
3139
4474
1333
2950
5054
4889
4046
25
1746
4158
1025
4538
1436
5271
4111
4347
4497
2168
2762
3308
282
5230
5271
3139
2572
1468
2638
3308
2196
4966
41
5402
4555
-1
5133
282
2416
-1
4194
2939
5402
3107
2200
540
4875
3401
1101
3367
5062
580
4100
1163
5110
2412
3896
25
3875
5320
2196
2864
3349
630
5402
-1
3139
1729
4768
4669
2882
-1
3800
2367
3725
4148
-1
-1
1474
3139
5426
25
5544
2835
22
285
3610
4567
5049
3308
1722
282
4497
5671
3139
802
3139
425
304
5471
2825
2282
3139
5719
3996
-1
4197
-1
2196
2901
5488
1185
2383
1648
1699
1042
3996
3139
5321
25
3367
2196
4883
4431
1313
304
5062
391
1699
5103
4693
3139
1149
3139
1601
1945
4194
4063
25
2196
3139
1200
3414
3139
25
3139
3645
5250
3772
313
1565
2196
5222
1393
957
1044
885
3380
5133
1452
3927
5657
1880
2196
4282
3621
-1
4093
3139
3139
556
4363
282
5271
3139
2285
5165
3139
1525
425
5415
133
1699
2196
4315
5062
907
95
3139
4998
3125
482
2196
1821
2328
3139
25
5187
3865
485
2196
2196
3772
3139
2056
5491
2142
1044
5271
5058
4569
4945
1313
580
2762
2196
2825
1313
1600
3807
2196
3858
3456
3139
2643
5402
1909
25
3240
1218
785
-1
5402
353
2285
3139
3133
388
5402
913
2196
4174
2939
2196
3485
425
4820
1044
934
1699
24
5402
5571
965
396
5402
1168
3139
3573
885
4771
3621
2123
338
2196
2724
5466
3139
391
957
4966
3139
1180
52
1244
4194
4162
25
3240
5054
2200
425
4966
1178
1044
4482
3308
649
3635
5110
4407
3139
3139
3623
1180
2075
1688
3139
3068
3139
25
1116
5433
5402
5418
25
3308
1688
1945
258
2196
3184
4045
282
5156
2060
2196
2714
2122
698
-1
25
1583
428
3771
25
3139
5054
25
4265
2015
1044
3139
1667
5191
2285
3139
4287
4951
548
1525
3139
3170
2946
2835
3346
2598
4278
2285
2467
3705
5133
3308
258
2420
4371
2196
2517
1672
5724
4181
4713
2822
638
2142
4039
5164
5402
2196
2205
4713
4803
3875
2196
5402
4373
3139
1583
195
482
2285
2663
2762
1935
391
2729
482
2608
5671
1680
2196
258
5235
3139
808
-1
2196
4332
5074
5054
4896
1313
957
3538
4966
5087
3612
4669
967
2196
3592
3682
5402
25
1028
5514
4621
4503
4170
170
4978
3139
1054
5402
5740
1452
1379
3676
394
3240
957
4720
5271
391
5132
1821
3308
1672
1562
95
3162
2762
2875
3139
3139
391
5326
3028
823
57
1112
227
41
1044
5015
4598
4398
2383
5672
3595
5414
4142
-1
1536
4056
3342
2056
1028
404
4158
369
2944
3772
1407
5310
3676
2196
4842
2630
2643
4917
189
1706
3278
5545
3139
2058
227
5205
4142
1313
2084
3679
1699
778
4326
1549
3846
2883
4784
5129
3308
2986
4277
3251
5402
3378
206
2285
4966
5402
482
2311
1028
2282
4265
1025
3139
3772
5402
2615
1092
5222
4815
95
2296
1430
5062
2152
4743
1688
425
391
4689
540
-1
2247
2196
4998
2158
3955
53
4373
3139
2520
2196
2412
4158
195
3139
4373
2510
5074
-1
411
2714
1452
53
1601
3278
1168
3139
5402
3623
5133
3170
92
1913
3184
4836
5049
2152
3240
3139
664
1480
2196
2168
5119
2200
3367
3107
2724
3748
3139
2350
638
1504
2196
2983
3139
110
2238
5546
4778
1680
4028
-1
2934
5402
1313
1025
5205
2235
95
2390
2285
1227
2438
3139
5402
5726
5087
25
1909
1157
4158
5402
286
95
1028
3139
542
4005
1054
-1
5250
-1
1384
357
-1
3139
5102
5156
1639
4362
3469
3004
4038
1482
1958
1479
25
3139
3139
1049
4309
425
5049
2434
95
3901
3139
2638
3621
4982
2196
3139
3595
3049
3638
482
1933
2537
5402
5238
5053
1698
3901
2762
5509
227
5413
4998
2828
1928
1044
5087
3139
2714
3623
1313
3139
1042
4917
25
242
5062
2200
1184
5502
1561
4966
3622
-1
2825
1016
2934
2196
1110
25
1429
2437
4373
3139
5375
195
227
3139
3139
4371
1619
1244
3139
5062
5102
1313
4803
4383
4771
482
689
1307
2630
5646
2762
5402
5402
540
4850
84
4075
2003
1016
3139
485
3139
4400
1576
1016
5049
3139
2196
5049
1149
5254
2060
304
3865
5064
2390
4713
4447
4884
5518
227
5474
4287
4768
3139
3676
4768
3162
1536
1885
41
5222
541
3189
4877
4947
3676
696
5671
2399
3317
5062
1638
3641
4131
3139
696
2762
3139
227
2638
4358
3203
425
1608
25
2510
482
2060
3095
3139
2697
4442
1017
4593
2714
2142
2196
2761
2609
5118
711
2200
1429
4890
3772
2196
2084
3139
25
4713
650
1083
2282
4313
925
3349
285
4555
5271
4474
2945
4713
5119
2390
1333
3139
5671
4282
2085
425
1699
5133
5402
4633
4287
25
5134
1560
1601
4373
1415
2196
3621
3139
2060
1601
4692
540
630
4491
425
3308
4158
2343
825
2196
3416
4718
5049
5373
2650
457
177
4891
5050
3139
-1
4288
2285
4100
2144
2196
5232
3308
5655
4039
1379
425
2019
2060
3139
2135
787
1028
3139
4021
5402
3139
1637
2196
4633
4784
3688
1650
2882
1636
5111
1650
3139
5402
3004
3863
1203
4226
1143
2296
4555
5481
2762
3192
3046
3139
5402
2196
1637
5061
3772
2196
923
1155
1638
2390
951
1650
1269
3772
4689
2663
1038
1110
425
5402
1681
-1
5402
957
2285
3772
3139
1725
5103
5238
2361
3256
2196
2656
4890
3110
4194
1482
4212
5053
1238
1976
493
2708
2200
5633
1311
5695
4162
4956
1313
3139
282
2196
2149
-1
3139
1958
1601
3635
912
4743
3331
382
1313
2724
1352
5062
105
282
1286
3139
5156
4431
1407
3136
4420
1680
189
3240
2285
2164
2697
5402
1688
3139
2085
2825
3170
3140
5471
5402
5672
2762
740
1615
3139
282
5050
2574
1356
4718
957
5250
723
3772
16
4447
5402
2196
5321
5049
1429
5402
3805
5402
1149
2598
2770
4768
3139
4142
5362
25
301
5064
2196
3875
4978
3772
3139
2825
1821
3772
1307
4720
3139
5062
2503
1405
2344
25
2762
3772
2196
5402
2196
4768
1180
1044
3139
1184
1465
3362
3385
5049
425
1320
2380
5657
4803
4722
4400
2196
2451
1355
2714
4680
2196
2285
5133
681
3139
2570
4158
3875
305
1583
4212
3571
5354
689
4890
1044
52
1073
195
391
689
2196
4162
147
1213
1393
2196
2916
-1
1244
-1
1244
1222
1436
2986
1826
1466
2196
1468
4212
2420
539
2196
5402
3139
2736
4778
2630
2196
282
5062
1880
1293
4096
5633
3931
25
2867
4934
258
2571
1400
347
1180
3289
3139
4096
1054
1016
2196
4100
1313
3139
2510
2196
2762
2943
2911
25
2014
4837
1583
427
2196
348
1750
5426
1588
1149
3139
5028
4497
3210
1427
2762
5402
-1
2520
-1
5471
4945
3095
1793
4454
3139
195
1028
-1
4371
492
2390
3139
5236
1117
24
3240
275
2196
1636
5140
1365
743
5049
5021
1601
3676
3139
5064
5402
2196
2196
1565
25
242
3456
3299
1149
-1
2196
2285
4825
110
25
5031
1680
2724
2714
3688
1178
2782
2196
4930
4713
909
3162
4930
4966
3139
1619
52
2285
5402
1044
3573
2196
2196
1313
3139
3980
3162
1826
5402
689
3308
957
2195
4326
3456
4633
1709
177
4680
2510
1688
5402
3139
2102
2390
1307
203
1429
5587
2200
3139
719
2882
282
3003
967
1650
5402
5695
227
3003
4194
5058
5719
2196
25
2196
1468
1149
2416
5671
5402
2019
1180
1117
5402
5022
5022
1313
2941
681
3139
2298
3139
261
1028
541
5624
95
1880
3139
41
2200
2762
3461
-1
425
2882
2196
5402
4713
5672
4418
3139
5427
2122
5187
2834
3903
-1
3367
5022
4315
3927
4403
4371
2510
2200
2056
1699
2196
4768
25
2934
425
4226
1016
425
5547
2311
2762
2196
2196
722
1821
3810
5402
4718
1680
1719
3380
3086
1931
1017
3139
1307
3086
3367
5402
5062
147
1073
2285
2714
3139
1588
5062
806
5587
2196
4771
5028
4689
967
3139
1298
3556
1879
2196
425
3139
4713
5402
2196
-1
1028
1298
282
1994
3139
4226
4188
258
1601
1385
1722
5140
2285
425
391
53
2196
4194
778
-1
4158
3139
3139
1370
4718
3881
4583
3051
1313
5272
5053
4487
1028
2196
5254
3676
282
5087
625
5402
25
5053
-1
4265
2562
4287
3183
810
1254
2135
3139
2762
3858
2882
3139
5009
5497
52
2574
70
1313
3592
5058
3139
482
2285
3896
3139
2835
3066
1339
4255
3139
3521
2060
4820
25
5378
2200
4832
2473
5656
1298
5719
3367
2625
5402
5064
2060
425
4680
4373
227
5133
1304
785
3240
2676
2562
3881
3139
2830
5402
3139
4288
4689
1435
227
2968
3139
1333
834
1180
2759
3139
833
5402
3139
1525
2733
-1
4966
964
2047
3139
3139
957
2084
25
3139
1636
4142
2060
2583
5254
4194
957
2233
5154
5402
4611
2196
4621
4488
4988
649
3139
5501
3139
3139
1650
1619
1073
2196
2619
1583
808
1313
2196
2196
5053
1044
41
1044
2427
2196
3595
3875
1605
2416
1672
3645
3139
4194
4458
138
5733
3139
1548
4884
2196
1180
3051
3688
25
227
4032
5579
5217
1880
1601
1636
5545
1688
3051
3139
2498
4815
1557
4100
5022
2643
4005
1583
4850
4255
2615
5271
4005
1206
2632
5402
2196
-1
24
2196
4854
1891
410
5062
2196
1044
3139
-1
2168
632
1916
4158
2196
2084
5271
5058
2382
95
2762
3139
3269
2015
2882
540
2762
3139
630
133
868
4751
1638
1044
1313
4194
2813
1307
5062
2714
3139
425
1044
1887
2085
4259
1425
4278
482
261
5285
5656
3927
1880
4626
2762
2882
4162
482
3192
1054
3772
1648
3139
3139
5426
1298
5402
5344
2825
3308
3028
5547
3139
2714
3139
5271
1028
5402
1887
4039
4621
2330
5402
1028
5310
5271
4412
4196
2113
5402
3863
972
5130
5109
5236
4858
3162
2645
4315
1931
1313
4743
1112
2247
258
1149
1269
5402
5118
1044
3748
247
2566
2825
5062
3139
1404
2196
2196
5576
3139
4371
3139
1016
2200
5402
2060
3139
3820
3820
2163
1429
4947
2196
1279
3139
5217
25
4988
-1
3139
482
5402
1672
3838
25
823
4226
2934
425
5064
3139
964
3139
4900
2196
2196
3108
1025
3139
1491
5402
3996
1958
5719
25
5519
2142
542
1648
4876
4212
1298
25
2934
595
4771
25
2650
25
3415
2196
2196
3139
2196
2473
4194
5273
3139
4149
3139
3184
5040
2630
3838
3960
3101
4002
3139
4194
1110
2390
5402
1012
3507
425
1619
227
2060
2776
1313
3137
1429
1425
5074
3273
-1
1521
5062
3610
695
5293
41
2196
195
3139
482
2916
2632
635
282
3621
25
2196
4194
964
-1
5236
1054
2762
5614
3139
3139
586
5402
4196
25
25
1942
4100
3139
2968
1680
282
2697
3139
1073
2200
3521
425
2091
3139
2196
3676
3139
1092
1636
1244
5103
3818
5058
5049
1152
1579
2114
2916
556
2196
5385
482
835
1185
5049
3139
3139
3931
5049
3139
2517
5735
5471
5058
41
2562
5171
25
3944
2164
512
2615
5402
2285
3139
1298
1468
3924
4109
4142
5426
2714
2562
2517
2060
2451
1168
5133
388
4907
3838
4815
5326
5284
5109
-1
25
25
1214
5402
3880
5402
948
3139
2196
3944
3139
1238
4038
4487
3139
1206
792
3976
5660
5274
5362
1920
3881
2630
4713
287
785
3139
1467
3028
5402
2939
4720
3139
1157
3349
3875
2775
242
1313
3931
5402
1829
2882
3495
5576
1746
2196
4265
4226
5371
681
3240
5402
2784
2548
5419
1601
3759
3139
25
3139
51
485
4017
2390
206
3452
1683
2572
1110
1949
5254
4896
5269
1313
425
5402
3139
2593
1185
1920
5449
449
4180
2196
3139
2168
2638
2196
2864
177
5137
2638
2724
4720
4626
3107
2196
3139
1469
5049
3139
1161
5402
1244
3308
4621
3139
2047
1598
4383
282
5671
5271
-1
1717
2570
3086
3492
1601
3139
227
5187
5402
425
1681
5402
25
425
4960
1185
5028
5402
1180
1244
-1
2334
2014
4988
529
310
823
2279
4801
3139
4158
3621
1681
5214
3139
147
957
1869
4771
2196
2200
2196
4149
638
5402
3139
2762
3915
258
808
391
1180
5665
3676
201
1647
4174
3875
3170
1307
964
4945
2420
3139
1285
2762
951
2102
2200
3578
743
967
2060
5695
5673
785
25
4005
3308
4142
1415
3367
5054
5402
258
3139
3528
1313
3621
3621
5062
5087
1760
2724
1775
2196
1246
930
5402
2164
3139
25
1149
4934
2427
283
4978
3772
25
1161
-1
4771
2285
777
304
3139
2196
227
1452
575
2047
3139
1313
25
4988
1870
4680
25
1706
1781
2315
3415
4799
4032
3139
4400
1044
2196
3139
5402
912
425
3139
4988
4850
3139
635
2882
2196
2537
3139
5049
526
2285
5022
4959
-1
1345
3139
1480
3308
4633
1588
1110
1157
1958
3139
3164
5362
5402
4619
425
1915
4028
3139
3139
5049
2196
1307
2380
1095
3139
-1
671
3139
3139
25
2882
2060
2196
483
4002
3139
4978
5402
2321
3086
3425
731
2196
1168
3139
4945
3139
689
5279
41
1385
4966
3139
5719
2298
3982
5402
3401
25
3573
964
4278
4889
512
1313
2019
-1
1554
2960
2196
1890
2056
4976
95
1298
1238
556
1902
4226
2910
3139
2708
2882
5336
1149
5402
5320
127
3772
2125
1885
4158
2916
5062
5505
5402
4383
25
624
2663
5425
3495
1482
3621
4484
4162
632
5354
3139
3139
1942
2144
1601
1313
1525
1286
2196
2196
4534
369
5064
4626
5050
301
4321
3139
1601
695
3139
5049
1313
2615
3072
3151
3107
2126
1436
3139
4960
2946
3139
1890
425
2196
2142
5241
1562
288
580
5671
2643
3162
282
1298
2455
304
2934
2329
716
3139
3139
4878
1514
1461
1639
5286
1025
485
1429
2282
540
4190
25
2200
2390
3772
3875
1157
2615
3139
3535
4431
5545
5293
5190
196
2851
3139
3139
3139
2196
957
4233
4158
5133
232
5402
388
25
1313
3015
1313
5642
25
1999
1166
630
5542
4371
1095
5587
5062
1891
3028
425
2219
301
3139
2196
1429
3139
3139
1184
1821
5402
630
3308
5140
2710
4158
4497
3028
1117
267
1452
3139
25
2434
5280
227
5402
2390
5214
5054
2416
5021
5133
2285
4194
5326
3139
3367
4287
4633
1958
4984
3139
2882
1313
25
4633
1880
2200
227
4713
912
25
4572
399
25
5202
2835
4371
-1
5049
435
149
583
5402
5187
4158
-1
4600
1463
841
2882
2196
3139
1149
5402
2517
1168
1206
3139
3108
-1
2562
4621
1298
3555
3830
1404
1175
5719
4373
4158
4884
26
1197
3003
2728
3139
2084
1958
482
1016
2196
5132
2196
5402
3139
206
2615
540
3317
4255
1049
3676
1452
1313
1588
2314
3380
3805
5205
304
3139
5193
3108
5049
4615
3139
5426
1313
3139
5072
4287
2830
1227
2625
5062
5253
1187
3772
1601
189
1313
5264
1110
4513
4774
4998
4720
4000
1880
2266
4142
2266
3139
4038
2138
1178
5402
425
3139
25
49
3804
3139
4373
2864
967
5719
3139
5402
5022
3621
5362
1313
4887
1157
3139
5402
418
3139
-1
5426
53
25
3192
5061
843
957
1601
3139
25
1313
539
5133
5107
3846
3139
2196
3480
1044
3139
5402
-1
1307
632
4039
1168
5587
1916
2953
951
3139
2882
5402
2619
2195
-1
3072
1638
4039
540
1313
127
-1
4768
-1
5049
1429
3534
1192
778
1016
1624
3072
3162
2169
482
975
2196
4906
2196
4884
4917
2644
3072
2699
425
3139
556
5142
2762
3139
3139
2882
2196
3086
4287
3139
5149
1044
399
4988
2566
681
1276
5567
4772
25
4626
25
1307
4185
5133
1429
482
948
4718
3139
5695
4768
5062
2638
3139
3592
1300
4363
1680
347
-1
3743
3139
5202
1706
1832
441
3139
2195
4337
3139
425
3101
2168
1168
2510
2615
4100
2196
2196
5402
4718
3555
-1
3139
5187
3241
5714
92
25
3139
4785
5191
2934
5271
2311
3820
1746
951
1477
425
1812
1185
5271
2196
982
548
638
785
2630
2615
25
3139
3669
3015
1915
4226
3408
967
2645
1999
3139
227
2520
5402
1044
3560
3308
227
258
2196
5402
-1
5606
2380
425
5062
4255
1313
1601
105
425
2343
3201
3140
2160
2285
25
3470
4966
2645
3858
3139
3661
3139
3976
1313
275
805
4765
967
3139
4680
1313
5547
2196
2710
3026
3139
5402
3139
4662
2285
425
2369
3648
2196
5696
5049
5254
25
2196
2762
2285
2196
1067
1479
5031
25
-1
3139
2196
1207
25
2196
25
25
5133
1379
2510
25
2267
2196
2200
5283
4403
4068
3495
2196
3485
4273
3318
486
3151
2195
5466
391
689
2762
4407
41
1504
110
5214
3139
4564
3495
2196
933
2285
3308
2196
1931
4890
586
2960
1931
1915
5254
811
4609
823
195
5049
276
5187
4181
4740
695
3667
3585
3139
3139
474
698
1040
817
2196
3139
3162
1293
4142
285
2416
12
3057
3139
770
5054
2619
4784
2383
3139
3139
1429
810
4868
4877
-1
5058
4693
5402
-1
5148
4791
2060
4222
2196
25
1354
-1
2939
5236
944
3621
53
4825
3139
25
2574
25
4410
2427
-1
4890
391
4244
5133
127
5388
3015
425
25
3688
1923
4028
4044
951
2863
3139
485
4512
4957
147
1365
2195
1452
1298
4398
4162
2196
2266
25
371
993
1056
347
3139
3015
3772
5587
2474
2298
5402
4966
4718
3240
681
1821
4226
3227
630
2946
3927
3139
2724
2517
3942
1028
1583
3611
1244
3222
1909
957
2879
4555
-1
3139
4194
4324
3139
3415
4544
2384
5385
2196
195
5402
3139
394
3434
2619
2934
2762
391
5392
-1
1238
2196
1357
5402
3931
3139
1307
2644
147
25
1313
2451
1298
3308
3148
2940
99
5193
2625
1404
5402
1082
5458
5748
3139
1238
-1
5402
3139
2548
3139
2968
5335
4771
3555
363
1601
2619
4978
1180
5685
556
338
3139
5719
5547
3139
1601
3668
571
2196
3612
806
5672
3139
3688
1385
2619
1238
5402
3896
2056
2390
195
1298
3139
3621
2200
189
787
425
3151
5402
2515
1872
3101
4014
147
391
4497
-1
425
482
3367
3676
2196
147
5292
343
3621
4859
4966
25
2196
2934
3240
1238
5377
5187
3772
-1
4785
1313
2619
3945
992
5484
2024
5378
425
4689
2704
3876
4497
2285
2390
282
1352
-1
1290
5250
3772
2196
1339
1817
3139
4038
1650
1178
5362
1293
630
425
4194
2574
1504
637
3139
425
449
2583
2196
785
2135
754
2200
1161
1712
147
1188
5049
52
1012
4718
5242
3534
2066
25
3299
4255
2085
4057
4534
5667
3139
2510
2714
1638
3623
2196
3139
1377
2200
372
5310
1333
482
2390
5671
3162
482
5651
3083
2196
3101
2724
2714
425
912
3139
3688
2724
1183
2196
3139
2380
4007
3139
1333
3380
3896
5087
2911
539
4190
4713
3139
1699
4226
25
-1
1168
1379
1924
5062
5545
2285
348
2102
2196
4226
5402
-1
4771
-1
2979
722
57
3139
5599
1179
3944
3139
912
4391
225
4454
2003
1718
571
4038
2196
5109
2960
53
2196
2281
3139
3139
5064
1313
2762
2196
1019
1601
5402
1805
57
2953
1619
3139
3139
456
5647
5161
2357
1178
4194
2724
594
1684
1307
3139
25
937
1891
5656
4529
3139
2102
1429
3139
2196
2662
2368
5049
2762
25
2616
5200
957
3139
2196
4633
2196
2390
4934
4588
2125
425
630
4398
1038
4883
425
5587
3367
4176
3139
5435
3139
2369
1194
-1
2776
2196
3139
4142
3139
2200
5064
1110
5062
2196
3772
3139
5545
4998
195
3772
727
2196
5402
2984
3139
425
1429
3308
189
3139
5672
913
3139
1307
25
2813
3139
5402
3139
-1
4194
5402
3139
1238
4966
1688
4995
425
2196
2644
2616
2196
3139
2408
2390
3139
4371
147
2146
4595
2574
3246
5526
1112
900
1776
3401
4032
5172
2016
5402
5402
638
2412
1168
5671
4877
1298
4978
1168
1313
5402
2520
3317
2188
3621
3495
2574
4028
693
1313
2196
5468
3279
2196
1379
243
1168
571
482
5234
3308
183
2724
5202
2060
227
5156
3139
4986
2515
1465
1307
2267
939
5102
1648
206
1313
1161
2196
571
1845
2562
4420
1339
1379
4431
3495
1680
-1
4720
5222
892
3139
3139
2762
3772
4226
540
4194
1014
1996
5735
3645
695
823
1412
62
5313
5200
52
1404
2473
1214
3139
5283
4007
4192
2882
948
2122
1206
5332
1601
4859
3256
3139
3910
2047
227
348
147
1405
1044
826
3139
1942
1324
3210
1588
3101
540
2462
3139
1920
2699
3651
3367
425
5733
2417
2619
1465
1110
438
2196
5133
2047
1608
4158
3838
2515
4866
5433
3162
3139
206
77
2196
3716
183
1168
2056
2189
2024
5402
3709
2196
1699
2960
41
2813
4255
810
3139
5229
3676
3400
3327
967
1766
57
2196
1608
4158
4784
1313
4237
5402
25
1313
1535
3942
2776
2196
3139
3151
2830
2091
1514
5370
3139
3485
3865
3611
4238
540
1218
2762
1168
2196
745
2298
474
3317
5699
2196
3139
2199
227
4194
753
4713
25
2762
4499
5271
25
282
4555
5402
227
3139
4945
3621
416
1178
3139
2321
1313
2762
785
5217
-1
1101
3139
3283
25
3139
3621
5118
3139
2196
2867
5252
2196
1606
2858
2830
227
3495
2543
2135
5187
2196
1126
2152
3139
363
425
1244
1404
1709
5050
25
2196
912
1821
5402
5285
1536
2509
5368
2151
1731
3358
3052
275
3139
2773
4720
3139
1054
3530
2616
1298
1829
3326
3367
282
2548
4877
1025
1601
5506
4768
3789
4966
1405
206
482
301
3676
1381
482
1313
1842
25
5202
1939
3240
2285
4157
3139
4798
2200
1246
2189
5087
5402
3139
5402
5241
3772
1095
1715
1313
5140
1083
4534
934
4371
2762
275
1650
261
3937
5402
-1
5451
5587
817
3139
2615
3139
1619
23
3139
2196
1672
3688
3139
183
1269
3177
4680
4039
2697
3308
5587
5419
3833
2122
2697
1890
1965
3067
2196
1452
1244
-1
1619
2196
1452
3139
3833
1823
3139
3880
2196
5293
5695
5102
1942
1203
425
3380
1227
3139
1429
25
3139
4158
3139
227
3139
2876
3240
-1
-1
195
4196
1429
2168
5062
2196
2196
4725
3278
4190
1583
4951
1842
5695
5104
5313
1187
4444
1313
1917
4282
63
4005
25
3003
1152
3960
3772
5426
25
4763
4330
2390
1168
540
4917
3139
2196
5028
3139
2196
1598
1028
4497
4947
2061
2131
3592
1206
2773
1044
4699
4287
5427
2961
580
3139
1775
1313
4074
5402
2298
1185
2697
4240
1942
5402
875
482
1313
482
2998
3139
416
2196
2762
195
304
3139
3139
5402
-1
3139
5362
2190
338
5517
2625
3139
3139
5362
3369
4152
3676
1092
2200
2196
5507
2489
3139
1126
95
5049
-1
2285
4371
4884
2196
5133
3549
425
2615
3139
425
5402
391
2762
1452
425
3517
2370
147
4620
2188
2196
3051
3139
253
3378
1832
5493
4829
3554
722
2473
4503
4521
3183
4255
1298
3991
1811
669
3592
4353
391
5714
542
127
1468
281
3108
482
3107
3139
5062
3881
3139
5061
2703
2189
5633
4194
5049
4945
1475
2333
4621
4988
4157
4497
5587
4432
3139
210
2091
2146
5584
4034
4162
3139
2325
2196
630
1293
4808
5402
3688
2762
4444
912
5455
5566
4142
425
1710
2152
3308
1429
2710
5426
4771
23
1203
2714
3374
1619
4127
4768
2196
4771
2267
5223
3641
25
1536
147
711
3621
4857
2619
3139
4877
2285
185
4689
227
227
1781
5714
4442
2852
5402
-1
3996
681
288
1307
3139
5402
4142
2835
1902
95
1601
425
2383
2285
3162
25
3139
5232
2369
12
5109
2762
1429
262
1003
425
4215
1313
1180
-1
2152
1206
394
5587
2196
593
3573
25
4975
1313
1452
3139
2463
5402
2196
25
3452
3192
2142
3108
25
835
2333
5156
1095
3139
937
3139
4768
5062
1429
3697
834
88
2515
1429
3113
2466
2019
75
227
3139
4544
5587
4255
1122
3139
425
4859
3139
275
2520
1110
4455
349
4255
1601
1161
3139
3555
2638
425
1307
4158
3139
2635
5667
5402
4559
394
2689
3069
1452
2164
3495
785
3588
5061
5061
763
1180
594
4474
1699
1821
3084
4074
3833
3702
1821
630
2737
1652
2019
338
2616
1638
2196
3139
1054
1313
3139
-1
5587
5064
5546
4598
3139
2196
5385
4792
939
4438
247
1206
1168
2825
4039
5313
3139
1452
1546
3139
4693
-1
169
3621
25
-1
2345
2380
3139
391
195
4768
5426
25
1028
12
5402
5241
1536
5402
3688
1601
1606
25
3945
3003
-1
3139
3768
5385
5402
2285
2196
3139
1429
25
3189
5651
1725
548
4564
1241
1285
3139
1965
4096
4934
5484
4255
465
1706
1609
3072
2825
166
1902
4162
3139
2047
3308
2762
5499
2196
2196
242
3083
2056
1498
3107
1313
3139
-1
-1
195
2060
1923
3139
5415
5471
122
5161
3139
2943
1920
2328
594
4499
2317
3495
41
25
4142
3139
203
5673
3676
3139
3621
542
348
1298
2856
4771
369
1082
4294
2776
1313
282
2196
4158
2196
2333
304
1465
4194
3838
3139
3882
5050
5375
5298
4537
1054
482
1369
4842
4194
3707
2285
3688
1110
2911
542
1313
2333
5484
4971
1817
2552
25
1110
1313
571
1648
53
5587
4945
3139
3278
-1
5378
5341
425
3192
753
4205
1227
2200
3044
3170
2333
5545
5062
2196
1910
1298
4509
3976
425
3139
3139
4521
3160
3139
1028
1293
25
3139
220
5426
5022
5402
1880
5280
5671
4484
1411
3374
3139
1185
425
3139
1339
3612
4255
2390
425
3396
1796
3139
213
638
3709
2390
4226
391
2196
4034
2196
3139
5205
3139
3610
1429
2196
482
5062
4060
2195
2196
5149
-1
3555
5265
4803
5062
1298
3139
25
183
1313
425
5271
3107
1405
2196
1429
1551
2476
3528
1628
1699
3139
3139
3367
227
4877
5085
2199
3053
3649
5402
281
3641
1429
2762
1699
3695
2226
2196
2196
3026
-1
138
3148
5425
3107
-1
4158
3139
282
282
1028
4082
1180
3896
1958
1180
2489
5402
2448
4713
1369
3139
4194
3676
1313
227
3139
1915
1850
690
3875
1468
3495
5468
2816
5685
3139
1717
61
2724
195
2189
227
3139
2256
2463
2934
418
3139
3139
2196
2762
4890
3139
817
227
5254
1307
3066
5241
1161
5074
2762
5402
16
2900
1180
5214
2285
4801
4434
-1
2200
41
1042
3465
4194
4212
2196
1313
2196
2195
1016
3880
1429
2882
3139
3527
1313
1237
3139
3302
1601
1353
3139
2710
4053
425
2762
3535
5378
5402
3139
2189
1583
5049
4158
3285
4053
5062
3528
1842
1583
3086
638
3046
2663
2762
3592
2226
3139
3308
3688
105
1184
2200
2879
4192
2200
1339
3139
4720
3139
5451
2196
4628
5242
4705
4324
4815
4609
2390
4071
4160
3139
2882
2747
3077
1213
4378
3772
3969
1964
1427
102
5189
2515
25
3051
1028
2298
425
5050
1313
1028
5214
5402
2619
1298
425
425
1095
3139
4836
3697
2762
348
5200
2762
4621
594
1313
1168
1447
425
1096
1553
5172
3139
5018
1638
3139
-1
348
3139
147
1699
3554
3139
912
3528
3326
3046
1137
5402
493
5015
1185
2690
1180
3203
2380
1583
696
5271
-1
993
5241
1110
2146
3139
1601
2968
5049
4633
5079
5624
2196
1452
1800
4119
2940
3367
4246
5146
5320
2762
4988
5402
-1
3495
195
4407
632
630
2131
2046
25
1966
3139
2196
594
5249
1646
1646
41
1379
3317
3101
4689
5062
1775
1650
3101
1780
3028
4082
288
2377
1260
2196
3139
2196
288
4000
1979
4158
5576
5402
3308
843
1307
4361
3139
2196
3171
556
1049
1338
3308
1915
5402
5402
1307
2200
3162
1965
4718
25
1244
391
799
1482
2943
1181
16
3679
1313
2895
3139
4226
2196
25
2196
2334
3240
4497
3875
2863
16
5123
1405
4199
-1
3903
2864
5220
4074
630
-1
-1
4226
757
957
3139
1313
-1
4662
2196
2196
-1
1416
4993
282
1990
5633
1307
882
4100
3139
4359
1230
1826
5567
2878
2196
5402
425
2200
722
5402
2091
2476
1650
3820
5402
425
2882
1298
3139
5348
5714
5213
3000
2227
5402
3507
4689
5087
2196
4591
4190
5656
2427
5396
391
5148
4371
-1
2196
3139
1648
1998
5419
2196
540
2196
1966
4988
1793
2548
2770
5481
3621
3580
1480
3495
3937
4945
425
2376
2548
2213
2572
3068
3203
5398
3462
3495
834
5402
1157
3108
3584
3317
5132
3139
77
4432
4720
59
2762
2057
-1
25
5049
3139
2882
4966
3308
1307
5733
5132
5109
5455
5402
5049
2714
1313
-1
3787
25
5326
806
425
5062
1759
526
2196
3107
5649
344
5202
4417
2057
258
5242
3139
5028
644
4771
25
689
4689
648
5657
4371
5062
5241
1465
4945
2825
648
425
425
3139
2462
4951
3495
4265
5304
5402
4273
3139
595
686
25
4713
5402
4900
1038
992
5284
2836
3139
630
4768
1863
3139
2615
4483
1544
3621
4794
3589
2733
1183
1313
1054
2574
630
1688
1637
4793
5402
2574
5605
5402
1313
1210
3113
3139
3697
4039
285
5102
5497
2570
25
5156
2615
1185
77
3495
3781
1832
2196
1054
16
252
2451
5497
5478
3573
4527
3094
1313
16
1549
1168
1397
1468
4722
2196
4056
614
4859
3139
4917
497
2267
5402
4297
1012
3139
425
2537
25
1397
3916
4371
2196
3101
1427
3139
2066
-1
4497
2369
1554
5402
1742
2943
1168
2882
2196
2421
4869
5062
1126
2380
3616
-1
2196
1650
1601
3367
3900
1044
5133
3139
3592
25
971
2354
2520
3004
4744
3495
5053
4884
5109
2724
4611
4988
-1
3283
1149
1298
-1
1583
399
1699
3240
5271
4109
391
2882
3139
1756
-1
83
3200
5731
2882
3574
3875
5062
3139
5104
946
2598
2825
4966
1028
1161
964
1601
3495
3965
1356
2913
3108
3051
1885
3139
2699
4497
4194
965
5402
2762
2762
3139
5049
1269
835
275
3139
2057
3772
1953
425
4713
282
2052
2908
2196
2196
-1
1619
3107
4720
3308
1054
4053
2383
482
3139
5402
3139
-1
1619
4774
5187
3990
1479
4763
53
4190
2724
169
1244
3139
3641
2196
3139
1269
3822
4188
1054
3003
3621
5404
425
1924
-1
1966
3965
474
5133
195
2056
5049
2196
1178
227
2281
1028
2376
1354
4615
118
4142
2200
5673
3725
1809
3688
2200
5298
-1
1238
3139
2762
1298
3139
4503
482
2495
2372
4740
1163
2390
2251
1940
4142
3139
5140
2196
4768
147
2531
695
2019
2383
3139
1298
5062
5405
4298
1397
3139
25
25
1435
2934
5712
53
2195
5062
3931
2762
369
425
3264
4702
3066
2851
2636
2537
2285
4432
84
4269
5062
539
3139
482
425
425
5402
2196
2369
3862
227
484
5058
1696
2196
1307
5551
4768
1482
4684
-1
5673
1207
227
227
2200
3865
263
5087
1052
695
25
3240
1003
5404
189
3676
2714
3987
3764
3139
3028
2762
3641
2762
5506
2196
3139
1371
2142
12
5132
1230
2724
25
1821
4286
3139
-1
4784
3326
5402
3139
5018
1110
3927
1435
1958
2882
2196
3139
3139
3778
-1
1536
3107
3139
1636
1672
425
5384
3139
4191
3257
785
1180
5671
1201
3090
2146
4371
1003
1823
4142
-1
4142
3507
1606
282
2755
1294
3495
-1
5313
3139
823
4598
967
3139
3685
317
1405
4484
1149
3485
5402
2196
2666
1338
2189
993
-1
1699
1966
2911
1313
3139
3139
1307
3139
3621
2196
4768
5538
1646
-1
1429
482
303
1161
957
3875
2412
3139
2900
425
1227
3139
5396
5117
5402
4206
1180
1575
2383
806
1313
227
5050
892
1722
284
2960
2666
3053
4158
3909
2188
3026
5371
4654
1915
1619
3139
5402
4947
4194
992
3139
25
4850
1615
967
25
5402
25
1826
4763
2567
3139
3139
3139
4242
1184
5336
3772
4463
4555
1145
1344
3139
3139
338
1966
3139
3616
2266
3139
5502
2710
4792
2762
25
195
1326
4884
2762
2196
5402
1244
3139
5238
249
425
593
5402
3367
3573
3250
4850
714
3507
2882
1230
2299
4008
2196
1168
3509
2279
1293
25
25
1699
5731
4196
5156
2190
681
3614
3573
3289
2057
1274
3946
2760
3487
3190
1044
3378
2285
5506
5396
787
252
669
3139
2882
2390
2196
227
3330
1941
4960
5049
5375
3865
1044
3139
4194
3657
-1
1598
5062
648
1703
482
3380
3139
1333
5048
391
317
4226
2248
-1
3139
1583
5641
2762
2196
2728
4246
2762
3521
425
719
2666
3269
2196
4945
25
761
5085
425
3139
785
2462
3772
1095
4315
3139
2766
1480
2260
1945
2762
1636
1091
5368
1475
5531
5117
4442
41
3367
2787
2469
2084
391
4053
5271
3250
4945
2619
2940
5451
2196
282
4497
4048
1546
5022
1298
1178
2095
1168
425
649
3057
147
3688
3573
3139
4455
1598
3415
4200
3229
348
2298
5022
5058
5719
2762
5714
2825
4497
3139
3139
785
3139
5402
2195
3139
3342
5671
4373
1821
2057
4808
77
3676
4488
1942
4497
4945
317
-1
1187
4497
3139
1307
1313
399
3767
5155
852
1012
5419
-1
3805
2173
5271
127
3676
3139
3772
425
4212
2912
25
4434
964
1110
425
2882
1672
4540
1054
4434
147
5402
3139
2917
4945
2282
4152
2339
2762
711
4630
3139
5159
1956
4755
705
4255
2762
1160
5336
3310
5028
25
5313
2200
24
1101
1384
3139
3808
1185
4966
2196
3139
1601
2200
3696
3528
227
452
810
2196
5195
3139
2333
3264
1407
2762
2615
2196
2196
1890
1313
3240
1322
5195
1435
4521
2785
1670
258
4008
702
2770
5402
2196
4689
2196
4945
5402
133
4039
5112
425
3401
482
220
2762
939
282
2267
4600
1238
3139
1425
2196
25
12
3567
2196
3495
3308
3139
4039
3592
4476
2882
4799
4763
5666
5118
5493
138
2196
1287
482
2487
425
4371
3896
1601
1601
2511
4890
644
425
858
3139
1095
2376
2164
1416
2135
4397
602
3452
5068
4709
1706
5426
3057
4836
3573
2196
3026
195
3833
1016
3495
5313
285
3139
4383
826
3487
3148
4713
4332
16
3927
4803
3190
4684
2697
1650
1019
2395
5402
2826
5402
3415
-1
2762
1966
2762
1821
110
2095
3139
189
482
5406
4777
1688
5402
1313
425
2122
2770
5062
1307
3592
2196
203
3108
2152
1238
3010
1429
1016
-1
3139
34
304
2825
2196
541
4400
5402
25
5402
-1
1800
5402
1601
3685
3688
5387
5301
456
5733
2762
4777
4273
275
227
3139
482
2285
5433
1966
5411
5195
1298
5545
3067
357
4505
16
4693
3781
255
1313
2615
722
4889
3308
425
3957
2019
2940
5411
391
5062
4324
4028
227
3378
2472
5320
2196
2196
96
1636
425
835
3669
1429
-1
25
2196
5590
4669
3139
5672
2196
1631
5104
964
1601
3139
3139
425
3682
3142
1044
5446
3592
1452
2615
2196
2226
1178
317
1742
3980
269
-1
3139
2762
-1
282
5685
1230
5402
5158
3884
5107
2884
285
1185
3734
2333
425
2171
3676
1601
4893
3139
5402
2476
5280
3308
3139
1699
5271
1044
2762
3172
4763
1661
301
425
5419
348
1385
2363
3636
1916
826
5087
4584
2863
1028
3380
4371
1163
485
2196
5402
4718
425
1476
2196
3139
5375
2196
3086
1813
3129
425
3139
1483
3755
3767
3139
1681
16
5270
1941
3688
4975
3772
5402
285
2196
5402
5688
3139
5102
5590
2200
1606
25
25
3139
-1
5225
5402
281
548
1709
5402
4411
4458
2285
770
5657
425
4299
4875
4212
2390
3139
3139
5402
1647
576
638
3003
275
2019
1821
1966
5049
3139
5061
425
5587
4158
5133
2762
1157
1160
4784
1286
5402
304
1185
1688
3367
425
1601
1809
3676
1601
5271
4293
2807
1699
1916
2137
5656
4917
2085
2196
4945
4220
3309
1168
3140
2196
3308
1016
2787
5402
425
4057
5062
53
2380
2056
2916
2189
1313
4900
92
4034
4359
2209
1695
5062
3888
-1
4756
4633
3367
4091
1029
2619
5402
1636
2057
4877
1452
5062
1112
3139
4131
3262
4484
2696
73
5473
5534
4242
1429
3432
1989
241
1688
1044
3452
4945
1662
3139
3909
1681
5122
348
2014
1861
2196
5022
425
3250
3718
3139
301
5132
2196
1185
3937
1958
4978
5671
2787
632
2285
2148
1583
1429
304
4255
3139
2787
2196
21
540
3875
2196
2196
3139
227
3139
3783
5402
4347
746
526
317
5271
4539
5402
3184
3623
95
1583
2855
5402
2649
482
3139
4768
2196
4832
1650
3805
227
4222
3139
3139
5187
1800
2516
4007
2282
4455
1183
3401
581
4296
2196
2625
4998
5509
482
3256
3139
1813
3937
2762
5669
4956
580
3139
1703
5166
147
4226
3139
5242
4111
689
4889
3495
2473
2478
1756
4792
5402
4771
4278
25
425
4005
105
3139
2122
2285
4503
4792
2196
1429
25
2714
3139
4951
3139
5133
1054
3507
648
4438
3240
2915
2200
3139
425
3139
1821
16
3139
482
4689
4298
2196
-1
486
1185
939
3264
4718
3139
706
2941
3554
3139
3308
2195
5402
1958
2462
1168
3139
5021
3139
834
3101
1313
425
5138
5293
2057
778
3139
3139
705
2196
5168
3931
3380
1813
2383
1638
2285
5402
1902
759
391
5402
1953
1853
4475
5085
808
1143
689
5545
1435
3317
391
2825
3156
1891
1619
1619
2548
5402
4966
5271
1307
258
1359
1465
5271
2200
5062
1354
5062
5685
4720
5665
3101
4215
5719
2196
951
1958
5402
1460
317
4945
2883
1933
1119
2200
1429
425
4720
1636
2059
227
3725
25
5402
4100
25
3524
2851
2383
3709
227
2615
1728
2196
3250
1429
391
3495
4884
1126
2762
2285
863
572
2164
4488
2699
2762
2787
1082
2571
1397
909
3139
227
823
4917
2666
5049
2285
937
4497
2364
5469
25
53
5013
4717
3072
3139
571
4099
4966
1047
541
3139
1313
3139
5402
444
4048
967
317
3139
5641
4978
3748
1962
5133
2156
2830
4240
2125
2876
5402
5587
195
3688
3453
3139
95
3641
4776
1178
5062
1990
3139
3139
1924
5382
951
1636
25
1699
2762
3010
2625
4074
1339
4371
2196
3139
1210
4660
3662
1044
2196
1307
25
3139
25
275
2196
1083
3139
2638
5410
1071
695
4499
482
5087
1185
425
4142
-1
5748
5397
-1
3507
1333
3139
1298
3139
2109
2592
5402
425
425
2699
4273
425
1054
4768
978
4444
-1
4131
1405
4966
5371
4988
1964
2148
2762
-1
4002
774
2369
5062
4922
5402
92
2072
2515
4713
2196
2285
1214
638
3139
2196
3139
425
1756
4008
4499
2195
1396
1007
4255
4966
3139
923
4371
827
5696
482
2724
1588
4162
2762
4158
1557
3139
1958
4768
834
1313
3139
787
5062
4194
1354
2940
2689
2934
2917
348
4407
2762
1965
4885
2950
5241
62
5062
2724
227
5402
3139
1924
2762
132
5402
3139
425
4359
4000
63
4359
1465
4584
227
317
425
4041
2670
3139
3139
2196
2787
1699
4807
2733
4718
921
2762
1680
4704
2084
1601
3886
1168
3875
4472
4598
227
1699
4028
2787
2762
5532
3509
4777
689
957
1821
4183
5440
3152
4667
4771
3000
3415
-1
-1
3139
5051
3641
1429
2188
2763
-1
1601
5062
5534
630
1681
3139
648
947
1719
5062
3139
2014
2629
3139
5119
2285
1583
810
3573
5402
450
583
25
2196
3139
2256
2476
4194
3139
2196
482
3667
391
4188
2650
695
931
2825
803
-1
195
-1
391
5656
1601
2762
4226
2787
2189
4945
138
5402
2196
3139
2407
25
4878
3139
5402
2762
1680
5590
5545
1998
3139
1095
2953
1307
2285
5720
3300
722
3139
1294
6
5310
3370
2390
1429
3139
5402
2863
2536
3190
220
5402
912
497
2196
5132
1429
425
4497
3946
2615
2243
4954
4322
5049
3139
4641
964
2014
3942
3310
1601
418
5543
4564
3772
2625
1241
25
2200
338
594
3101
1307
3139
2285
425
5449
2196
2882
1227
2122
1605
482
1112
5426
3139
2196
3026
1821
5232
4359
5402
1880
3107
1465
3139
5547
3308
4947
3107
4615
5062
3278
-1
3796
425
3663
1429
136
3842
2196
2762
3061
4884
2196
4945
3772
1909
5402
2781
3139
4999
2321
2060
4978
2196
982
540
2510
5074
3944
2569
4731
425
4945
3506
1699
1824
1636
4278
425
594
5402
1601
5402
4954
2200
5038
2376
2934
425
5028
4956
1180
1180
3750
4884
-1
23
-1
2285
2638
1307
2207
2122
5656
939
1738
4125
3139
427
2638
1890
540
1548
2543
25
3289
3139
2135
1521
227
2724
3139
425
5049
4371
5402
147
3139
3485
2196
96
482
3162
3139
3240
348
4039
5545
1238
3139
2882
833
4689
2364
3300
2268
5554
2196
5166
2196
2510
932
823
5733
3623
804
359
2724
5356
2196
40
5062
3878
80
2122
5402
425
1429
-1
1287
3933
-1
5050
4158
3676
3308
242
5442
5688
3139
648
2201
695
5402
1003
425
3139
215
3139
3256
3909
3499
1586
2196
4986
147
2393
4434
3308
2434
1313
1601
3139
3139
3164
4988
3139
1298
16
5426
5402
3139
1821
5419
4768
3621
425
4100
1583
4287
425
2195
1003
317
25
496
4771
3139
3772
4611
5719
2762
3496
5408
5062
5402
1288
5191
53
5014
2832
2196
3772
3139
957
25
2640
5458
4051
2075
1300
-1
5202
425
5709
317
5672
258
3139
2196
753
303
3888
2670
3139
3688
5696
1184
606
25
1482
1238
3139
3139
227
3139
3308
3517
1313
5299
242
3162
3358
2196
2085
25
2196
3363
5392
2762
1168
3139
1420
4028
3509
1606
3139
1313
4488
4444
4785
1183
1044
1313
2711
3623
3367
5402
2260
3139
5378
275
2196
4226
693
2196
5402
425
4966
2832
1931
177
-1
5133
1206
5238
5172
2196
2196
285
3744
1168
1866
3139
4529
1601
1584
282
4713
3108
2207
4966
3139
1222
31
3324
5166
1979
2943
1452
105
2574
691
1298
227
2196
62
1966
3139
4088
3139
2328
2882
95
1583
5078
425
2474
4945
1452
-1
-1
1313
4681
1601
1269
1616
3026
5082
1699
1044
3931
1805
5254
3139
268
5087
632
5733
4792
4540
25
3139
2882
5497
3429
25
4046
2787
1861
-1
880
892
4720
3139
965
5742
-1
2762
425
2906
2333
4730
3003
391
2057
3422
1313
4890
-1
3676
5385
1699
25
4061
583
3139
3148
5191
1307
526
301
2122
3139
4718
84
2787
4484
2060
3139
3140
3240
714
3139
4359
247
450
282
5494
3139
1452
3325
1588
1980
3139
2913
1293
1429
3051
5706
1998
2380
1429
932
25
2196
21
1307
5021
532
425
4720
1468
4100
4484
5576
1168
5077
3139
1699
1647
2196
5375
2196
425
1650
-1
4322
3139
2196
1601
3861
5062
2699
-1
4345
3139
5133
5402
2663
2489
4311
2041
3802
1429
650
1706
2882
3761
3308
1313
2196
3139
1157
5402
1222
4720
3437
1429
3139
5587
1703
2053
5714
1301
2855
4444
2543
3317
2196
5028
23
227
5576
2836
1161
4900
1648
3139
5501
2615
3139
5393
2724
2196
2296
3139
1966
2830
2724
57
2826
4158
2196
2882
3139
563
5062
3082
836
3552
5714
3370
3139
2196
1279
3544
3250
25
25
69
4853
1307
3772
5271
939
258
3139
3139
-1
4212
411
1808
3139
5664
2196
2908
3139
482
1465
3107
1101
3383
1817
1168
25
485
2615
195
4226
1313
3621
8
5022
975
957
3139
1180
3139
3139
3139
2173
2019
2196
3485
1631
2383
3509
5595
4792
2724
630
3367
2285
4255
4109
2390
4815
785
2762
41
2350
3139
482
1482
2308
5062
3139
25
762
2830
2536
240
2474
1583
4438
5412
5112
317
3139
3139
5402
136
25
5049
3107
3139
1195
4242
3139
4388
4371
1255
1629
25
811
1479
2339
4154
4621
3139
1598
967
3139
1583
1268
4912
4222
2838
1650
195
2762
2939
1717
255
3140
5577
2762
3139
2311
3676
3139
227
153
3139
1794
1776
2574
2196
1872
705
3641
1341
4850
2990
2582
5402
4097
456
5385
4698
1044
3976
353
5062
3250
3139
4096
1298
4212
1529
1210
3139
3164
5505
5349
3353
2196
1178
757
5384
1307
1479
-1
4772
2200
2200
5062
1482
4488
1958
4777
992
5595
1312
482
5576
957
2072
4868
25
2762
1331
5469
3139
25
3139
4074
1044
206
5252
2196
2666
77
2196
3300
425
-1
425
4687
25
3262
3139
2615
5062
1044
3592
5062
2071
2196
3139
1298
195
5402
4802
5422
3552
4442
3139
2196
317
2822
1619
750
4680
3991
5271
2598
4315
4370
4212
425
3996
2697
5371
3937
307
3139
1016
3349
25
1160
4400
5244
3573
2548
3363
25
4693
4070
3240
1238
4033
4584
5679
5616
5232
3139
3187
1717
1298
5085
418
448
3308
3865
25
957
25
2774
3139
303
4315
1313
25
1110
3636
138
3592
1902
3139
1016
4966
1313
1185
5122
2635
2196
25
1692
5049
951
388
3250
3072
3621
425
1313
5402
1307
2699
4493
850
482
4287
2071
1429
1298
482
3139
540
391
3139
3139
1313
4771
3139
3518
1631
2934
1313
1183
951
2014
4081
1363
4884
3960
1003
4966
2838
1838
3573
2071
3818
169
2380
2762
1429
25
2196
1244
5196
2196
5392
494
3139
2196
227
1501
4951
3139
2517
3676
2237
25
5369
-1
425
1699
425
2057
4406
4947
425
5402
1588
1313
2183
3026
2619
2762
2196
2154
25
3139
1429
1953
695
2762
3250
964
5062
2232
4768
2196
2200
4201
1699
5538
177
2742
4232
5402
425
2196
5310
1514
912
5657
2071
5401
880
425
1313
3139
2196
1313
425
1792
2566
2787
1601
5049
5021
3528
4142
5054
225
691
5049
823
4142
1931
138
4226
5176
4497
5254
3495
1016
482
5058
3139
2517
285
4771
1005
267
2561
1101
5362
4074
177
-1
242
3003
852
909
5402
2196
1054
3139
5271
3838
285
4829
5402
1447
1598
4344
1313
1363
3781
2014
5402
25
2196
4884
-1
957
3139
3139
3139
3139
425
5028
3190
1479
628
2196
3139
195
25
4194
4998
1003
4815
2152
5271
1516
5402
563
21
1583
957
5050
5577
957
5714
1805
2196
1429
2196
2200
3139
5107
3139
3772
2934
1598
5054
5062
1475
1273
5062
2911
3139
1359
2420
-1
5535
4911
2962
-1
2983
2882
3909
4242
1313
183
4885
3865
5119
5049
1699
2724
4718
650
4158
4568
2382
3139
1731
5402
1475
4438
138
3676
25
2122
425
3201
2615
1699
1339
5499
3768
4131
433
3139
4403
1335
4718
2196
1706
4615
5402
5178
3110
3308
1511
425
5133
205
41
3086
2906
4196
4121
2825
95
25
40
5178
425
5402
2196
3139
4978
4521
1692
3139
2357
5064
951
2196
2196
1756
-1
4371
2269
3139
2388
4255
1447
2196
4548
5062
3570
939
2993
2196
3139
3676
3140
1285
432
3139
5642
3247
607
3688
227
2462
2826
1499
3139
4188
4158
2762
1313
4489
1384
3139
4959
3887
4373
-1
4400
5210
548
3139
2196
3139
3308
1307
3621
2247
3139
2576
5109
1636
1415
3676
3101
2440
3468
2196
2435
2196
4158
787
2330
3345
4939
2285
5714
649
3514
2971
2095
1170
5402
206
3833
4074
2164
4183
3139
1650
2285
5685
3026
3265
3139
1404
2196
1688
1902
4371
347
3833
1429
5402
2209
2196
800
227
4890
5521
5402
1168
594
1479
1313
5402
2825
1425
3639
5497
760
2390
5401
787
5402
1313
2382
2191
2196
58
2122
5196
1722
2269
3230
5378
3135
2642
1119
1925
317
5062
1586
1313
1924
3139
114
1465
5375
5402
3688
3139
1504
5426
5097
1362
3026
12
4804
5671
3139
992
5402
1583
1180
3814
5062
2196
4038
3987
3139
3641
187
3139
3139
1230
3682
4362
2531
3139
5708
425
3139
3139
2196
2019
25
5426
3433
1692
5402
3449
1595
3139
317
1811
5402
1601
18
3139
1490
301
1622
2390
912
3641
1101
5402
1016
630
5402
2196
5021
3139
2444
5731
1435
3139
4720
10
2056
5062
2962
41
5402
5068
4194
4315
1054
911
1699
3139
3695
4070
650
1619
425
3139
2731
823
2572
4381
5402
4226
4158
4966
1616
4472
3699
2196
-1
3139
4689
2762
789
2666
4966
4889
3139
4226
3401
1096
3570
5402
3067
2196
3139
5200
5426
1297
3139
630
3139
1557
2390
3041
4371
5673
4706
425
1313
987
5269
5384
-1
5336
1307
3139
4966
2572
3931
3139
3250
5742
5402
664
1471
3495
425
1821
3495
5285
1780
943
2832
25
5402
1313
4194
4531
719
1134
4785
3139
425
728
3139
5241
482
2569
3139
3139
4826
5470
425
5158
989
275
3324
425
2196
2517
1416
3188
4082
4432
5058
1583
594
3139
2196
1605
5651
2555
1782
1242
1546
2510
5742
-1
16
1429
3139
2196
1185
5062
-1
25
5385
2762
5247
275
4060
2940
1297
338
1636
548
206
5132
1583
1016
2060
2903
1813
2285
282
5402
1475
2196
1354
5015
1649
3139
1313
425
3139
4442
5685
3139
939
53
5390
3101
1172
2948
3573
3107
1601
2196
5271
5346
2882
5402
3108
1940
2196
5455
1796
2290
3046
1044
1429
4779
5074
3139
2196
4940
2380
1486
3139
951
5537
4792
304
1313
4474
2196
5191
4516
3104
3139
2085
4397
1180
5402
5402
-1
1681
206
5402
2196
391
3139
1710
630
3589
3139
3139
4078
2762
2057
893
-1
5271
4194
1178
396
5271
4039
338
5371
5112
3000
3676
3796
349
1244
3139
-1
3621
5205
5714
1420
4272
304
3139
4298
4998
1650
2882
1313
1313
5313
5719
25
1298
1313
1623
482
2196
3209
2383
3487
1227
2469
827
25
5053
4265
2582
2296
-1
3183
3139
2196
3139
1326
396
5247
951
3003
2666
2196
4689
5195
939
25
25
140
3139
195
5283
4851
3139
743
3380
3487
5009
3139
1016
66
5590
5567
3256
4058
2196
2756
1331
883
4611
336
3468
356
1496
2825
3139
317
4371
3139
1537
1363
34
1506
598
2813
-1
1601
4028
722
2146
25
4041
4455
1397
3139
3139
3555
425
3255
5402
2200
3139
1172
2168
2762
5402
5214
2590
1583
2196
4190
2762
158
1185
2285
1159
1650
2864
348
3139
5031
2762
978
4371
3762
4373
5326
2196
482
2518
-1
3242
3657
1588
2122
675
1180
1395
5117
5587
1313
3676
5384
2650
25
1392
5085
3139
4034
1307
3139
3552
2876
3324
195
2196
5402
5402
1601
110
195
4598
5345
4032
3139
1297
695
195
3139
832
1363
1134
3026
4894
1699
4226
4713
1313
2196
5491
25
1449
4142
5054
3993
4947
1631
4513
1298
-1
147
993
5384
-1
689
3996
1180
444
4791
5238
1160
4442
600
1902
2583
317
4553
3308
2232
4282
4397
3369
1796
4055
1523
5497
3443
4815
912
1817
1650
1452
4534
2911
2196
3077
3262
339
4983
5402
605
4096
4680
3416
4107
2517
2285
1016
5402
5183
5239
3677
2196
3139
4966
1101
4194
-1
3139
227
5512
25
937
1475
2060
304
969
5054
227
1680
5742
25
3139
1206
1354
2196
4074
59
5547
1583
3796
5062
1429
-1
4771
2285
2934
262
458
3139
215
1821
4158
1648
4718
4053
4142
3139
5187
4438
2009
4695
5402
5402
5673
1821
3573
3139
195
2285
195
3139
1307
4298
5346
765
547
4444
285
1415
622
1405
2724
2671
1185
1159
1044
391
2961
3711
3139
3241
4212
3988
5028
1003
1168
834
2196
2017
2039
5402
5402
1872
3139
5402
361
25
3238
-1
4945
1269
1044
5402
2249
787
2610
823
5497
868
2724
92
5402
3139
1298
3799
425
1134
2762
3139
1760
1161
2268
957
25
425
3139
1696
3822
227
3139
5514
4371
3139
1184
3396
425
5402
4142
227
4960
195
1769
3495
1269
3139
3139
1297
4438
482
394
1190
1044
4497
3676
3139
3802
2691
2060
1161
3139
3367
3160
5062
2196
2243
4720
1307
227
2071
5250
587
-1
1756
1601
1227
5471
4884
5402
-1
25
5049
3960
3139
3070
4243
2619
3828
1509
206
-1
2116
4194
195
2196
1813
3107
2196
632
2762
25
5491
4039
3139
5402
3385
3139
3676
725
3611
3871
4999
3650
2132
827
2515
5497
425
2262
3139
3789
1374
5205
5172
4133
3139
25
317
1374
3487
901
215
2382
4878
349
4858
628
2196
834
2787
2923
3139
5402
5402
2625
3317
4707
317
4298
3879
5146
5402
1270
5402
62
5708
2813
4890
5402
3084
1353
5470
1313
648
96
808
-1
2285
1054
3139
2724
2282
1722
4455
425
1340
3139
356
756
1583
5402
957
1268
3139
317
127
1307
3110
1180
4255
2383
3139
4718
2566
1601
4226
1767
3139
35
3139
1307
1254
5191
258
4007
5033
5576
3139
2060
5547
1796
494
739
5510
842
2537
1313
2196
25
2714
5062
1313
563
3966
4883
2134
4929
25
3017
3139
3139
3139
-1
2825
3820
3139
4096
5382
596
2196
39
1016
3862
2832
681
2196
1016
4605
314
2724
4133
2762
3370
5402
2285
2867
2196
5656
3139
4855
5402
1178
1452
3139
774
4322
400
2196
4988
1830
195
4273
227
2196
5570
3139
5375
5205
364
361
3190
4215
5402
5241
-1
3456
2832
3139
425
5340
2711
1722
5413
53
2196
3710
-1
4007
3833
3300
227
4369
3743
1729
5402
5719
1896
425
3123
5733
2196
2882
3139
5064
3192
5402
2196
2382
4580
2207
3108
356
5049
3119
2146
2019
5402
3729
1425
3139
2189
356
1496
3139
2697
4610
3239
4131
3875
691
3621
1514
3806
195
3573
4584
427
1242
3676
616
135
4277
4104
3139
4768
957
2770
3377
3676
425
2950
1168
885
539
3392
3107
432
4069
2350
4855
2615
3438
4252
5700
4371
5280
4000
73
3139
2762
3818
5699
2189
4478
5074
2941
4057
1071
4226
5402
2196
5310
1168
4720
1313
2465
3176
4007
456
3296
3321
246
937
443
3653
1049
5671
1363
227
3139
3659
5466
908
1650
1168
2032
4388
3139
4158
1583
5649
1680
4011
4497
3139
2510
3139
2385
5346
3046
5671
1095
2473
1794
5283
3084
5062
901
957
2134
-1
2569
5402
2200
5402
3324
2196
5402
3139
5152
4713
1014
5497
179
165
803
4373
632
3139
3946
5062
1298
2196
1253
2549
3139
2196
-1
1821
521
4332
1611
482
2016
1044
1722
16
3046
5435
2285
1808
3875
133
425
5672
444
3380
4371
3880
4057
3059
4371
3176
803
3854
4720
1035
5591
2196
5671
3139
4672
1861
3496
5230
4965
2196
5402
4743
2196
1016
2196
3173
3139
1861
425
1606
4966
1044
2489
1238
1264
4986
5362
1482
3377
595
3139
4158
1178
1244
2060
2548
3139
1583
4280
5471
3139
4986
1178
1044
740
2570
482
2127
4226
3139
5671
1168
4868
3139
1137
2196
3139
1887
1429
2830
4315
1808
5649
2196
5683
5402
227
1096
583
3139
4713
5402
865
4690
934
648
2196
1717
4039
5368
1178
1307
912
5484
4945
5402
957
2390
901
5214
650
1664
3688
3072
1293
1344
4825
4403
4255
4635
3139
4787
2855
5540
4924
3866
3139
1688
1796
3240
4280
2196
823
1134
1230
53
1824
1941
5486
803
1462
3993
2196
189
1298
746
4136
2196
5062
5364
425
2887
5118
4255
4063
4698
953
5133
2666
1019
425
3370
2196
5133
25
3139
785
3878
3566
4200
3139
2548
2338
243
1601
-1
482
1313
353
3896
4374
3139
3846
5402
4158
5061
227
2195
41
154
3139
2787
3139
3878
806
3139
1580
3509
1350
2196
781
540
4158
2762
3688
4884
5497
4988
3139
3139
2295
1579
425
4113
3721
3139
2196
425
5253
1650
3952
4371
1619
1282
3981
1307
1244
2615
2148
2934
3826
606
1638
2298
-1
2285
4039
227
3139
4988
3139
1044
2330
1137
25
4966
2912
993
2168
409
2615
16
2579
526
-1
2057
1699
5590
4488
5576
5402
5298
2079
425
785
3101
1450
1902
3139
1902
3139
2265
2196
2041
4373
-1
2574
25
5402
1949
5097
5133
4998
1100
425
3139
2127
4202
237
1239
77
3781
5491
3088
147
2285
5402
1631
456
2196
3139
3139
1338
5119
4713
25
2116
1638
4850
3781
5087
3623
3139
4911
3654
1601
5402
1269
3291
3380
2295
3449
1073
622
2196
692
3623
5028
1298
5156
-1
4371
4532
1244
1699
3641
1468
4684
3061
1979
3139
1307
5702
4973
2127
4438
5132
2188
3139
909
5378
2196
3139
805
3463
5733
539
4966
2196
2279
25
4107
2135
143
3139
3136
2071
275
2863
5062
5022
1286
5235
5286
3139
1157
2390
1180
1692
800
195
2243
1297
76
5087
4693
5062
5742
195
3275
3554
4039
5062
3108
2083
1405
5538
4131
1648
5195
2196
2012
2285
540
2134
25
5471
425
3139
5742
2762
-1
2825
206
5049
1408
206
2196
425
2390
3676
4007
1648
2200
1601
482
2196
5449
275
1298
-1
3139
2044
301
1339
937
236
425
5719
1842
4371
2196
5402
5455
3933
34
1298
3139
2200
2021
4118
1472
1989
787
594
4082
3875
2196
2258
-1
1495
3509
2196
3139
5062
2196
4142
4028
4471
5385
1601
5402
5132
2196
3748
1106
2231
1178
2196
2943
3139
4720
242
135
2762
1429
2196
1681
5706
2818
4529
2435
3661
548
3139
482
1379
3317
275
-1
1697
464
2939
4438
5587
1339
2247
2390
-1
2718
425
16
2940
3412
3278
3139
2196
3139
2640
2196
3841
4896
4784
114
3139
2948
1699
16
576
1583
539
4217
1475
-1
2949
425
5402
2723
515
3439
4662
3139
1238
1297
4846
5402
