4804
334
25
5684
4615
2226
2226
2333
5683
3224
5110
1323
2226
4617
540
2615
25
5684
25
2530
241
3676
1719
5587
3676
4328
5684
3466
4511
1496
5684
4373
4511
4373
25
4511
4373
2838
425
3086
3396
2267
25
1119
3396
4900
-1
628
2530
5333
25
25
4966
4966
2333
3139
4902
25
3315
25
2167
5362
25
1095
25
4915
1429
3136
4511
2267
4966
4373
3552
334
3552
3466
4511
3711
4966
92
3026
5684
5644
3026
5570
3427
741
3218
2755
1793
628
92
5607
3315
5241
5570
379
3026
4511
3192
1699
3192
4484
2285
5333
2285
5526
1313
1793
4082
3598
4966
1178
1902
5570
2189
62
740
5241
5402
1178
4511
3192
5241
2122
3651
16
2872
2158
334
5491
1313
373
5576
465
-1
2755
4966
5049
3552
5196
82
3218
1313
1806
5362
25
3139
716
4966
912
3552
4397
4511
2383
3418
1313
5062
3711
3139
5333
92
3769
1313
2872
945
5062
62
3688
16
628
16
3552
3958
4373
3688
4700
3418
1313
3688
5491
3688
4369
2196
62
2062
2200
3160
5491
3160
5324
3309
4689
912
4689
5518
2762
3487
3799
3730
2154
4689
2154
2828
1313
4966
2243
2196
2374
-1
1429
4689
3139
3160
57
2196
5241
3487
3139
1699
1429
4689
3160
3139
1313
25
1429
62
25
4700
5049
3688
1313
4689
3308
2872
3139
4966
5684
25
25
2285
5349
-1
3552
1821
3499
195
3688
1313
3139
1673
4337
5491
5349
1429
57
3315
3139
5049
925
925
482
2196
4332
912
3688
1429
1429
835
1313
4332
4689
957
957
3257
957
2333
2779
3139
3988
4689
62
4899
3688
2755
3139
5241
912
3246
18
1821
957
695
5402
2337
1298
1706
925
4600
5467
957
3139
3552
1429
5402
1313
5402
5491
1313
1101
1313
1429
4039
1374
-1
3923
1313
695
1298
3688
3462
1429
5636
1429
3086
957
3688
92
5402
4654
242
2530
1313
1408
25
2285
1374
5402
4890
4039
548
2778
3688
4654
16
1429
2200
4028
4654
16
5402
3552
957
5491
4700
-1
4559
4226
2285
957
3367
1005
5491
1821
25
1101
2188
4689
1821
3688
1821
57
5402
5402
4028
267
1479
4397
4673
227
591
1636
3308
4028
1821
4084
2196
3026
5362
1313
3755
1673
1673
957
4251
227
2188
25
2196
304
825
957
5140
4899
5683
1821
1313
5535
5049
1882
4511
630
5410
1369
5402
1821
3160
1821
1313
25
3799
2632
267
1429
4327
5491
2196
4028
685
4899
1706
2621
2196
825
-1
5402
912
4720
1821
3799
2169
4479
2226
2285
4489
2188
1601
1465
3422
3552
4511
3026
3152
227
907
25
227
4471
154
3026
1673
3139
746
3139
1909
1369
5362
242
695
1313
2196
3086
2196
4462
2872
1313
2196
5402
1966
5714
2196
2196
3688
4689
1313
3139
536
2231
1878
1369
5241
227
3139
5491
1092
2196
3688
787
3013
3410
4700
957
957
2907
4226
1298
1821
25
3192
787
3139
3139
4028
594
242
242
5402
957
2979
3139
3965
3965
1313
4444
4720
4950
2196
428
695
3688
1781
2196
5159
3139
5633
2123
1821
1369
3367
3139
1546
957
548
1998
3328
4158
1240
4699
1821
1429
1966
2975
5271
4445
1083
835
1578
5491
1998
285
5633
5132
1298
2196
3139
2285
957
1374
5402
4913
5049
4673
227
3168
-1
-1
3869
57
4251
3422
1821
3139
3139
957
3688
3160
1595
1821
5241
1385
195
1313
1385
2269
5049
5402
2196
3160
957
3552
-1
3026
2285
3422
1405
1821
2196
2979
787
739
4251
1429
1174
2017
267
912
1408
4255
1369
3139
2188
3139
1706
1313
4028
5714
3937
1313
464
2084
1313
3499
5112
5402
2196
4371
2813
2655
1966
3487
1966
1385
1385
5133
4479
3965
3784
957
4311
3054
5322
1116
5097
5402
1385
195
1910
835
3139
1313
1313
1479
3139
1385
1369
4989
5402
957
365
1554
-1
912
1429
2762
547
5049
1029
1429
3139
3592
2591
2762
1374
2762
2337
1706
628
2986
1374
3139
3139
154
3238
-1
1339
5402
258
1313
1673
3937
3422
4255
254
3367
5402
1966
1300
787
5196
4028
1010
957
1706
4871
858
3937
4002
835
1719
639
2411
285
4311
3682
3367
3799
3139
273
1821
3487
1465
3552
912
3026
2813
5491
4492
3247
1821
227
5633
5155
25
1691
25
2762
3688
1706
1313
1586
957
1953
4762
957
957
1821
25
3139
4762
3139
1313
2196
16
4226
1479
4497
195
25
5511
862
5068
25
5402
3026
1821
1313
1450
482
3072
242
3139
1846
3521
1313
1706
5402
993
3026
4226
25
5402
5166
1313
2655
327
3396
5241
4444
4136
5142
5570
4762
2591
-1
3965
3367
787
1369
5621
4762
1858
4983
4252
60
2591
2188
543
3682
1131
3086
3688
1706
1821
1313
912
1821
5062
3139
4720
-1
3188
1298
2196
4395
3139
1374
262
95
2285
4537
2148
787
957
3688
1313
441
2196
1092
4453
5683
5633
4633
5402
25
4890
5402
2196
630
-1
2330
787
3439
1385
3349
5166
1793
3688
3238
957
5241
3965
540
3367
5218
3370
1298
3139
5684
1429
4762
12
-1
25
3923
2196
4131
5293
2196
-1
4311
1178
5671
2880
630
4255
862
5132
4028
5087
2233
301
25
2880
4337
2285
2935
2762
3327
1298
3970
4479
5402
3139
3552
4131
154
5491
1579
4444
3900
3621
2196
3422
5671
2196
3418
3192
1554
1313
2196
227
1369
227
3711
3139
1957
3139
4633
4397
3139
3026
2196
425
242
2196
5213
912
-1
957
4633
1313
957
52
3139
485
2167
3965
3139
402
1178
3139
1313
4762
5166
-1
21
5166
4311
1092
695
-1
262
4990
2762
1821
1313
3139
258
166
2330
3192
2196
1313
-1
957
5633
4689
5402
4131
2148
602
425
5497
3833
3965
825
3784
695
2285
5241
2269
301
932
5396
1953
4397
2196
1298
273
3507
2196
2196
4255
2548
3899
957
1821
1450
4131
548
1553
1240
2148
3139
242
2153
5166
3435
2516
1313
1586
5402
262
4397
1673
2196
2024
5472
2196
262
1408
4569
957
4633
482
3688
227
3142
3688
3139
25
1479
1313
2377
3937
1304
4633
2691
425
3139
3139
1706
1980
4600
1650
5074
2196
24
1980
1369
1842
1442
4700
25
1313
3621
3370
2285
-1
2200
1313
5062
957
4453
4858
4479
4131
2243
25
4199
5402
3923
227
2777
1610
1429
482
1586
2285
166
2196
1650
4492
5402
2196
957
3131
458
1313
4966
25
2915
957
4772
3621
4028
3192
1369
1083
4028
1953
2168
1313
25
4131
2196
5097
1650
3499
-1
862
5324
2762
5119
2196
4700
4492
826
5074
1429
5402
4978
25
1450
5166
3688
3395
-1
2196
3139
1369
4718
5475
288
348
2156
288
2196
3238
4959
4633
4479
1491
1383
3367
3833
2183
2183
4700
1588
3139
3139
288
2762
23
4687
1615
4858
3139
1922
4689
3139
957
2762
581
2024
5426
5499
1650
1821
4718
2148
1650
1121
787
-1
1429
2285
2615
3367
4689
5402
2196
2655
3367
5402
5402
1313
1131
2762
2196
1313
1313
4114
5166
273
285
4134
2196
5166
4255
4600
3278
2762
3026
2196
4255
3402
5706
3139
-1
5362
3799
5156
1029
4255
4327
4511
365
4007
4479
825
-1
1313
1463
556
2168
3592
348
2156
1650
4028
1706
3552
1579
2285
835
5491
2196
4352
2148
2196
3410
5094
2285
2615
95
3139
4689
2944
5196
3139
166
1374
3370
5633
3139
4511
1706
3755
2258
3086
3139
2285
490
3192
594
3028
5049
3028
5402
4202
3139
957
5097
3139
5028
2017
3139
5518
1579
2017
1598
2935
2122
-1
4373
3592
1313
912
2195
2196
62
1178
1307
1800
3139
5062
5402
1420
1650
3139
4397
5373
348
3830
1673
2285
1313
4906
1821
1339
2285
322
2990
2196
1673
2762
1385
267
3218
5671
25
3589
1316
2285
5402
25
3402
348
1579
-1
3139
2196
1178
957
787
5402
4673
3682
1178
3753
2902
4951
4158
4255
2133
3139
1024
3933
3958
5384
957
5402
1650
3308
3688
3139
1313
4689
3418
3360
4878
1821
5166
2934
2122
1642
2285
1789
2196
3139
3725
3139
3028
1601
2148
193
716
1601
326
1636
3370
1218
5699
1101
4373
3592
-1
5552
2619
2762
25
1374
1601
5671
5340
1313
2962
548
1240
3139
5370
2337
1701
4815
787
957
3965
5049
3552
2148
1465
1706
1661
2168
187
74
3139
1800
5324
1450
2285
3937
1742
2974
1092
2189
348
5062
3156
2632
5062
-1
4131
1313
1313
4951
4633
3139
482
3688
1781
4032
275
4453
275
3370
4032
1854
273
4453
2122
3139
539
1016
787
5241
425
16
3621
5062
5166
3026
-1
-1
1313
5448
3459
1452
2131
3552
2168
3552
36
3821
957
3139
2880
57
3242
3581
3422
3240
4740
3000
3139
3240
2762
1821
5491
425
1966
4815
3556
1178
2196
1650
1450
425
2148
3370
2426
1408
2822
5271
114
3051
75
273
5156
36
275
1429
2762
1966
3139
1468
3900
1463
1058
4827
425
125
3369
262
5570
1313
262
464
912
5699
2196
3032
4444
-1
5076
391
5402
2196
2196
3227
1313
3667
227
2845
1568
912
4718
5699
195
227
4815
1831
1821
3396
114
3139
1359
548
5077
630
5076
2148
3139
1966
2762
1193
3028
2350
62
3139
2632
4497
4032
4585
5402
3139
3963
1673
3621
3139
2934
3682
3370
3026
3952
36
2762
3250
3139
2350
3499
-1
4689
3028
2780
97
425
242
5491
5278
1769
1800
3139
649
3250
5241
3535
2762
4373
2762
5076
16
166
5367
1953
5214
1313
1178
4762
1218
2882
3139
391
3026
1992
1919
5402
548
1479
4762
3139
2744
4483
53
2548
2880
4815
5068
539
425
258
5062
-1
2619
1642
912
3584
1168
25
548
1313
4255
149
3367
5587
4569
2196
5214
3784
4054
3959
4762
1307
2148
4255
5049
66
5402
-1
3370
1369
1230
1313
1465
2948
5074
4039
4497
5196
-1
1601
5402
957
4664
3139
53
4808
2148
4898
5461
907
3937
114
3250
-1
943
957
1957
3139
3439
2724
273
2196
258
539
425
554
3621
5354
3139
548
-1
4381
4371
1016
3869
3833
1385
1273
1601
1612
5112
3192
242
-1
5048
2655
1218
5112
21
2024
3487
2549
1699
3224
5062
3994
365
425
1238
2200
3139
-1
3367
1178
1101
1673
5112
482
2210
3353
1313
2188
2962
5432
5402
1586
2939
957
5049
3882
-1
227
5402
1953
1313
3160
1821
2932
195
1313
3766
220
2549
5402
3139
2615
3982
269
3366
4226
3139
2989
2962
1831
3139
1083
5094
614
5191
548
3139
3139
195
3367
2962
2196
1601
1297
4381
3937
365
5510
4482
1902
1324
1840
3250
5049
1601
5062
25
1374
3933
4600
5022
5132
5049
1468
3139
1606
5112
957
3991
787
1800
4497
4039
2055
1601
25
1029
4777
1298
2226
3139
1588
912
2549
1636
3139
25
1313
5272
3965
5402
581
348
3139
2825
5402
5491
1450
3454
5353
3028
5426
273
284
4251
1601
1436
3439
220
4689
3965
2200
1897
1568
4689
3139
3026
1238
269
796
1800
2189
4914
5049
2269
3454
3349
1482
2226
5402
4028
3139
285
4142
649
747
3937
623
1742
1177
1483
1633
3139
3139
3139
4990
1821
2531
3875
5233
4762
1673
3139
1742
5396
3250
2882
1842
3139
3026
695
541
2565
3778
2762
425
3509
3139
2200
3707
3886
650
3937
2188
1313
5049
630
1410
3833
3393
1313
5402
2025
4158
5402
3780
25
3676
3195
1101
758
1313
2196
3937
2196
4808
5373
5191
957
4771
1450
1016
1405
1554
25
2895
-1
1738
2184
3195
114
3393
1611
3269
-1
5576
2285
165
686
3139
1619
1636
484
5272
614
1206
1861
4158
-1
3139
4794
53
1313
2196
4878
3139
356
-1
912
2829
4158
3240
957
1966
5402
1699
1313
957
1342
1369
23
4171
2993
4158
5049
-1
-1
4371
25
739
4453
1016
425
2189
4131
1664
2196
4664
5293
1706
4311
2196
3401
425
3046
405
4690
3238
25
2196
4032
3688
2055
4323
3139
2655
3667
1313
21
2857
4900
1342
3688
684
25
2269
2148
1291
3139
5244
1500
348
1153
912
1821
4032
2069
5491
3250
5113
1601
5402
1178
1168
227
3139
2269
4255
1636
269
4740
365
1681
1029
1722
1650
114
482
1601
3010
3621
4529
2226
1046
4720
2882
3139
961
4718
2367
1374
3139
281
4238
1883
2148
1583
4822
3139
21
5448
3195
4202
3370
4732
594
2196
556
3139
4633
957
3269
4202
1143
4654
1071
25
4255
2615
5074
4311
6
1016
2285
5218
1238
5402
2311
925
1953
1178
4255
4381
1178
2148
2822
4537
3838
5402
3753
4815
4384
4255
2872
5166
25
2196
425
1323
2285
5062
5062
3833
25
25
787
3139
4381
4720
5616
-1
3139
957
-1
3139
5068
281
2168
3970
2844
4600
583
2619
3139
4202
1769
1288
957
3584
425
3139
-1
957
1044
1178
3688
2285
16
3282
3139
2983
5700
1955
-1
5062
1157
3139
1821
114
4131
4373
3139
4956
-1
4718
3028
628
2196
1178
4384
5112
2880
242
3799
4156
379
195
2962
957
3509
561
2548
4041
912
2196
594
5506
2311
548
3139
2196
5218
3308
2822
5402
262
2188
301
1369
1450
5119
165
1997
3139
1313
4131
5051
4497
2196
2364
4771
912
1178
1374
3139
391
1294
4202
4131
1953
12
1601
1116
2196
3003
787
4226
3937
2196
1384
482
1706
1601
1233
114
25
2285
4633
4255
681
4815
2200
1313
4600
5241
2474
4148
4547
2196
693
4032
1854
3026
1620
3086
2231
4975
2200
1313
147
195
3084
695
4529
275
1313
5402
5049
650
3688
5241
3195
3139
4998
1821
4700
1480
-1
5402
3139
4032
3139
146
5062
4078
2196
2934
1966
53
3188
1307
3139
3495
4497
5271
3240
166
4373
5119
3139
1842
2822
25
1405
1588
5402
4629
3937
3139
425
3139
1116
2269
2934
3592
3688
3883
25
4028
3817
2961
2196
4041
3028
3139
5087
3799
2196
3139
3160
1861
2474
1313
5467
5396
4689
1295
1397
5491
1116
5362
1615
3937
-1
23
3240
4689
114
810
60
5097
3629
5087
2285
833
556
3026
5402
4032
5211
5402
763
348
1961
3139
1854
1313
2196
3422
5255
4202
5402
348
1853
242
3799
1397
1479
4082
3552
2154
1821
3496
2196
2498
2934
5402
3139
4810
2085
25
3428
1193
2195
3755
630
-1
4471
2196
-1
3439
258
1742
650
5545
1966
2369
4255
165
2762
2724
482
957
25
957
1966
3557
5062
747
1178
2194
4616
2950
-1
628
-1
1313
1722
2440
5402
1429
2131
787
4689
3139
1011
3448
4044
3139
695
2882
1397
3139
957
4784
5155
2285
1429
3084
3139
2474
3495
52
137
262
1238
4707
5491
5062
1642
3139
5402
1606
301
3139
787
4762
3552
3833
3139
3370
3139
957
4259
4453
957
3315
2998
1945
3139
3554
3238
1606
220
242
166
4488
-1
1178
5074
1588
1854
3139
1243
1016
25
1646
957
1323
1183
-1
703
165
165
992
4664
3240
1479
2619
2285
5385
165
1178
400
4028
425
1054
482
4945
5402
3170
3139
2814
2868
4959
-1
1313
3139
2934
3139
2615
1957
5384
2196
1424
2629
2196
4255
957
2195
5284
25
1178
1171
2285
1385
60
5243
3139
227
1971
348
835
3833
957
5491
951
2131
3139
5062
5011
695
25
3139
-1
220
4199
1826
4492
425
747
1429
5097
5062
2474
2703
1821
53
1270
5396
3650
1234
3266
3457
4600
5402
1706
2196
25
3195
2884
957
1178
4966
165
1722
5551
5385
2762
-1
1307
114
-1
2762
4869
1240
5402
273
195
548
5062
5087
4740
2549
2990
967
4231
4142
2615
2196
1299
16
1650
482
1044
25
473
3388
3139
3139
3139
4479
1429
5293
4142
5241
3139
4718
5587
4718
4956
425
2196
422
2474
1178
5094
229
3139
5062
1586
1335
165
1178
425
4569
5402
1178
3139
1101
5547
3552
5402
2210
5440
1313
5440
425
1275
5402
2460
5140
25
62
2196
1313
2435
5402
2615
5142
4654
5402
3380
1067
1291
2243
5166
5085
3591
5062
5087
2013
348
3370
2755
3139
5264
3667
552
2290
3367
4718
3240
-1
25
1680
3139
5028
5119
2055
1238
1313
2200
1588
4226
1313
5402
2196
3139
1865
3170
1588
5062
-1
4175
1339
3028
4232
1821
2196
4371
4777
4039
3139
2757
5426
3760
5402
25
258
1429
1429
3552
2196
1468
1092
3771
-1
3682
5293
2148
262
3139
5402
5110
2269
4226
4202
1504
348
4762
1636
123
3495
5267
3139
3509
2285
4792
1809
3833
2943
614
1420
5028
1957
5068
1369
25
5094
3139
5385
4633
2903
2369
-1
3139
1521
746
1680
114
4015
4255
1313
2196
5426
24
3370
114
348
25
5671
3380
3139
3675
1313
3192
425
1949
1629
2762
3139
1157
576
3139
1168
3046
650
2999
992
624
2160
1709
1193
5742
1742
5451
676
2196
4569
1966
2531
5049
301
4280
3160
5166
3965
23
1168
262
3554
1016
3688
4768
258
3552
2374
5385
4060
1679
3688
15
3840
5419
2199
195
3878
2164
1821
1178
5191
5402
3095
4700
3139
2188
5402
81
4331
2196
3487
2826
957
5408
957
4826
5671
2285
3367
781
269
5076
3139
4255
2619
4698
1854
617
474
5402
5491
3936
3139
2057
2608
1821
3139
273
1168
5062
3139
1197
4956
425
5310
1583
695
-1
5402
269
1450
2196
3308
1429
2949
-1
-1
3876
3139
6
3139
1178
3139
1044
1601
4354
3913
2196
1307
1709
5062
2548
4131
5133
2762
2057
400
5497
3535
5351
3937
4034
1397
156
4634
2196
3075
2148
3139
860
923
3139
1054
1664
4966
548
53
482
2196
3139
1601
1606
4768
1692
1385
1374
5402
5293
2196
2226
614
1044
3965
5074
2210
633
2196
3139
2196
2196
4712
482
4673
5241
5132
2057
1821
2183
4158
16
258
3937
3139
1588
4034
4763
3796
4497
3139
2882
4158
1178
2608
4654
3682
5107
5402
5009
2183
1601
400
285
4966
3380
3139
4951
3965
957
3392
3139
3139
2943
2724
25
5370
3139
1601
2196
628
2548
242
1238
5667
912
425
3139
3441
1650
2724
4142
1300
5049
1406
5580
3160
3833
425
1116
3139
1692
2549
1966
5241
2196
1178
1601
4202
1436
3682
-1
2196
1821
2762
1664
3139
2882
2196
3139
4777
2184
3240
-1
3139
3139
285
2813
5385
5344
3250
5062
2934
3139
3139
1619
1369
3139
1238
1178
4966
3139
3136
5112
5241
1313
1313
3370
25
5448
3396
1313
4032
2623
3899
3139
2949
2196
301
5283
1429
5664
1551
548
3139
425
1238
1565
23
3454
3495
4588
4720
1168
5156
1313
3139
4158
5049
1044
3139
258
3876
1397
2383
2703
248
482
4028
3139
3174
1516
4354
2196
2196
3392
2057
3641
5684
2724
3725
957
5706
2231
1966
2935
1468
652
472
5684
2474
4720
3813
425
5524
3139
5402
4188
2993
2196
882
835
92
1664
1601
695
5062
425
356
262
1178
3139
4142
25
548
5049
1397
1706
2196
482
3139
583
4131
5132
3937
2184
2196
114
1071
2196
3139
4005
1583
3250
4041
3139
4432
5031
137
4359
5049
25
2860
2697
3370
3174
4432
5191
482
4232
4158
1611
3554
4792
1882
4373
957
957
3862
269
2615
482
4371
5132
1178
2196
1611
3900
3139
4331
195
1298
2718
1680
25
5062
630
1996
482
2057
331
5362
3139
4032
4772
2285
5419
-1
25
5635
4371
3139
2196
5196
1830
888
1601
5062
1016
3139
452
3139
25
3509
1850
749
4884
261
2084
2101
3139
3554
1054
1429
5156
1016
3369
1168
3139
3139
2024
2474
4131
258
5402
195
4890
5062
4287
1583
25
3306
5085
2762
1028
2615
1157
4041
-1
3688
4815
3623
5195
1342
1482
25
2724
4226
3139
2416
3139
2637
4032
3095
957
425
16
5112
425
25
2196
3139
2200
3249
400
5049
1945
5402
3538
3422
2619
2196
681
16
4034
2057
3817
5166
5022
1325
166
425
5402
3487
2188
2184
1184
5280
5271
3139
756
4400
4142
5449
3392
3139
4041
5062
482
4479
3803
1244
3139
2896
3430
4202
2762
107
1934
541
2164
3370
25
3139
3139
3964
3139
25
1664
1168
1028
5426
1945
482
425
1168
165
1957
4762
5241
482
4331
2724
146
315
3139
1178
4371
5576
3139
482
5402
5214
2656
2615
1044
5421
2200
5087
3380
3139
1110
2762
3139
400
4354
4142
3833
3136
-1
5402
2196
3139
425
4255
5671
785
2243
1601
1429
3170
5085
16
5402
1429
4767
5362
1636
3195
4457
1958
195
2724
2337
4343
3139
5402
3676
356
2703
25
3139
5133
937
4404
57
4966
4162
2196
25
957
-1
25
1717
3139
-1
425
3841
3517
602
3139
1429
3139
1117
5614
5402
5029
1307
3139
4939
3370
1313
5402
1966
5094
3139
3495
4311
3241
464
2762
5087
3833
425
937
3139
1468
2183
3139
2285
4158
1650
3139
52
1313
190
5087
664
5062
3621
185
2196
2285
2184
1313
4267
2390
482
3647
2762
3139
1450
1275
301
2153
3139
2435
3308
3718
3495
3139
5501
3517
4720
957
2057
2569
425
1699
2337
5402
3796
262
425
3139
3139
2200
3735
3592
2724
4948
5456
2724
273
5234
1238
4371
213
2762
432
4032
3139
5166
5112
4327
425
5506
4815
4890
5062
561
2122
356
4158
2390
1157
195
2762
4232
957
24
1720
2200
5426
2762
1821
3139
4432
3592
25
1957
4718
1680
2196
143
3139
1945
2196
1798
1178
5402
3139
2248
2896
3003
3414
540
3139
-1
2569
2567
4878
1035
4082
195
1650
3140
967
4762
3139
5028
1699
1550
4690
2569
3554
5491
3483
3139
834
857
425
482
4034
2057
5587
3139
1178
1796
5402
3796
5062
1028
41
664
1046
2724
3139
5214
3139
5402
2383
2196
1953
4808
1184
-1
2363
5584
5085
16
425
1429
2196
4426
4615
2350
5139
4177
2615
93
3049
1588
4255
1722
3139
4142
-1
747
425
4784
2057
746
3139
2196
1313
1124
2196
3139
4032
826
4287
3139
3250
422
1800
3591
3799
497
-1
5164
841
3139
5062
1683
5062
3139
4900
5570
972
5491
2269
3139
2949
425
4005
5097
2196
3139
258
1769
304
3250
1601
957
3139
3139
912
1178
3499
2196
2285
4626
853
3192
425
2654
147
3238
4073
4199
3046
1588
664
425
5435
5402
1854
1342
2882
1672
348
5049
2934
114
3139
1601
2189
303
3139
2285
4945
2285
2196
3139
4951
3139
2196
3088
2285
2474
2131
5062
4255
4713
3139
3528
3139
4041
3010
2416
2285
1313
2813
2548
1028
5048
4860
1379
4331
3651
640
4827
5612
1586
3139
3969
3139
2196
2196
1110
1468
835
5062
1664
5171
3139
2762
3753
4492
3688
1429
25
41
4535
2516
3763
5097
1776
3377
1342
4202
1521
3621
2339
3495
256
482
1028
5326
1465
1980
2285
25
3139
425
3139
787
3139
25
258
2724
3139
2426
427
3876
5402
2200
2196
5283
5384
5371
484
5062
5349
3139
25
4041
2196
1482
2057
3396
3799
4693
1709
2148
3040
2474
912
3592
5132
1601
425
4255
5635
2416
2189
3287
2762
2615
3495
165
425
959
-1
2196
5344
53
3139
2549
3072
1110
4654
3139
3370
2196
1028
3799
3170
2148
3139
3190
638
4998
4762
4884
5087
2724
1996
4737
2473
1233
3190
2724
1028
2196
5667
3139
4348
3916
3524
1650
548
5062
834
3139
3139
2200
258
957
3495
4280
2826
2762
5671
4383
5402
5062
4633
5076
3139
3139
363
705
5370
4007
5402
1811
-1
3238
4569
3139
1583
4226
147
3279
3139
539
3084
2057
443
3139
3139
2200
3495
3139
4057
3441
5097
2285
3139
4041
5107
3370
4332
1369
1012
4158
5214
5062
5062
5068
3932
2164
2196
5133
-1
2435
4057
3755
5713
2724
59
2196
5507
5049
5274
5517
5087
3799
5491
2148
2196
1583
2285
3367
5713
3250
3139
2569
2196
1821
5087
1171
4453
1016
2762
3139
1014
2762
5402
58
5491
425
4131
1044
1780
5402
593
4287
2762
4722
-1
4488
5499
3621
4569
3139
3517
1957
1605
3139
1958
1612
269
4158
3580
5284
610
425
4337
1342
5031
2285
4768
25
3730
5062
5714
4493
5349
3107
5497
3160
5133
-1
5402
-1
-1
1411
541
1028
4202
1601
3139
3139
3026
5062
5402
3139
25
1342
2285
1468
5385
2762
2196
3696
1611
-1
747
1313
482
425
3139
3250
2882
3139
2762
3195
3003
5451
3139
3195
2184
937
1238
2390
2057
4280
3139
262
4057
4005
4768
5178
4039
5049
3509
4990
425
3192
5152
5566
2454
24
4028
2826
482
4962
2724
5559
1345
4344
5497
685
3369
304
-1
743
2762
2196
5385
594
281
3139
3507
3419
1920
3716
5507
4627
3139
4712
2196
5112
1298
3139
2200
24
1082
4383
548
2762
286
3250
5714
4664
5191
3139
2825
5497
4890
3238
2337
2056
1920
3139
664
1673
425
1410
957
2189
2189
3139
16
3139
2762
2945
2200
695
5062
4255
4533
2773
5062
2939
4777
4142
458
583
3781
3139
5497
2934
2196
3509
1028
25
25
3034
258
5402
3771
2601
425
826
3370
4768
3139
3621
2813
3766
1429
425
1479
5491
4088
2196
1028
3641
1101
3139
3139
21
425
548
195
4762
5049
3139
2934
1452
4226
425
2196
5087
3139
3139
16
1178
25
1178
5746
3139
5554
482
2196
4287
2248
4966
607
5109
1664
2860
5339
425
506
2285
-1
583
5104
1699
3139
3517
25
2196
1902
2024
3139
425
3139
482
1945
3139
3139
1681
2285
2818
2615
3190
540
2333
3139
1601
1699
258
2285
4142
2549
2133
482
263
2437
4162
3592
1318
5062
275
3139
1141
5642
3139
3170
4815
2196
3676
1300
5062
1557
5713
4255
2056
3139
3139
3441
3975
2196
4771
3283
3139
630
-1
1313
4278
-1
5587
3799
40
2818
4966
1313
4059
1028
3139
1028
3139
262
2196
1706
310
1429
425
4966
756
5033
3139
1957
5283
5653
2896
3139
3615
4344
258
827
1568
4687
4762
926
-1
2872
3370
2703
3139
195
957
57
1307
5214
1242
5062
195
987
3367
1131
3370
5241
438
2195
674
1966
348
2196
2196
5293
1618
3139
391
5491
1506
1424
1475
4611
4082
3795
4278
3487
1699
3965
3139
2227
1313
5068
3308
957
3139
2024
2285
3139
3265
5402
3139
1218
1313
2196
5402
2196
5087
1482
3139
3884
912
3026
1210
1842
3240
1291
2194
2196
3139
1318
3139
2196
2200
348
581
3838
957
2683
425
957
3139
1643
97
221
3615
3139
1210
40
303
303
5701
2122
2983
4305
650
1706
2196
3495
3139
3139
1049
1722
2383
-1
2285
5435
1680
4373
1238
1313
1854
4381
425
4107
1980
1028
1054
2196
4762
2200
2697
2762
4712
2380
425
1318
3139
4373
4371
356
758
993
5217
1650
2285
3283
1073
5062
3139
2724
1318
4771
3139
25
4188
2285
834
4690
3430
3139
664
5200
3308
2196
3139
2189
4492
-1
425
2762
911
5195
2196
3377
1821
-1
5655
1722
4900
1450
3139
1776
3234
25
4951
5733
1298
2232
4226
5087
3139
1313
2196
1042
5570
3139
3139
4698
3139
4455
3495
4762
3139
548
2416
5319
2614
2196
2724
3612
1313
3938
4836
5061
3517
614
2734
2196
5684
5704
-1
5371
3139
2168
1821
1168
3139
5062
2724
5426
-1
5402
2762
4057
3017
3139
2196
3028
3139
4057
3255
3046
694
1971
251
2630
4142
1297
5402
1178
3139
2285
3139
3996
2390
4975
5087
2724
1953
2285
4327
2196
650
16
3139
425
3419
52
-1
2762
825
630
2144
3139
2179
1170
2196
4354
3139
258
2196
1324
3317
5062
25
2762
3139
2515
1821
4712
2974
957
348
3139
285
5098
2333
2196
4777
3139
2762
1920
3139
3238
3487
2863
2285
25
4435
4808
348
5062
3592
866
1307
5062
1650
3139
2285
1046
2945
3139
2762
3838
-1
3676
5653
1479
1313
1586
3621
25
638
1560
2724
2960
1148
1759
5362
1101
5233
2196
2825
5370
3688
2569
1160
-1
12
957
3139
4366
1178
4555
1086
957
1298
2196
787
4713
28
3419
5371
3139
-1
25
1029
3139
2383
2762
3054
348
1369
4853
1044
2518
425
4971
25
2184
5062
1168
1769
1636
1699
4685
3139
2623
4731
5241
5402
3129
5062
1159
2285
2949
5402
4287
540
1313
4584
5031
5119
1101
25
650
3139
3688
3139
3107
3139
262
1300
321
3300
3781
-1
1717
482
5602
2882
602
5695
2146
2575
2939
3937
4158
635
3139
2285
248
3139
25
649
3139
4343
930
1717
2619
114
1769
1134
705
1429
583
1178
1275
3495
5074
1307
5087
3139
3139
5349
1122
425
3139
1298
4111
3552
3139
2196
4975
3814
694
992
2196
5119
4900
1666
3190
3139
3707
3284
3139
3115
4226
2851
2983
1861
3139
2983
5087
1515
3139
2768
25
3139
425
5402
5402
4762
2615
25
3139
2333
25
5435
5402
1945
3139
746
-1
1925
2168
5031
4861
2724
5087
957
3139
3629
3139
285
15
5084
4529
598
1374
3139
5253
1178
4042
3300
3139
3139
4633
2882
3192
4620
2724
3139
2195
2773
3933
25
4007
1298
4712
1054
2016
4689
957
2762
2195
5062
3485
1168
4082
539
2057
2009
4973
2637
2943
5166
2762
4131
-1
5280
-1
5242
3509
-1
5022
1583
1159
425
2184
3965
2285
3139
2637
2549
3139
4028
2896
731
5049
3115
2435
4529
4945
2354
3842
5133
593
5559
2724
5402
3195
3139
2762
5048
348
4718
3139
1168
1650
4934
2623
2882
4966
3592
4109
957
1915
3160
571
4600
2122
1826
269
227
285
2762
41
2196
3139
1313
1249
3139
3448
3817
1450
4388
1568
258
2196
3554
-1
4332
1953
5672
1313
-1
5205
4255
1185
3139
2168
4200
3139
515
-1
4771
3139
3139
2196
1605
53
5497
3139
548
1775
2825
1646
1588
5402
1405
4962
1823
2196
4700
2285
4078
5415
4188
2614
5269
2447
4398
5062
3308
2548
5419
4784
1379
485
3139
2762
275
4564
3123
-1
1742
1322
425
3707
4584
5299
3139
3139
2619
1298
1064
5491
1605
4810
2196
1996
3170
2493
53
5253
1073
3512
1168
2724
2851
3250
4273
3139
1073
4455
1359
3139
4712
3139
144
5486
2196
4007
4162
4057
3028
5140
3139
5402
1427
195
1110
2196
4929
4002
2378
1709
25
425
642
3485
3735
1598
3139
3003
5085
4032
4966
-1
5280
1266
4381
1313
5062
4879
2825
5062
4289
4664
3308
3195
4371
5271
1945
2776
3760
5479
5686
3139
3046
1780
1313
5697
275
4802
3139
4674
2196
4484
4915
2057
3139
4712
1583
3139
1429
425
3441
1044
2762
735
3621
5271
3915
4600
3003
5166
5402
2887
4600
348
2724
348
3139
1397
1374
4877
262
3402
482
1902
1606
5419
2762
3552
5672
705
2195
425
5009
5183
2196
1821
3621
5587
2184
3139
3139
2057
-1
25
258
4945
1561
5117
3139
2762
-1
5200
3370
843
1468
5627
1636
3139
5074
3139
-1
4771
2055
25
1546
5402
5280
1197
787
3139
3951
425
2177
2723
2486
1313
2783
2567
5540
1313
2390
3139
4785
784
2196
3107
5402
2226
1184
1159
5649
227
3148
3784
1942
5402
3507
1709
4118
2724
320
2047
882
2962
3393
5062
5633
1557
3139
3139
3227
5384
2285
1313
2515
2679
3291
1417
-1
2057
227
-1
425
2164
16
4032
1970
3139
3139
3139
4999
3535
3139
275
195
5419
-1
1465
4252
1240
-1
2196
5062
1352
4912
2637
3769
2880
2196
1583
4929
1307
2200
-1
5158
4021
1298
62
4682
2768
4096
912
2934
5183
1429
1728
4945
1601
2755
4776
4712
2196
301
425
2285
1616
92
3139
2188
4780
2383
1379
957
3000
2196
3495
1110
3139
3139
3370
3567
25
967
4342
2285
3422
5402
1966
2200
3849
1675
2388
2232
3139
957
5647
1298
1110
957
2085
1699
4383
1028
3219
258
25
3139
2196
2196
3139
2200
2364
2200
25
3933
1168
25
5384
2196
1207
4652
1298
3592
758
4718
3139
4005
4255
3113
4768
3367
5673
-1
1429
2266
3308
3933
425
-1
4858
5166
912
1902
4278
2783
4455
1821
2122
2882
1664
1297
3139
4785
25
5049
329
4142
3487
2762
1953
443
5001
1178
1274
2226
356
1800
391
23
3937
5402
5426
4002
3139
2285
1335
5402
3139
4033
1821
1313
2268
3985
4978
3139
3139
425
3139
-1
3552
4529
283
1082
595
1178
547
2196
2055
1203
1313
3139
4400
1028
5062
1350
2399
3139
3139
3621
3139
3139
1313
1673
3139
4479
3139
3139
3371
2640
5644
1699
3139
2762
1044
2531
1028
5001
1025
3495
5426
3139
25
5062
1230
356
2591
4744
1798
4690
4607
1313
2937
4453
5695
3139
2958
12
4255
1242
2762
1776
1028
957
25
425
5049
2714
3139
2825
3631
3937
1374
46
3139
411
1606
2953
-1
4607
3067
1452
5408
4226
1913
4142
2724
630
3139
3675
826
5247
16
3285
425
826
5433
3367
5402
5119
3139
1374
4497
5107
4453
-1
5062
5140
4664
3435
114
5074
165
3139
1036
4712
2549
2814
3139
425
472
1480
2057
5402
3139
227
785
3875
787
2650
1369
3139
2188
2196
5049
2196
25
1313
-1
1468
556
2943
3139
1011
2939
2783
-1
3139
2200
4756
5566
4945
1943
3139
1681
4332
1016
3177
1650
4718
5426
913
3139
425
53
2637
5491
1101
3139
3139
2196
1583
1557
425
991
3415
1405
2724
242
5205
4740
195
5225
1942
5354
1313
2266
650
1067
5062
4332
583
5497
3899
2057
3139
3046
4008
4998
637
826
1902
1264
2285
1307
3139
2511
3139
4226
3369
3139
448
5595
4584
1168
583
3370
2983
1821
1203
1101
524
4718
5736
4032
1821
5178
2285
4497
2196
3139
391
425
2196
1854
3122
2236
3139
1535
4455
3781
3865
5076
2724
5062
5166
5472
3139
3139
3592
1049
267
2762
1214
1307
5402
4455
5402
2196
3367
5587
3139
5362
3139
1894
957
2949
301
1915
2148
1313
3139
2196
4740
4689
4211
5380
3509
425
1568
526
937
4192
5436
932
195
5491
3696
512
3617
4006
2156
4722
1957
4142
-1
5205
4978
195
2196
1313
1044
464
1363
760
1339
5507
57
1504
3688
3123
3139
5028
1054
16
4584
1588
2882
348
2762
3139
16
5461
3485
3139
3139
1168
5062
5223
4698
3139
3688
1642
2390
5667
3136
4032
3286
2196
4785
1178
5271
1298
2285
4463
3621
5402
84
3495
1134
2462
5402
5254
5402
5448
3107
348
5090
1896
21
760
2196
3083
3123
3236
4113
2762
3308
3139
3139
1110
3308
2762
3768
1307
1616
3260
2949
2328
2579
3820
2285
792
2055
2714
2196
1425
2041
2569
735
5633
1638
1650
1429
2200
227
1953
753
3139
4975
147
4795
1071
3317
2122
1054
2515
1178
940
161
1800
5001
2672
5049
3377
3192
5660
1297
4226
4032
5398
923
2724
1134
3965
2196
1452
5252
3139
2055
4038
2232
4401
4537
1608
4768
3139
4527
1902
1269
1369
2443
1168
2024
5205
2724
3139
3415
571
5176
227
1168
3621
1363
2390
2724
3553
5587
3396
2773
3139
1601
3139
5059
5280
3291
2196
3495
443
4777
5402
547
3139
4039
510
3367
4591
1601
1042
1842
1178
2196
3139
2041
3139
114
2195
5411
4966
594
2724
-1
482
2629
1902
4226
5616
5062
947
425
785
3139
4630
40
3139
59
425
1942
3965
2196
4784
3139
3369
5493
1601
2787
1429
1178
3300
4712
25
756
1061
2818
1455
2285
3552
2196
4226
425
1385
1405
1586
3139
1230
2762
-1
-1
3139
5062
1429
4945
2357
804
5271
1536
1159
2196
5402
303
425
3308
2697
3139
3139
3910
4371
5362
4432
3139
5107
4207
1588
3324
1650
114
5087
1363
3514
425
3139
1709
5002
2138
2892
25
285
3139
2960
2177
5584
1197
5022
3655
5028
1355
4815
2196
2390
2762
4034
53
248
3139
2836
-1
1650
1042
1345
2882
833
5062
425
548
3139
5049
3026
4432
5087
3324
2285
482
3139
5671
3139
-1
220
1601
5190
4342
3139
2047
3279
2566
2421
2917
5340
3721
5062
2442
2196
3139
4034
2420
904
1824
3367
5518
5285
3139
1297
5380
2882
1601
1475
2962
1298
2196
3495
5371
1016
5232
1195
5271
25
3676
3139
25
3139
25
25
4771
5441
1427
2917
-1
3139
695
2390
2200
3856
3139
1405
2134
2196
1309
1028
5402
4202
2285
5254
2697
3139
5254
2934
4771
5271
4529
907
2376
1601
5241
556
5475
5748
1385
3139
1601
2196
4633
4142
5491
1354
4371
166
-1
1136
-1
4878
3367
1506
3592
2267
5576
1203
4911
41
5234
3139
2390
3945
3139
4763
77
-1
5665
3139
2311
5426
4232
1178
512
2057
425
4479
5254
4654
664
787
1680
2619
2882
2762
5062
4142
-1
3283
1028
3139
2057
3818
25
1339
2882
2196
2762
52
5049
3139
1961
3170
5672
1238
2615
242
1821
5692
1160
1298
723
2196
1361
1606
1452
1122
2569
3800
1204
1465
512
4373
1101
1800
957
4802
3139
1495
3139
5411
56
951
5133
5396
4966
3139
1965
3621
3139
2196
991
2822
4945
6
3308
5214
2196
1313
99
1601
25
3415
3139
1945
3283
2825
5370
444
3139
5191
3139
3139
4411
-1
5402
2354
1339
2122
4763
5384
1672
3308
1717
5451
548
5362
5540
3833
1480
4626
195
993
5364
1185
5402
3495
482
5122
3620
25
3139
135
2156
2369
1044
227
5595
1112
826
3291
3936
5402
5402
232
-1
3107
2903
3139
2196
787
5156
275
1902
66
2724
3139
2903
104
554
3139
2768
4720
2196
3139
2195
227
5062
3688
957
5714
3770
4768
5254
195
5402
1957
3139
353
3046
3535
4028
992
957
84
3750
363
1044
1429
5028
4479
2189
5313
2196
1966
1134
1902
-1
1902
3256
2308
25
1452
4158
4555
5713
1238
2200
1998
2390
957
1206
3965
581
2960
4826
4814
5210
2958
5476
5610
2548
1363
2640
2285
2773
3139
760
3003
957
2724
1397
735
5271
3139
2196
2196
2699
275
3139
25
1583
4400
25
2906
2724
3139
1664
1003
3139
41
882
3136
5172
2122
558
1176
3308
3641
785
227
1124
4998
2021
3139
-1
5713
2615
3139
4875
1405
1307
3139
3139
3139
1902
2209
1161
5664
3755
2196
2195
5229
978
1821
5340
1902
695
275
3139
3796
2196
3667
834
5109
4945
3621
4078
5402
1054
1821
275
2736
2196
2196
3139
2808
2376
2950
4332
4584
2390
25
227
725
-1
1606
1429
2939
5241
4975
2640
3308
2679
2338
3393
1586
5587
5056
4356
3139
1245
1601
3495
3380
1692
25
1672
2196
3139
3009
3139
2934
552
4998
1917
5741
-1
2196
2390
3139
3003
1117
5576
5419
-1
2047
1465
2146
2939
5545
147
834
1452
785
3139
2474
3655
1824
1363
3641
1892
391
3308
1168
3139
2057
705
4603
3195
2196
2285
3330
1821
-1
1692
3139
1639
4767
5590
1178
548
25
3139
425
5062
3570
4503
1722
2835
1168
912
1756
195
4617
4763
16
5695
4959
2047
3415
5049
2597
4432
1178
5254
1313
548
4798
4188
4397
5491
3139
5049
2609
4713
3139
515
2196
932
3139
2640
4142
-1
41
3107
4956
3139
2787
1044
5587
3139
2836
1598
269
1722
3139
1374
2822
3139
2390
3781
4768
3139
5112
2196
1313
583
1355
3676
3621
735
5402
1605
681
4135
3139
5241
3843
425
-1
165
1061
3139
1606
4633
1408
3463
487
2196
5402
2102
5049
4142
2025
2884
2115
3139
5402
2285
2196
1044
3688
2762
3439
4125
1601
681
3495
1504
3957
1134
285
3139
5506
1264
1429
5196
2882
5576
4689
-1
1699
3496
2762
425
3051
1821
4712
2367
3780
1269
3768
4255
1028
3590
248
3139
41
3139
3003
2189
583
2776
2569
5491
3139
293
3139
-1
4032
3574
25
1112
3139
1324
1298
195
5665
2762
5402
2196
957
2714
2493
411
4226
4327
4158
4945
3139
1016
1313
992
3139
1601
548
1650
1307
5713
2196
4492
2416
2999
5566
1448
3937
4041
4846
2177
3439
2380
-1
5132
3393
5587
-1
5402
1615
3676
1359
1699
3139
2762
5595
2196
5606
4900
2390
2196
3107
5442
25
1650
4721
2762
324
2943
14
1916
3250
2934
1185
1363
5402
4792
3107
2357
1134
1695
1307
907
3150
1943
594
2561
2710
3936
2109
2024
2996
1800
4228
1313
5158
5076
4087
1568
1363
353
1554
5283
3367
5402
1298
16
3139
5062
1652
2311
4453
5362
2787
746
4371
2934
5402
1298
3641
1110
1313
5402
-1
4201
1902
2614
3570
425
2700
717
4289
5062
227
25
1203
275
2196
2196
3380
1237
3621
1203
2196
2019
425
875
5402
3139
5637
-1
2703
2003
3139
2196
4584
5426
4415
689
1044
540
3139
2196
172
5547
1966
2045
3260
4962
3139
4273
747
2489
1168
4768
51
5481
2184
3139
5595
785
273
3933
3003
5643
1980
1636
1843
3259
4321
425
1601
3495
4039
2196
2762
2882
3139
356
3139
215
25
2569
5590
2882
2762
1650
3026
315
425
2196
4162
4859
1821
5049
3621
3308
5158
2196
238
2666
1244
2907
1533
5028
3279
3759
25
4039
2724
4584
1850
2825
3139
2311
4558
3139
4768
728
2762
293
2383
2882
2383
1381
195
1861
5522
4007
5280
2615
5028
4791
5649
-1
283
1455
5402
1436
1576
5313
2354
2369
3592
4294
4252
3534
2517
-1
-1
1429
5112
4100
3139
2623
3868
3139
2762
1203
5402
3139
3139
1260
5587
4529
2189
2710
156
405
12
2196
1943
2196
5313
3139
5053
1307
3051
1298
2056
1187
2196
246
2649
681
1583
2731
3139
1407
3107
425
1363
2762
3139
1185
425
3139
4444
3139
2390
1054
5247
4581
-1
3148
1664
5062
1759
1410
2390
4492
3139
2377
4200
356
4868
2134
3139
5349
5242
4595
2024
2390
3139
195
5566
5567
4805
2285
1134
3641
1230
1795
4007
5590
-1
3621
4142
425
4039
1298
4499
2979
5062
3139
1285
2285
3402
5094
1583
3139
1821
5053
1379
4999
3139
285
1178
3139
348
1601
-1
1249
2196
4075
1031
4815
4388
2435
2762
3409
1482
4960
2882
482
2762
4142
5119
1650
487
3156
2723
5320
1650
-1
957
1379
4453
1575
5049
1601
275
4255
5062
5587
425
482
2196
432
3139
2787
2285
3139
3324
1298
3026
3139
1297
3463
2055
3139
3550
650
1187
3139
2122
2200
3139
3688
969
5062
2884
1374
4945
3015
425
2762
5254
992
1468
3935
220
5062
5402
482
3802
3480
2724
1313
3139
5402
496
4158
2196
3805
1452
3272
4063
2480
1116
4381
4100
1821
425
3139
5062
3400
3641
1185
3139
2196
862
3084
4718
1298
2591
3308
5126
161
57
4188
3483
3139
810
5402
4826
3554
4028
2196
2196
4890
1178
1206
5371
3139
1427
104
2196
3052
3554
425
1902
3003
4732
-1
747
2168
2917
2285
262
5402
4598
2112
2451
5002
4273
826
5191
5402
1821
3139
554
751
1961
540
3688
5140
5062
4255
1680
2122
3463
992
2196
4289
5402
1313
3139
4142
3190
1110
3400
5085
5425
2357
1298
1583
1872
3139
581
347
4664
1957
1110
3509
3396
4007
1054
1307
3123
5672
2762
3573
1842
3139
391
413
5062
-1
5567
2509
5402
-1
177
5402
4768
3912
129
425
957
5062
1536
5133
5402
2196
25
5249
4599
2762
5419
1184
760
1016
2319
4032
5402
1313
25
2762
1482
2285
3139
3875
4999
4154
4692
2196
4622
1307
3139
3395
5049
5397
165
275
5308
464
785
3875
3287
147
2096
3396
3139
2993
5671
3887
4481
957
2714
4966
783
-1
4403
5570
5402
1298
5402
4371
2226
3139
2376
3771
1760
1800
2196
4371
547
2196
1482
5062
3139
2882
5524
5402
3139
2200
957
2948
4484
25
2284
3139
1939
-1
2569
425
5062
2383
2200
3139
4434
3139
4998
1159
5402
3057
195
2196
2047
2574
2196
5402
3139
4768
4609
3095
4794
16
5050
5133
3139
3139
2714
16
2196
25
1429
1601
2785
1920
1044
3463
4000
1206
273
356
2041
5421
4005
4007
3139
5402
3688
1496
-1
2034
2615
4619
2934
5547
4226
-1
4289
2064
1234
2818
5011
1794
3139
227
4354
391
3269
4358
356
3139
5049
1966
5519
275
2200
3139
1546
2003
1429
6
425
5234
63
3501
1601
4371
4335
4109
2196
5402
5697
4632
2196
425
3450
3139
5491
957
25
3039
3139
3931
1178
1178
4884
1560
4056
1598
275
227
5269
2173
4649
1313
5049
839
967
3865
1638
1861
630
2196
1313
3139
4641
4202
2135
4712
2196
2196
2474
3427
4538
1429
2129
4868
5414
3139
3139
3139
195
1019
3139
3937
2196
3139
2548
1699
3608
2196
4032
4945
4096
425
1313
4226
4945
4611
1650
5647
4770
356
3139
3380
1821
1825
3846
23
3139
1016
25
-1
195
3324
3139
4966
4139
3139
5412
3240
5402
3924
432
4188
4771
3139
391
1958
4202
1601
4492
957
3393
5507
2129
4803
5637
5310
1407
5371
5714
2390
2948
5356
2616
5195
1902
2390
2196
4791
-1
1044
2724
1798
487
247
3621
1420
2285
756
2703
5166
3162
5442
4853
2196
5402
5636
2189
3227
2773
3173
3139
4158
3250
482
1601
3139
3139
880
5233
5414
1307
5700
3419
425
3570
2409
4158
2835
220
5271
2762
4768
1821
4181
3422
3139
1601
2267
2196
3308
1831
2196
2267
3139
25
425
1407
3139
1157
3495
1313
5402
4056
705
3702
5714
912
3107
2503
2630
4720
25
2196
1082
3139
147
4890
1178
1917
23
2880
5545
2196
25
3842
4945
2196
4712
3139
3291
4442
1561
3841
2762
3139
1479
3396
3830
4700
1821
1344
3468
1945
4202
4432
4255
548
3139
425
3139
5062
5426
4516
25
258
-1
650
3931
458
3560
3931
25
3934
3139
583
753
2832
1178
4142
1601
5579
4202
2961
1354
2285
2666
2196
3195
3139
2531
3003
2696
4026
1902
4142
3965
-1
114
1756
1821
1028
2710
1699
5426
1601
3123
5356
4945
2632
425
1516
1056
1619
5402
1210
1352
2196
2196
2196
1945
2762
5402
4966
425
3026
2762
3554
2314
47
5706
425
3139
681
482
25
1429
5062
1636
630
2762
3139
1397
2890
2813
787
5313
1902
3139
1620
5402
2196
3370
785
810
5402
3139
5068
1313
5062
957
2472
909
2762
3139
2762
3057
2934
630
3139
2196
3250
25
4884
957
5402
4487
227
2057
1016
5271
607
1307
5402
1269
-1
4827
41
3308
3621
25
991
2196
5440
3139
2042
1203
3396
548
2637
957
3139
-1
2196
1313
2196
2697
3796
3682
3796
5402
1298
195
3980
4978
1410
1699
1238
425
1821
4626
485
937
3139
5402
1452
126
3139
1586
3507
3554
3806
4763
4689
243
285
2515
5112
3621
2762
2108
3139
1230
2188
4242
3241
5402
2196
4028
5362
1152
689
3823
4598
5154
1117
3139
1728
1769
2196
4599
3139
4777
25
348
3623
5402
5133
4890
2122
5097
425
425
5413
584
4397
195
5387
2787
2825
4771
3139
4099
1385
1313
4479
650
3725
5062
650
4192
787
4432
5404
1178
425
3581
1798
5402
4607
1638
2515
1821
293
3139
2312
3139
183
3139
1601
2917
5587
5402
3139
-1
3535
2285
3086
3621
195
3641
2196
1313
396
25
5234
1178
5570
21
5527
2825
3306
258
5402
3139
1468
4082
3139
2906
3139
1821
3139
3190
785
1465
739
3139
3909
3342
2574
5402
5271
630
2196
1429
1643
3139
1238
185
5200
1307
3308
1646
2330
1606
957
5402
5049
5062
3139
3370
2196
4771
2787
3139
2196
3871
1110
3139
1318
4444
583
1965
5402
5326
5313
4026
3332
4034
3370
3139
1821
1536
-1
635
3139
5271
4311
1957
4951
3487
3139
2135
427
3495
425
3139
5050
1300
4737
3139
1044
2000
1796
1044
576
1429
5049
3330
2615
5426
1796
5205
3495
3676
4011
1625
5697
541
951
1429
5371
2196
5378
2285
2021
1044
1800
1601
1635
3139
2729
4712
3017
-1
3107
3139
2196
885
3399
5491
787
3151
1185
3063
3139
3139
258
143
1203
4792
147
4768
1178
425
5402
494
3139
5433
866
4032
4762
3139
3190
5551
-1
3148
3139
5346
3495
2041
2908
425
5491
3139
5426
92
4503
2762
2196
347
4007
227
3897
3976
2634
3139
5714
-1
1472
4883
556
1681
5714
3139
5133
3657
3139
1447
4096
-1
3139
-1
4584
52
3139
425
2474
2940
227
1283
1044
5062
5062
4192
425
3139
5739
305
3072
1333
1095
3107
1313
2071
2619
4713
1619
1307
1821
5402
1238
866
4255
1044
3139
3139
2637
5402
2266
2911
1681
4332
1449
1536
3682
3139
2934
23
2882
1429
3370
964
3265
5356
698
5062
5706
3554
2055
3139
2177
2220
-1
4815
521
3139
3584
1527
524
2762
1429
25
3139
5313
1800
5402
4945
3924
3139
4218
5402
3061
3766
1821
4255
3707
3139
265
482
5062
425
1240
1285
5402
1504
227
3139
4100
1178
1307
1044
3139
4287
336
1016
2034
3139
2190
4966
2196
4951
1313
4438
4497
3139
4693
2666
4889
1168
2517
3688
5112
3623
3415
5628
4158
5623
3139
5402
632
411
957
-1
2196
3139
2882
4455
2762
1313
225
2196
1168
2231
1107
3139
4226
5695
3139
-1
2009
5132
1529
1222
1298
3139
399
2517
425
4584
425
2196
53
3139
129
425
2950
2285
5735
4280
806
482
5062
1178
3427
3490
4158
1650
1606
1450
2376
5402
3139
4698
5049
1073
3380
3993
5402
-1
2868
2456
3736
2189
1110
4411
4226
2082
3592
5402
2226
3139
4107
2762
5595
3139
3139
2762
5087
1821
1300
3139
3573
2200
630
5402
5587
1542
1178
-1
5133
3139
1742
2146
3139
3086
425
5402
2762
1354
3445
567
1185
3437
1269
1680
4371
5192
2196
4465
4342
1800
583
1307
1161
258
4329
4890
1095
2122
3139
425
4158
5014
3139
-1
3139
957
722
1692
4071
25
5384
2196
3641
3495
3139
4162
2762
41
4849
5156
3788
602
1452
4438
2196
3616
2327
3796
1207
4978
3966
5313
3139
5064
5402
1916
3148
3768
1583
2189
1595
3139
1766
4200
4158
2200
3139
4233
102
1310
632
1769
2510
3342
5402
5244
3139
25
1699
3240
1350
5402
443
1821
3580
3308
1044
3689
4762
2863
2196
3308
806
2380
3509
3139
2614
5118
2032
227
2205
3139
1767
583
1504
719
4891
3139
4999
1440
908
3139
3487
552
876
3174
3139
1672
638
2630
2196
3685
1154
3139
348
3067
2566
957
2285
3139
1313
1396
25
2196
1429
789
4278
1197
957
3139
2196
1401
1699
4190
2762
1966
3086
425
391
5587
928
482
957
3162
2882
3139
4897
3139
4287
909
4297
1016
3139
2285
2122
3325
1180
1722
-1
3139
1184
4287
4493
689
3190
1238
3870
3367
5402
1429
3139
2830
2762
2196
3463
425
3139
4739
1206
3139
2135
5669
946
3367
992
1313
4537
2787
3139
2196
25
5062
3964
1298
3139
3139
5528
1638
3909
2196
4720
2196
4034
482
1285
3675
25
195
1588
2196
1313
5671
4708
4289
1168
2787
2762
2911
923
587
2376
3139
2714
5405
110
1866
632
2200
2440
2369
5062
810
5538
2536
3287
1193
1953
3485
2783
242
3982
3621
1003
3139
3139
195
2592
3649
4039
4192
3139
118
2196
3285
630
5671
4600
4978
695
2828
1429
548
5062
5538
2697
2637
5050
425
1945
4032
3139
904
2102
2658
5241
5402
2510
1800
3139
365
1312
2260
-1
3291
425
5062
2382
4600
3139
2733
3432
246
1425
241
-1
92
2630
4471
2818
5497
4344
1429
2776
3964
5426
1796
2787
1178
4718
5178
978
3098
2840
4815
1945
957
3657
2787
2019
3933
4889
1385
923
3139
3711
2378
3801
2630
2603
-1
2196
3380
3015
1504
3842
4998
3139
333
369
2338
3621
3083
5702
2267
2882
5402
3107
3775
3289
1178
3139
3612
5402
2941
1157
4027
3139
3139
3833
3139
3909
5087
2016
2762
3285
2196
1429
2269
2830
4803
3139
241
275
4555
-1
1717
5062
4322
1130
189
5402
2024
5172
4966
5076
1440
267
3555
2196
5402
1764
632
3495
2744
3139
1313
5673
1601
3139
5269
3139
4686
3711
1598
2102
3970
1601
4007
4371
122
1429
293
1298
5280
3289
4220
1175
4966
1298
1420
5158
4621
1943
4859
835
195
2763
3139
1601
640
5280
5336
25
4226
3688
-1
5456
937
2971
2369
3139
394
5402
5132
4499
425
4371
5587
4945
5226
1290
2003
1429
5028
3641
3554
16
285
1598
4096
1601
177
3931
5112
2697
2630
21
206
966
5402
5370
1991
2045
3139
3139
1664
3139
5402
912
1238
1450
3046
4488
1313
405
5402
1297
4966
2393
2489
258
519
5172
147
3018
4960
2196
1178
3139
5202
5526
1016
3865
25
1699
1183
3139
5247
3139
2762
4444
1134
1945
425
3980
2382
3623
5402
2917
5665
1170
1016
5590
2818
4762
2480
3139
2934
-1
2714
-1
4768
1549
3139
5028
5132
2296
2657
4455
5349
2196
5096
5671
2390
4131
1517
2767
5239
3818
25
4976
242
5653
5402
957
3139
92
681
1273
3099
25
964
1339
2057
4058
1044
2196
2196
-1
3676
5449
2285
1776
3611
5402
2188
1363
5375
425
4287
2152
178
1313
2380
2510
2285
5271
425
2415
25
3139
5402
1933
3971
3945
1680
4359
3140
4966
2571
992
2196
-1
2489
338
5633
242
5062
1269
3682
2196
1159
5402
47
1945
25
135
3833
3676
594
1506
880
5419
5616
425
3608
3875
932
3197
1143
2196
1440
5238
2825
3876
3496
2285
4444
4226
2196
3676
3308
3416
-1
16
491
4966
1424
285
3139
3139
4434
1966
3003
2783
195
3139
1468
689
1892
3676
-1
1821
4154
4945
4070
1230
425
3650
4877
425
2882
3308
3139
1384
1673
2354
5402
348
3072
623
3139
2196
1794
2196
-1
3655
5166
5536
1313
3086
4407
1379
-1
6
1178
2241
1014
2911
5595
1601
4097
1353
1384
2196
4460
616
2122
4158
1313
1269
3240
5062
2448
1699
3201
4771
4479
808
1511
1298
3107
2196
5551
1101
5426
3139
227
3408
3908
4407
4397
4476
92
114
3139
1249
4075
41
1650
2196
4142
3115
3107
5402
2383
3592
2762
493
4226
25
5402
3139
4097
5049
5402
5402
1916
2630
425
3139
5402
1161
2196
-1
606
5217
2138
3705
3028
3139
1320
2882
2746
425
3139
3139
1054
5491
-1
2943
425
394
1313
3518
2390
2235
2666
1313
3139
2196
854
5402
1230
1280
3485
2196
2196
5402
5112
2882
912
5062
2825
2884
2787
2200
4706
3139
3139
4720
53
2882
227
1406
3026
4326
3655
4690
2196
4093
1183
3641
2268
4960
5356
5402
3139
4484
2071
1044
2122
5671
4595
25
4057
1601
5402
5554
5062
2071
5064
-1
1637
1404
25
3139
1429
1625
3183
-1
2196
2196
2434
1826
3139
1598
5178
482
206
427
5003
2196
390
41
2440
2370
2440
4791
1450
5402
5062
4096
5345
3139
25
3936
4315
1842
2762
3139
1914
5411
1313
2196
425
1159
3676
1945
2196
5497
808
1313
223
1615
425
3139
3139
4230
964
2390
1178
4202
425
5280
59
1821
5062
1110
2364
3841
2285
532
1821
348
-1
5062
3332
4344
4162
425
3300
5616
2762
3139
-1
4660
73
1311
1159
25
4584
3139
2724
722
1242
957
5402
5402
4890
5402
4945
2200
3139
5402
1606
2882
4646
25
143
485
2196
957
3139
1184
4032
482
4945
5402
5049
1902
1931
1253
2285
5062
3139
2130
2570
713
2762
1429
3139
2196
4889
4038
4371
1517
2825
4945
3495
5096
482
565
-1
2196
1821
3139
1269
2945
2882
4966
4039
3804
425
425
5454
3139
4152
1298
4611
3139
5140
1054
3495
1313
1646
3162
3139
957
5402
5362
92
5062
5671
5313
2055
3880
2200
3046
3842
227
16
57
4034
4162
3641
5050
2637
25
4883
1712
3688
2655
348
957
2196
2515
3240
5140
3139
3139
548
3139
1313
5554
2115
1307
3676
3139
1269
1362
2196
3267
648
1664
1776
3041
135
3610
3623
1465
4008
5250
4200
2476
3072
2591
4599
3875
632
2075
4633
-1
4344
227
3139
3267
4559
5087
227
1601
2572
5590
3139
4484
1966
2787
3363
3833
2195
52
3345
-1
25
2196
425
425
1821
2882
3838
1168
746
2714
2196
3279
2196
5470
1197
3086
3139
2630
2934
2196
2152
5287
-1
1090
1313
957
3238
485
5497
25
3487
2619
1601
4499
3139
2196
3139
3057
649
2196
5109
285
3139
4005
1588
4273
1861
558
-1
1016
2241
1363
2196
3139
4388
865
606
357
1298
4061
4584
-1
957
5385
425
3010
2282
1680
2285
3367
2196
957
1601
1049
364
5111
3573
1184
3139
2950
842
2638
5402
4704
5544
4158
3139
3662
3704
2196
5402
4720
1298
3053
147
2196
2645
4371
3139
1601
258
2943
4202
425
1044
-1
1145
1514
4002
3139
4801
2480
205
1305
2122
3509
5402
4255
5038
3308
1475
5402
2711
1606
1178
1776
4718
5587
5402
2615
2882
425
3139
2269
4743
4039
4878
4007
1821
1180
4432
1369
5540
25
1664
425
5133
5506
2285
1232
1814
3139
2071
2149
3707
880
4255
3139
3139
975
3139
1664
1044
743
425
425
5254
4373
3569
3139
664
2943
4787
3240
195
425
2196
5077
227
2569
3119
4378
3300
3074
5672
5156
5236
1203
2934
1083
3641
3995
852
3139
1379
2564
3349
3241
2196
1
4889
3139
25
702
3521
63
3026
4158
3139
1979
5050
5117
2443
3139
425
2316
2724
1178
1699
3139
132
1902
2548
1313
380
2882
2524
2196
3592
4626
5481
5446
-1
4359
4497
4142
427
5538
1044
5402
5609
836
2670
1032
2057
12
1313
3931
3139
2056
5402
4777
3108
1468
2630
3676
-1
2480
934
2196
4255
4196
4966
3139
2637
689
2200
5049
5380
2762
993
3139
5491
1363
2196
1206
3139
3095
2196
285
2196
1429
1794
2184
3781
3139
2196
1313
5520
5241
482
2842
482
1044
3414
2440
2196
1405
4371
1333
3072
427
2016
3696
-1
5166
5132
3139
1324
1342
1032
1178
5402
5402
1980
165
826
1902
1178
939
4777
1583
5076
5250
2390
303
433
2196
1546
1307
1490
4039
4344
3003
4713
2285
227
5402
4007
2285
4492
1475
1945
5238
1297
227
3139
3190
2882
3621
2196
1305
2160
1350
1468
2196
1507
4282
3496
5202
648
957
-1
5341
2071
1601
425
1429
4889
-1
4774
-1
3077
957
1619
2583
2948
2196
5402
3134
3139
5062
638
2196
3139
3396
4877
2196
4561
3139
3554
5140
5402
653
2390
5733
5401
5673
3139
823
3667
3863
1307
5401
1725
3139
1161
4005
391
3676
2243
482
2122
3123
5062
4685
156
391
5028
1916
3496
5062
3139
2196
4158
3370
482
482
25
3846
2148
1924
4762
1313
2834
5022
5714
2196
4925
195
3139
832
5087
4503
1826
1717
425
2196
4762
2762
5132
3139
2281
3139
3761
2474
3422
1044
2196
2196
1902
1650
5022
4255
487
883
195
4133
2315
2196
1966
25
5062
5132
835
4763
3492
3003
1082
4966
5119
5270
2268
4792
5664
5673
3766
2135
3139
293
492
2196
2724
3803
2071
5590
293
-1
1168
3439
1940
5494
4057
5271
1253
1575
5271
1188
5728
1371
5403
-1
1253
2383
1101
5459
2416
2679
4691
4771
5172
5688
4712
1879
3139
1945
4202
540
3937
1699
2285
2615
2189
2196
3139
4434
2196
992
-1
1298
4417
4484
3139
835
5714
2615
2882
1568
2770
-1
482
3139
425
4038
3787
1450
205
4217
3555
3380
3495
681
425
3139
-1
1183
3380
4808
3778
4771
3134
4599
-1
3655
4771
275
1452
4314
4142
5061
634
2941
243
2447
3298
5402
5037
3139
1307
3139
2412
3139
3996
-1
1313
1664
1012
2390
2934
3139
41
1180
948
4945
1991
5287
2196
1264
2796
4777
2056
2953
4645
506
2939
3139
2623
4945
95
186
2934
1933
195
3367
3139
2196
5178
2295
3139
2196
4373
2724
5402
2473
5031
5419
5062
5062
5038
3555
3139
548
653
3285
787
2196
2285
3104
785
1462
2671
425
1429
1601
391
425
3139
425
3139
3264
1307
4712
227
3139
2122
2438
2723
2872
1374
482
3846
2196
2895
3072
1692
5049
5165
5102
3139
1044
1965
3139
2296
25
3139
3485
612
2200
25
3499
2724
5414
3946
3139
5241
2196
2480
3308
2196
2380
1429
5271
3139
1044
3611
2196
25
100
1157
2285
3140
375
2762
177
1307
2011
-1
1516
5402
4039
275
3682
2880
3937
3139
2057
3142
482
3744
2196
4792
4632
1703
1313
1307
220
3721
947
4125
2733
3590
3308
638
4142
3345
3139
2311
3003
4774
689
1966
4226
3806
3139
3139
3289
1699
3139
5402
2055
1244
5247
4255
4371
5514
3139
1044
581
4255
1404
1598
163
482
2640
4347
1821
99
4086
1044
3139
1480
3139
1042
3139
3139
3139
630
2096
3139
2515
2770
3139
3139
1750
3944
25
3767
1054
4998
5742
3139
25
2961
482
1054
2762
195
1298
1941
2818
2407
5475
1429
2383
1650
3139
5049
1506
1331
4884
2762
1692
482
3107
5238
957
4158
1504
809
25
1307
485
391
5362
5049
227
5254
5273
4007
1717
1157
4966
183
2357
4564
1452
4471
4982
2269
4251
1514
4293
1307
2882
5402
5402
3367
4315
4966
1230
425
4746
4431
1298
2911
2703
2196
203
3139
5587
1312
2195
-1
992
3139
3886
1821
740
2196
1584
301
2196
5402
1168
95
4202
3920
3621
2645
957
-1
241
138
3621
2531
-1
1374
2294
2196
3976
3139
4048
3552
25
1598
5340
4808
2593
1340
5421
5656
4039
1019
4158
4633
2383
1313
1160
425
5521
2787
3139
4282
5218
135
1003
3933
1307
5062
1307
1429
1203
2382
3150
2630
25
957
581
846
3139
1178
1185
3139
4432
52
1842
3139
3139
3139
3521
3881
4081
1405
5087
5062
135
3139
2733
4945
25
1269
5402
3139
4998
2787
2196
3139
2462
614
5402
4983
3139
3211
2285
4053
2196
2196
1625
2084
628
482
5062
4278
3495
1160
2196
3003
5271
4497
3240
3139
4860
3139
810
3973
23
3139
3573
51
1028
4041
5402
957
3139
2196
1206
1769
3806
-1
4181
418
1180
4207
3139
41
2475
1861
4202
3139
1601
1601
1298
425
909
25
4998
3139
4039
425
5236
2519
5402
-1
2196
5402
4158
785
4158
2517
3139
425
3240
1307
5712
2196
3139
2196
2196
25
3468
186
3554
1134
4255
957
1440
3108
2184
2196
5062
3456
363
25
5587
5280
805
159
2940
3110
1943
1606
2057
5362
3139
1742
2209
5414
5375
237
2998
4432
1821
1706
3139
4705
1160
1680
5241
2196
3139
-1
425
2056
540
1298
3869
1350
2986
3570
25
3028
1275
57
3980
4514
1307
4945
5062
25
1830
4057
4658
425
3676
482
4026
2619
4181
4007
1465
57
4005
2196
369
3139
3676
1307
1183
2762
5699
3139
4373
2196
4497
4444
2328
4664
5554
5402
4497
227
2416
1429
2856
836
4762
-1
2196
489
1436
25
2940
3621
5405
2135
1342
2582
1579
3139
3887
923
1313
3283
4890
4162
2412
2984
2330
25
993
3308
630
5402
1049
3881
3487
2285
2390
485
2052
5326
4599
4998
391
4962
3003
4720
425
4125
1814
4945
4986
1891
1506
1699
5107
1429
5280
3326
4484
2385
227
25
4890
1029
5491
1379
3139
3139
16
5254
1601
5402
2057
595
5402
3655
1956
4438
2787
1183
3641
86
1339
2882
971
5569
2794
3139
5656
4313
3084
1313
3240
3139
2285
2463
1475
5402
2200
59
4803
1342
3139
3982
4347
4371
2196
147
3139
1699
1203
4039
2946
3623
3139
753
4315
1392
2196
4097
1429
5177
4569
2882
5402
227
4075
3875
2196
4896
1160
4158
3574
2950
3139
4951
5402
4265
3139
4255
2285
1298
220
3139
4718
4326
3139
1152
5202
1829
1286
650
4521
1601
409
2196
275
5156
5028
827
4718
1957
3003
4713
5671
1475
1650
2196
-1
5576
5590
25
787
5695
227
3139
2998
3641
4202
5062
3139
4002
4087
2200
3053
785
1168
1429
1429
1650
3003
3139
3139
5587
4029
4990
1092
5538
1307
1945
227
4063
3240
5743
1340
1095
2260
5122
923
1105
5053
3003
2200
1429
1180
1619
2882
3789
5087
3289
227
3139
25
1073
524
2383
5166
1776
5049
110
-1
5624
4966
2603
2209
5058
5062
4293
2518
1706
957
4075
1227
1244
5062
1298
348
2884
3219
5279
3378
4771
4718
3010
1168
3456
2196
1601
5402
3139
2113
756
808
25
964
1514
2196
425
4999
4212
189
1427
2196
3139
4335
3980
1253
3026
-1
5688
3861
147
2473
5402
957
3139
3507
5696
425
3107
3139
756
3668
3139
5156
5101
957
2071
843
1650
650
5213
348
140
638
3139
3139
2863
5058
147
2421
600
923
1709
5271
2102
2390
1931
5402
3139
951
1588
1460
4207
1333
425
3621
1579
650
2196
3676
1636
3772
3026
4243
138
3676
1168
-1
2882
1891
290
2196
1426
5002
1313
4039
5085
3139
4212
16
1404
571
425
2200
957
-1
3139
3621
3452
5346
4635
1619
1619
3139
1887
5021
95
2232
2125
5587
1160
5271
3317
425
957
3139
912
2643
2196
5714
5022
1313
16
5576
4827
1474
5049
5673
3805
317
5062
4966
-1
2196
2285
4053
3641
41
2425
3139
4255
110
5402
285
1584
391
4978
5696
3139
3317
425
3139
1054
242
1298
3250
3828
957
1549
3139
2122
3996
2196
5050
1171
3041
3240
810
4207
3003
1094
39
2697
3171
2390
5234
1452
5345
25
1379
2122
4273
5502
275
1054
5714
693
2021
5298
4371
2196
5362
5321
576
1269
2368
2041
2762
347
1648
2196
425
1619
425
1623
5554
3139
4442
3308
2832
2510
1650
4344
3139
3139
2249
4226
2196
5028
4713
2196
1699
2200
1601
1941
1902
5390
3139
2199
2776
4667
3380
1407
3308
810
964
5133
3139
3084
485
138
5062
5133
4162
3139
3139
1699
3554
3139
3324
301
1965
1503
5062
548
3139
3554
3139
1196
1699
1756
2882
1157
1203
5402
4583
3139
3139
5079
3139
1168
227
2372
3139
189
3139
5402
2196
1571
425
1183
937
5227
4359
681
991
1178
3139
227
2032
5402
5165
-1
571
2762
2762
275
317
5313
5402
4555
1253
2724
3046
338
3139
3139
2314
3072
787
3139
2196
3485
4222
1452
2146
690
750
5402
2196
3463
957
3308
5402
4226
1429
-1
3990
227
3139
5402
4158
827
1722
3139
4534
3139
3139
2196
2282
1583
2200
3139
5497
5671
4763
2441
3866
3139
5326
2285
5402
957
5133
1501
1980
3139
4107
3139
2825
3951
5097
4353
3242
36
1012
25
5491
2196
2562
3139
4032
2285
2666
1601
432
1346
1168
1922
1353
1313
1168
4768
4142
258
-1
2333
268
425
3139
5392
2704
4158
425
1896
548
3139
1003
3139
2515
2733
3139
2863
25
5587
2196
3139
3139
2196
957
1966
3636
957
77
4371
1298
3495
4028
3028
25
1160
1890
25
52
4859
5402
304
2934
1298
4335
5280
425
5271
2196
425
4698
4226
765
3896
4474
4287
1293
1210
1313
1601
2390
3139
2813
3139
5196
3826
2670
2666
154
2825
16
5567
-1
1942
2762
4777
1253
1312
1722
189
4561
4039
425
4158
5195
5064
2196
2116
1468
3139
1160
1305
2196
2047
3139
5712
425
5015
2383
4222
3139
5471
3139
1452
1168
59
4945
4884
5671
2619
-1
1082
648
427
25
3278
3324
2102
5402
227
5218
1117
3139
25
4082
3139
-1
3787
957
3838
2649
785
695
482
3139
1722
907
2882
622
147
5218
2135
47
5402
1427
1016
2196
388
5497
4633
2196
885
1476
3299
425
227
3308
1178
114
3655
2196
2862
2762
4005
2882
5402
304
1339
2840
5196
3139
1537
3933
4255
5402
1341
-1
2390
3011
2762
-1
3139
4960
739
1953
3676
1253
1180
2941
1598
3431
1916
178
5117
-1
5714
4712
4965
3308
1416
1902
3059
1253
4885
5062
3139
2762
3137
1429
4713
3139
4476
267
5656
418
5402
2569
4877
2196
1238
5132
3139
5653
3595
5313
3495
1054
1096
3139
425
4966
195
1498
705
1044
1180
5402
16
5587
4890
482
3239
206
2724
3026
2152
304
1942
4713
425
5061
4032
1168
1468
4400
524
4007
4889
3139
823
25
5241
2691
1363
5200
4479
4720
2830
3410
25
5402
2632
1436
2825
630
1429
2901
3412
2196
2248
2304
2039
1016
4720
689
425
650
5049
411
-1
4342
4371
3230
1406
2762
1339
5683
77
5205
638
5538
1019
5710
2080
1230
3875
5313
2285
4096
2619
425
5402
4034
2196
1706
1475
3716
2001
5656
425
3796
5062
3026
2333
4815
5408
5252
4712
497
5402
1583
5396
3772
5696
3139
425
25
2762
4289
2463
1016
2137
787
3139
2285
3139
5062
2196
304
2876
5419
1298
3139
147
2129
1800
5346
3139
2640
427
5178
3321
787
3139
800
1718
2196
3070
571
267
5062
2825
3139
3641
5402
3987
4469
4787
3830
363
3139
1119
1319
787
1230
4720
1298
3021
3139
1356
967
5590
41
3061
425
4158
1340
2196
262
3995
1429
1016
317
449
1937
2200
210
3139
-1
2146
1465
1155
3676
4200
3139
4771
5403
3086
5062
2762
1429
2416
2196
1712
2762
3139
4226
4759
1307
5085
2482
348
5385
1902
1210
165
2830
2196
5685
317
4803
2196
630
5708
1298
3139
3139
1253
1583
147
5402
95
1429
1884
2548
1307
5062
5232
1374
5049
1817
4455
2640
3139
2251
227
1440
695
3573
2196
1507
3139
3401
5656
4599
3463
4529
2200
5471
5410
3176
2285
539
227
3139
1452
2383
5402
3139
823
2480
581
425
2196
3294
2196
4777
3139
3139
5064
539
2267
1429
2724
3874
2474
-1
1601
5133
628
4792
1709
147
5402
3135
3139
1897
301
3308
4507
1269
-1
317
5313
835
4473
425
3570
25
388
3688
5402
4925
2724
1271
5362
269
3932
227
1044
1650
5442
3463
154
1452
2569
5402
2060
-1
580
1429
5561
25
3396
2723
1298
2218
1792
1397
1012
5273
5062
1180
5393
1479
5402
2911
4388
5062
3107
2566
25
2825
948
4255
5062
5271
183
2200
4280
3003
3139
2196
3162
912
3695
4993
1230
1152
1584
3621
2071
1475
4272
4032
3139
3695
2338
1152
3748
541
4142
2196
5512
4183
3818
5414
4978
12
1796
1340
1902
735
1482
1298
3495
2196
361
823
1681
1091
5683
2571
4188
5402
5591
3876
2983
2776
3806
2200
242
2196
2127
2916
4712
5133
5340
3139
3139
989
1906
275
4344
1654
5062
3139
5440
5402
25
1339
1499
4158
2311
425
4540
551
5402
4641
522
2183
785
1286
2615
1363
4633
425
1699
3700
1922
3463
4720
4040
2196
1606
5271
695
2016
482
5049
5590
3139
2762
2196
770
1185
1601
425
1134
2196
5514
3171
5422
3772
4878
1203
2943
425
5446
5402
862
4998
1601
3139
4287
3139
5554
482
258
4909
5587
4484
1354
3139
2196
458
5062
4028
5671
425
4817
5112
5731
482
2196
907
5402
5402
931
10
2262
2285
4272
3072
3139
3234
4318
3452
3139
1429
25
1014
317
220
2196
356
2196
4768
5208
-1
5156
5166
2832
1253
227
4041
5271
425
2989
3139
4226
3139
638
425
4142
425
2196
2196
2196
809
4478
2226
1598
425
5062
694
3139
-1
3259
2196
3139
787
425
2196
5546
227
2196
5402
1157
425
3139
2515
3916
-1
1313
3463
1359
2196
3139
5471
2832
3931
1313
2376
2196
3676
3139
1916
5340
1178
25
2851
5049
-1
5402
5049
2480
1909
1282
2196
3139
2781
1178
-1
2813
5584
3139
539
1984
3139
3190
5230
1326
2614
3865
2057
1924
1161
4373
425
1942
25
3796
802
3528
3887
3195
1379
3139
3909
1945
4584
3101
5191
5534
1692
1297
1178
5402
5124
5283
1692
2196
425
425
25
2724
5087
3623
5671
2134
2949
5688
1552
645
754
3139
1465
4158
5166
3676
5313
4768
41
425
2787
1178
1313
3139
2196
2615
25
4947
5062
3380
1028
4075
2196
3772
1793
3084
1060
5579
1949
526
2867
2946
3139
1681
2934
5187
195
1359
5247
1916
5133
583
-1
25
4803
3139
2906
5440
4367
5087
1082
1307
220
3308
25
1601
5132
514
425
3139
540
2200
5685
425
1450
2706
5298
425
1699
5112
3555
3077
5187
425
546
5402
5649
4149
4953
3826
3139
2196
5733
3944
165
4996
1461
3139
3238
317
5402
5402
3676
178
910
-1
3781
4070
2476
1542
1312
3676
3139
2196
5168
4521
5672
2762
2638
4541
5451
482
2226
1885
4158
304
1706
3028
4975
1180
3057
664
2380
5250
3308
912
4479
2515
3592
3139
1313
760
3139
470
483
1646
2338
2882
24
3139
2308
2196
1427
304
288
1016
5442
2570
2196
3433
4057
5719
964
1945
4200
2619
1650
25
2196
636
3772
5220
2196
3308
-1
2285
2032
2762
1902
2467
2243
4371
25
5313
5402
5326
1044
1185
1313
1119
909
3160
3139
1369
2484
4255
-1
5402
3139
1340
425
5402
57
5172
1285
5402
3151
5087
2350
2196
4455
5671
2569
2762
2196
3763
4768
5053
1230
258
206
1902
1313
227
4158
2148
2762
3139
5061
1821
3676
485
1568
4311
1465
1966
2149
4174
4242
35
2196
880
5471
1134
3308
1016
1429
3676
2787
1244
1966
4332
5402
1168
2196
2196
3676
3139
648
338
4158
3139
3139
1583
1728
4945
2962
3139
2200
757
5104
5402
2116
3028
1813
915
1313
425
3628
3139
5371
1664
2869
5714
1168
1044
2196
3139
1650
4131
2196
2615
4212
1269
2068
5049
1203
4777
2188
5702
2196
4698
540
5402
2116
2196
2882
3046
336
1405
4344
25
4442
2196
25
1548
3518
923
1475
4212
4294
425
2196
5238
3139
2196
3067
3570
5633
3139
25
2196
957
391
2200
3139
450
5657
-1
391
3300
482
1313
-1
1298
2605
3139
3724
4358
2196
2548
4046
1300
1896
2390
3139
3160
4720
21
2440
3139
978
1363
716
1016
1601
3931
425
3139
-1
1601
425
2718
2420
2196
4028
2813
220
2091
3046
4484
4945
3139
2762
2383
4947
2724
4890
1003
391
4212
5449
4604
524
3139
2939
1271
-1
5402
2207
5133
3275
5109
486
482
985
3139
1313
957
3139
4713
2395
1358
3367
4039
5402
3139
3139
1699
261
1756
3573
-1
3139
5133
2298
1044
2653
3139
2196
1407
25
482
3139
5402
425
3139
57
600
2903
2552
1358
632
304
4400
2762
3139
2060
1230
4142
2148
25
1636
5028
2142
261
3573
3370
3139
4032
25
349
177
3648
5062
3139
1038
526
4855
425
3931
482
2116
3139
5133
2285
4493
2188
425
5402
5543
4400
5576
2196
5402
5402
2762
2830
3139
1583
2762
5402
4605
3592
1813
2127
3139
5049
1650
4273
1110
425
4131
25
2333
1922
808
760
4954
1255
25
223
1131
744
1313
1699
823
686
1185
1482
482
25
957
-1
3521
5402
719
3176
5402
1028
1095
2762
3139
3772
5402
1307
2863
705
2724
2238
3931
2876
339
3830
3139
3139
1429
1561
5271
2762
5679
722
1139
4045
1129
2285
2085
1945
3933
1014
5708
3139
25
3509
2392
2640
1583
2196
2122
3603
2196
2191
5049
4488
425
4771
4133
5402
5402
4039
5271
3367
494
823
2762
5292
783
1339
3139
3015
1800
831
3139
5062
801
25
5735
957
632
5156
3139
3139
2196
425
3139
3139
482
5742
1756
5402
2196
1800
4371
1557
1253
3139
2164
391
5049
2196
787
1601
1003
1363
140
957
3139
1206
3822
586
1210
2164
25
539
227
1470
5396
3308
5679
2693
3139
1699
4280
3139
1475
1429
5104
4291
3308
2122
3139
1374
3101
3139
1185
2689
2762
5402
1619
2762
4890
992
12
2520
5426
2435
5385
4142
-1
4005
4057
1352
957
25
41
399
4488
1203
2852
425
1958
3139
3139
34
2572
1032
5671
25
2896
1358
3308
2196
2196
2311
3139
1450
3139
2882
3026
3139
348
5671
1989
2221
2196
4868
3360
3401
3139
3139
3871
2480
3139
5286
2762
3139
3875
3139
5671
4344
3139
3654
5362
425
3139
1499
5702
2480
2440
348
3139
2451
3139
3396
3139
1406
4945
5109
785
4060
2196
1776
1650
5049
172
4374
2129
2380
394
595
2014
3139
2285
4038
3139
3308
706
3139
2060
2196
1342
396
4700
3139
1670
5641
3676
1812
3976
2762
2853
3240
2462
563
425
5236
25
57
3139
2625
2196
4878
4222
3463
5714
2285
4986
1313
3139
5695
4400
3495
3139
2574
5402
4142
2196
1356
1429
3139
5062
4166
3495
2200
2530
2196
425
1120
16
5402
2196
2196
4026
317
-1
2960
49
5161
273
179
3139
3139
5720
1339
2910
957
3015
1943
1706
1294
25
3554
5022
25
5156
3981
391
2016
3139
5402
1729
95
1374
1413
3139
3880
4420
4945
5402
2196
2619
787
3865
5320
746
2196
1297
2196
1307
2196
425
583
951
2196
2762
2943
1210
2196
1168
1699
5742
2196
-1
53
1796
4885
5049
5047
2943
854
165
4039
2404
25
5062
4988
2195
2196
25
227
581
203
691
3552
2948
-1
1931
5112
1800
2285
2574
2598
1575
1601
4712
1238
4978
5566
482
5402
2269
3139
5466
4412
2196
2196
16
258
4513
1601
5191
3380
594
580
3139
3139
1313
16
2266
2950
2196
2440
3139
757
1891
391
2285
5086
2196
3404
140
2825
482
128
1429
1468
4499
2196
2762
4768
3495
-1
2637
784
2380
147
1965
886
4131
5193
5301
2196
5451
3139
2583
2247
5473
1722
4151
4311
965
418
1697
1044
1775
5402
2629
2196
4438
4689
-1
3509
2196
3139
3139
4598
-1
1583
3808
823
282
195
2934
165
4548
1400
-1
357
3139
3139
1193
1949
4771
3139
2334
4951
1636
425
5696
2196
1832
3139
2196
3051
