2730
4713
25
598
1122
25
4438
5003
3678
1122
3115
5068
1825
147
5576
278
4438
5068
3164
5003
1122
1016
4884
5068
3164
1282
2196
3308
2196
3164
2196
3164
3682
3200
2196
3164
5068
1813
5068
2196
5068
2196
5412
5349
4784
3389
949
4945
1122
2934
2196
3164
610
5701
3087
2196
4566
2196
1694
3139
3200
1122
3139
1694
2610
3164
3139
3682
3682
2196
2084
2196
-1
4600
5133
304
2867
2196
5422
965
1813
1699
2745
5349
2196
5701
1694
5695
3139
4784
2934
4654
2745
25
1694
5491
5402
2383
692
5466
4162
2196
220
4482
2196
1405
4438
3139
220
4000
3164
4784
900
3000
2196
2934
3240
1073
521
5340
3443
3121
3682
1012
965
900
3164
1757
2196
3139
5068
5036
1350
3164
3158
949
949
267
147
4784
5701
2196
1646
5701
1556
2196
2196
4516
5068
1656
2277
5422
3139
1656
3164
3164
1122
3846
2978
949
5422
2349
937
1427
2196
1282
3139
3682
2934
2196
220
1807
2196
5152
965
5232
3176
267
4438
1307
1016
4713
220
1694
2196
2749
2153
4162
5156
301
267
-1
5068
3139
378
965
1016
687
1016
1656
3176
4162
2749
834
5701
3164
949
3139
3846
267
3139
3176
3682
5701
2196
2196
2934
5082
5497
5068
5152
3139
5254
3611
1260
2179
4784
4298
5422
5671
4951
5133
3176
4332
2981
4771
5422
1656
2196
3120
3495
1213
1961
3495
5329
3443
3495
3087
5068
3610
2649
4162
1601
3583
4951
220
5232
3846
3139
1798
4162
3139
4951
1450
2196
3139
2196
2060
2060
3495
3139
3977
1260
1694
949
4713
1694
5402
3834
1016
1897
1073
4438
1601
5238
1016
147
5036
889
2196
3176
965
1016
5084
3139
1656
3495
5558
3555
3665
2060
4039
-1
4951
1694
2638
842
3164
4771
2638
2196
2822
3682
2060
2277
5082
1016
1016
3495
900
5615
2638
2822
5671
2525
694
1601
3176
1798
-1
4815
2196
5499
3206
3495
4438
5077
1298
1654
1073
1450
2196
1601
3682
3555
2196
4713
2060
2693
3060
3875
3495
1427
4633
220
2649
2484
147
25
3610
3139
3495
4160
4471
1450
1583
5156
5695
4800
1798
1595
1450
5491
1654
4217
3046
1450
2196
722
2196
1694
3695
5082
3875
1206
4951
5248
2196
2196
3139
2703
5232
3555
3176
3495
2649
2196
3218
1601
452
5641
2196
4951
3139
3139
3139
5156
1601
2693
3916
220
1798
4890
-1
3495
5254
3139
3119
220
2638
-1
1016
147
3495
2196
267
965
4039
2060
2335
220
348
2196
1601
1798
464
267
4713
195
-1
1307
3176
1307
1987
4373
1999
4000
3682
4951
-1
1450
3666
1583
3139
223
5082
3875
304
5507
3682
3821
1490
1798
4951
2196
2196
4951
1513
220
4142
5422
220
2641
965
2649
1407
1250
1175
-1
4162
3326
1016
3846
3846
4332
1523
174
455
3485
1429
1601
1407
3139
5349
240
3060
16
1601
2196
5062
195
1016
4945
5156
1586
2882
5402
2749
4945
2196
5068
240
823
1206
3272
2196
3139
4792
3485
3682
3875
2196
3139
2610
5606
4041
949
3139
2376
2196
5729
4373
3618
3164
4142
4400
3139
5156
4217
805
4142
4373
2333
989
5402
5402
2749
240
5402
3115
2196
1583
5044
1654
4039
2638
2196
1601
3495
3139
2196
555
4041
4142
5049
1729
1486
1220
4890
1016
2196
3888
4142
2638
5402
1429
2196
4142
3495
3555
3139
3139
267
1490
2196
2196
1307
-1
617
1973
3555
1654
5623
5412
2060
4085
1601
2196
5432
240
2196
2867
1425
-1
3176
5003
1601
5466
3628
5402
1313
5062
580
2822
5402
1313
4771
5049
5537
1339
2060
1313
-1
3139
4771
1307
5402
2196
147
5706
3881
3139
4473
2638
4142
3139
195
3495
1694
1016
5402
2489
5622
2196
4633
4162
1601
1016
3139
2196
2196
2875
999
2084
1260
1813
3139
5595
1307
795
2719
3164
1601
2196
240
1729
4945
4142
5272
3676
61
274
1486
3555
2825
3495
4041
3682
1798
3139
2390
1601
2060
3000
2724
-1
61
3495
5402
5422
267
5049
3610
1313
5402
4951
1598
5133
5082
2196
2931
1601
1362
2882
4890
4998
5621
4142
3916
3495
1313
1486
2196
2507
2196
5385
4142
4142
1313
5402
1168
2196
3610
4890
3139
4040
4795
3427
4039
1313
4142
2638
2071
5422
1516
36
2730
3139
548
279
1307
3326
2390
2084
1601
4142
2196
2299
1601
2071
2154
1452
3139
2152
-1
3067
3240
1067
-1
2934
1016
2285
1339
5062
3308
25
4890
3067
3428
1339
2060
2638
5402
5402
3139
5426
5390
3689
2196
5402
3996
2724
2196
4142
5729
3308
4792
580
3610
3495
159
690
2641
5003
5414
2724
1583
5679
5385
5062
1475
3139
1411
616
1264
3139
2196
1694
5028
3139
161
1057
301
195
2693
2703
4884
3139
4039
1656
4890
3000
-1
3139
3067
2376
2867
2152
1709
3881
1729
4679
1620
2934
-1
3139
147
1313
1407
5595
3139
2060
965
2196
5160
2196
5428
304
3139
240
2693
2196
2489
2958
3139
3067
5390
4948
1695
1543
2060
2196
1362
3377
4884
3676
3665
2822
3048
1601
1523
4039
4815
5451
-1
2196
140
2060
1769
2196
3846
2867
3139
5451
-1
5537
5671
3240
5402
787
2922
1656
1187
5402
2196
949
4041
195
3257
223
5695
4371
1699
5003
-1
1490
425
3028
2825
3495
999
2060
3485
1800
5082
4011
1298
5385
3028
2650
1298
3495
1298
3139
3495
4139
2762
1157
1546
-1
2638
5133
3695
5679
2390
2196
2196
2780
1475
3156
1407
2762
580
195
3628
4890
2196
2071
1656
2055
3676
3139
1928
5402
3396
550
1769
2638
2196
2196
5507
3439
425
2196
2152
3453
1157
1313
3139
3067
5451
36
4142
3139
3139
-1
2196
4426
5596
1206
2060
1960
127
1157
2638
1264
787
1475
787
147
4397
4598
1313
3853
3139
1313
3233
1475
4587
1102
787
524
1583
2526
1313
3060
3139
1016
1307
-1
694
785
556
-1
4438
3139
1339
4871
425
3339
2196
3139
5424
5294
1551
147
2060
5595
3544
25
1450
5333
1798
3495
5402
629
2285
3495
5402
1298
3139
1491
-1
5402
2526
3682
2071
1411
5402
2390
4960
-1
2196
425
4890
2196
2060
1656
1924
2762
3440
2196
-1
284
3139
3139
3164
1619
5195
4162
-1
3618
5402
1656
1429
227
1313
1339
3139
5402
3225
5679
3555
839
1269
2200
1313
4884
5561
3310
425
787
1656
5082
5402
5062
3107
3176
4890
4633
2196
3247
2882
4555
1452
5104
2649
3682
4243
2321
4227
4633
5402
1210
4945
4937
4772
2285
1178
1188
2164
2762
1016
5385
3176
464
1694
3139
2762
1313
4265
3555
3485
5178
5049
1601
1259
240
5701
3139
2378
2060
1313
3269
425
2762
3176
1073
2787
4890
1601
1137
4039
3234
31
5402
2787
1407
2196
3985
3067
2867
2787
556
5362
3139
2762
-1
1298
-1
4388
4722
4039
2390
1313
2196
4469
2787
3888
3682
2196
3139
-1
1178
5426
608
4497
5133
3495
4945
1656
5414
1475
2787
1083
3164
5049
1313
3139
127
1016
4388
5622
2095
1699
1815
3139
2762
1313
380
3139
2724
4890
1729
3139
2196
3495
5679
1815
3107
3072
24
4720
2196
785
46
2285
5451
4162
5390
1405
3000
3272
2095
3139
2416
352
3107
1619
4497
2131
1313
2277
1429
223
2486
3996
3947
2154
3396
3878
2138
3139
2850
77
2416
1601
4099
5402
5526
1619
2882
5133
2732
3680
3176
3485
2196
2615
3278
1168
5133
147
2196
3553
4160
1620
3611
5671
5402
3046
3139
2060
4945
3358
1298
2787
3453
3139
77
787
5362
2693
3060
5402
4142
3346
3139
2200
2016
3139
3900
2060
4142
1549
714
4438
25
3107
2196
41
4729
2787
1490
2060
446
2357
220
-1
2832
5402
3881
267
1475
2825
5499
220
2787
739
2071
1307
2693
888
2196
2071
2357
425
1450
3139
1339
3555
5426
1313
5571
31
3495
3041
787
1136
3086
1563
3358
2703
916
282
3592
965
3682
2285
4792
4771
5062
2060
-1
1313
3139
3139
4265
2196
1429
3000
5402
2131
1656
1178
2200
722
1913
2196
3066
4400
1307
2638
3151
1019
2196
3592
3139
1794
-1
2510
3139
5402
324
2378
1475
3693
1475
3541
2693
3139
2308
3257
2196
4039
195
580
3139
1168
2693
5564
4725
282
282
2196
140
4890
282
1798
3806
2510
1450
1546
3139
1601
2144
5402
3358
3453
3028
3107
377
3024
2587
3139
3139
425
3846
5564
471
2196
2285
5422
-1
3841
-1
3595
4432
2412
1016
876
3891
2762
3326
-1
2196
3880
4945
4966
3139
282
2787
3595
3139
1429
3139
4346
4666
4951
785
5402
1313
1297
1313
5671
5402
4777
3164
5062
1012
3222
4162
1694
1767
5714
1425
1178
4265
3557
4792
2344
2749
3139
5049
3139
1588
5109
304
41
4327
1044
4142
3310
1561
3595
36
5062
3139
4432
2825
3850
2934
746
2196
5402
4633
1429
3139
282
4697
5068
3139
3442
282
5139
282
-1
2055
3015
3269
2196
2967
1307
1824
2196
3340
1429
2196
2196
-1
1313
1506
1405
140
2326
2196
1025
24
2196
4469
3806
1486
-1
2882
282
5323
2196
2084
3139
3086
127
1033
1044
3139
319
1450
3107
-1
3139
1178
2196
-1
5402
4265
5451
4713
3139
1475
1506
348
1619
2746
2587
3139
1475
1815
4162
3495
1298
4315
1313
3326
3139
1561
5156
2787
4265
2970
1201
2196
2825
2285
-1
1454
282
441
3060
4142
2196
4041
4162
1313
3139
1883
3495
3396
3139
3485
1083
787
3139
1407
380
3880
3695
3751
2196
425
1523
3693
2650
3495
3107
5402
2749
2357
2159
3682
1298
1953
2200
5402
4110
1617
3308
1157
1465
5564
3139
2071
282
1825
2787
2196
61
2196
2703
3139
2060
1945
-1
3003
282
1619
2196
3057
5241
1506
2285
1694
3139
785
876
4771
4432
4803
5451
5671
3676
3592
5062
77
5062
25
2196
25
2825
3308
473
3396
2189
1168
907
3139
3067
227
2762
4945
456
5402
1450
2154
1601
282
5239
2367
5505
1016
3139
3139
2762
-1
4682
1313
1506
3057
2762
3308
1016
1561
3139
1486
3139
2787
-1
3046
4890
2003
4713
282
4912
1450
2196
2787
5133
2934
1298
3693
3495
1699
5085
4039
3139
5062
4162
3060
5671
556
3139
2787
1699
692
2277
3139
227
3310
1160
5451
456
3139
4397
-1
907
3139
5402
3841
2825
5038
4142
373
3443
1654
5518
3139
227
4578
2866
2762
2196
714
-1
1798
195
2649
2021
2762
5241
5402
3139
3485
-1
4849
5402
5199
2762
2196
264
1622
2196
3610
53
1506
3495
861
1961
4039
5104
2196
3555
2196
275
4777
3139
2832
5241
2407
1016
2196
3000
4725
4713
1293
275
282
2945
5564
2762
1767
4777
2196
1339
4515
2825
195
-1
3240
1313
2060
1246
-1
2344
77
3139
3139
1178
1429
3996
2836
876
5014
1201
5313
5426
4951
2285
3139
147
1601
4243
3139
195
3495
5082
2196
5049
-1
2196
1313
2650
5671
40
3107
3156
2196
-1
3495
3107
2196
4488
4383
3046
2762
1313
5576
2787
524
2822
1298
5494
3687
2071
2856
4076
1307
2196
2650
1003
4383
792
24
2196
425
4278
5564
3139
746
3947
4499
68
1298
1178
3139
3139
561
2832
1795
1601
630
4808
1463
1365
5587
-1
3187
3689
1800
3107
595
2060
2724
928
-1
4777
24
2196
2292
3269
3240
3139
2196
1463
1465
4803
4488
61
3699
2326
2830
4162
3883
3139
3003
3120
5671
1583
3139
3555
4237
3139
282
1692
3977
4335
1354
5321
5241
1817
-1
2196
3468
5402
1365
4713
5234
1475
1486
548
4388
1178
1475
2285
1016
-1
5049
227
1313
2189
2016
3139
3139
1475
2866
4771
4966
3442
242
5433
25
186
2085
5697
1800
1016
5068
2196
1991
282
2866
2842
1643
524
849
2792
2787
4578
4488
282
5402
964
1298
282
2021
1684
4951
4633
3566
2164
3139
1313
3164
2196
2003
4633
5323
811
497
1168
5402
3150
464
1408
4226
4771
3879
4484
3963
1178
4633
964
5402
1759
5671
5701
4777
25
1429
3875
1735
5320
-1
261
5595
2693
2416
907
845
1429
3187
2196
2196
1838
1601
3861
5062
1339
1407
1842
1583
2664
2787
1293
5402
2724
3592
195
2196
4243
3616
3139
4226
1298
5062
4041
4652
348
3442
2638
3139
24
2196
3555
3213
5402
695
4803
4188
3107
1003
2196
2196
787
221
2196
4713
1168
3321
2548
2724
1641
2649
5402
2912
1945
5537
1178
4383
3057
1641
4633
4469
1157
2376
3518
2762
3057
1181
2196
4777
3310
1838
24
4960
5426
2285
1945
3046
2762
425
5402
1201
3139
425
3495
1044
1016
4966
24
5133
1583
-1
1987
5321
3641
681
-1
425
2693
2899
4713
2780
4763
425
425
3139
1625
3164
3595
3139
1798
1313
2376
4222
1003
1313
4735
3610
2762
227
2836
5402
2489
3608
5402
3591
4226
1016
2691
3139
2326
3567
3139
5321
1619
2196
3072
1465
36
2169
3139
41
5293
5588
282
4383
2285
425
-1
4488
425
227
1987
1684
4890
41
1913
2787
4071
3139
4488
4654
5564
2882
4255
5402
2825
4362
-1
282
3024
5402
267
1101
227
5451
4371
1313
3107
5384
1406
4725
1655
2649
1598
1298
2634
2196
1313
2649
3996
3330
4727
1897
2021
258
2762
2196
5595
25
3495
3139
4039
4757
3682
1987
2603
1429
4890
195
2021
1842
787
400
3875
3003
2285
3904
1406
3139
40
220
2638
2196
2196
1187
3139
1654
2517
2290
3308
4415
3158
2196
3139
303
3139
1044
5595
2825
5402
1699
3139
25
5468
3139
2285
147
5422
2196
1766
3139
3139
2693
3139
41
1945
5062
1800
5402
2152
5354
-1
3139
282
2778
1601
1410
1601
1829
227
1506
1313
4039
357
33
3086
2615
1656
3395
2196
3046
-1
425
2196
1307
4488
2071
3139
4335
965
1148
1450
2285
4499
3392
1313
4039
2251
2901
3687
3139
1871
2095
2125
2832
425
2196
2591
3139
3213
967
3676
4884
1178
3518
4497
3640
4265
1178
1410
2416
5426
5451
5402
5587
4432
3057
5564
3634
3693
3139
1238
2693
5189
2566
3139
64
193
2304
3139
4188
2016
4383
1987
2285
4030
3139
795
714
4754
348
1003
1583
3066
967
3139
5049
1016
3750
3139
-1
348
894
1365
4397
5062
227
1699
1313
220
2703
2196
3346
3339
2787
1450
4269
1016
4729
425
4255
3139
-1
5282
254
2290
3051
3011
1352
1598
3495
2770
3326
630
4142
1924
5228
1044
5049
215
2693
2196
425
1817
177
4162
-1
1729
1824
664
425
4158
2822
3139
1601
4142
215
3628
2832
3066
5493
2693
3066
-1
4255
2196
300
3830
3139
4139
1486
1546
4535
4754
4951
1019
4171
1486
4713
2084
2196
5679
3641
-1
1429
282
4611
147
3139
425
3139
31
3139
1293
84
282
5370
4371
1429
3139
2778
1313
240
3164
3139
2196
3139
1699
2999
2109
144
3067
5402
1410
2196
3814
5062
3865
2174
1672
2787
5368
2825
2062
1817
5714
1429
2788
760
2279
3046
3187
147
2196
2196
4255
282
1475
62
4315
5706
4730
2405
3377
5049
2285
2638
2630
425
4255
4488
4007
1204
3213
2610
4960
5049
5049
1313
3139
4388
4713
4332
1913
2693
1450
1922
4960
2055
3139
5595
1579
465
2517
1365
5062
4951
348
1429
1598
282
3592
1298
4713
2196
580
1313
3380
400
2333
2196
4278
4222
4278
282
2852
4956
227
4162
4438
5150
425
3278
2122
1105
4371
1598
1313
275
16
1293
3854
4255
1408
2902
1003
4226
391
227
1601
4499
4282
2762
4596
5402
474
5579
1313
5062
1298
425
4733
5534
25
25
3139
4611
2565
4633
3419
5671
5720
25
4578
1429
1656
644
3641
1313
3888
3308
5085
4088
5234
261
205
498
4966
4489
689
1339
3139
5062
1429
2662
4371
5426
1313
1699
1817
227
485
5422
1583
3139
5326
1699
3846
4039
1506
1601
3308
556
3200
3139
3156
2411
476
1044
5671
400
1410
2122
3139
3310
2630
4986
1583
1003
1297
3160
282
1980
2269
2311
5384
5402
1953
237
5402
1945
4298
3139
5081
4713
1003
5671
1637
5062
2196
-1
949
2549
3139
5368
425
2787
5384
4771
2724
3682
5182
425
3028
425
4226
3392
4158
5402
3139
2390
5333
4754
1817
1345
2548
5171
2196
3234
4359
2311
1446
4226
2390
4713
4273
5528
425
5521
2196
3496
5422
3947
5287
1647
4329
2196
2200
1307
2196
4063
3183
166
1601
1369
1298
3806
2562
3139
1915
4036
3003
2517
2703
3051
5062
5062
2152
391
4713
839
1429
1555
3139
3139
5191
-1
3449
4777
4142
5335
4827
5470
787
497
5733
4282
3689
1275
5133
3139
2619
3610
3392
4371
4960
159
4408
2122
3308
2703
2917
4255
3139
2724
2549
1003
4998
2517
580
4453
967
3269
2386
2390
4196
25
3826
4534
1178
1652
3682
4469
1298
1119
2196
282
2787
208
4158
1238
1583
2071
3610
4713
2196
3641
1699
2196
2196
3806
923
3139
1798
1313
25
3374
695
1601
2196
-1
-1
4282
785
1641
5129
2352
3139
432
3496
4966
1598
4237
5178
2724
1425
4585
5402
5595
5236
4039
195
2510
3139
584
823
4265
4188
3139
3139
1226
282
5049
921
3139
2548
2152
3213
482
3442
3449
5402
3107
2759
1259
2055
1601
3139
1298
3139
2196
1003
3449
801
2196
1313
3496
1767
25
1769
5632
1818
2662
623
425
2614
195
2285
227
1429
2285
4534
5402
2304
227
62
187
2196
3862
2196
4960
2196
2196
5390
3994
2055
5426
242
1379
1583
1298
1344
4960
1298
3006
456
1588
5470
4538
2510
3278
2621
4287
584
4555
705
3875
5049
111
3468
-1
2649
2787
282
326
3139
2603
3057
3126
425
5156
425
411
4008
5049
3003
2510
2517
-1
3641
2326
3139
2285
4273
5189
2285
2196
2598
4893
4082
1699
4438
3028
1293
443
4966
5156
5062
425
1915
5149
1699
689
1178
4158
3139
1178
1168
3139
1313
2326
2762
3139
425
1230
2285
2762
3468
2548
964
2196
705
2962
1429
348
4884
925
5671
-1
5587
425
2598
645
5133
2014
2122
3139
425
5245
282
25
2510
425
5062
4884
621
2071
5468
664
3139
2016
1201
4534
267
4920
5402
240
2615
3419
1003
2836
16
2724
2724
4158
3139
3308
2603
3139
5706
5191
3139
432
1477
258
3238
3139
964
4903
3040
2285
2285
-1
1178
2693
348
2882
4784
3139
2149
2196
2196
3170
2658
621
3495
4846
3139
4329
1619
2383
4646
5402
4383
1598
3107
3139
261
3618
2836
3139
456
2269
5049
1002
3139
3380
2196
1003
632
1774
2296
4041
2787
2196
25
594
4771
4531
5104
3139
1044
5320
2056
2200
2196
3763
227
3213
1354
3771
5451
2060
2770
4273
4255
3826
-1
282
664
1016
3139
1313
2826
227
3495
3139
2548
2638
-1
1839
5083
4162
3028
2285
5085
3696
3139
1832
2917
3139
1620
1313
4912
4771
4488
1699
3170
3046
1588
5178
2269
4045
3139
2822
3139
3067
4255
587
2285
1598
737
3326
2548
1546
25
1078
556
4999
3000
1238
5109
4966
2836
1601
5413
1313
227
3139
3255
1579
3384
1572
114
5330
1016
1045
2572
1692
787
1588
1601
4226
2382
1313
2882
3862
5109
5271
3008
3187
3238
3139
2196
4499
2964
957
5038
1286
485
1429
282
3139
3240
3380
2196
25
3139
556
4000
5241
2962
1450
5748
5426
1756
2440
4720
2390
2567
-1
293
2333
-1
4803
4324
456
5062
1129
4342
2917
1178
1119
1699
3680
4488
4162
5062
4499
1269
5564
1618
147
1285
787
227
5671
1178
5402
3374
3924
4192
2357
5402
1688
2787
5384
3924
5426
4371
3107
2196
3139
5449
934
1840
1168
2285
3711
2630
5419
3213
3139
2882
1699
3139
3139
2474
3139
2014
2196
425
3924
227
227
4803
2311
1264
2548
632
2409
3610
5191
3072
1307
4956
5336
5402
4803
2917
2034
2164
3931
2056
425
1949
3107
2858
1588
1238
3139
1581
450
1263
425
-1
2517
205
348
5232
1025
1425
4713
4142
2238
2196
3139
3139
2651
3846
4578
3880
3621
1047
1298
1619
4633
5133
5218
3139
4073
1298
2390
-1
4966
5133
425
2060
4784
5062
787
1185
2825
3139
4633
3310
3139
3139
2196
5473
3028
4611
2787
1369
1832
5068
4045
2480
5133
3495
1149
2060
4713
5109
3139
5062
220
-1
2923
282
3139
3028
2138
4951
3517
2882
2196
4093
5671
1307
3878
4282
3306
4771
1379
4488
5587
2196
5062
3139
4532
4000
1178
5349
227
5320
5402
1787
5074
1588
581
2549
450
2196
1313
5313
1486
1922
3139
2762
265
4188
4432
391
1598
227
3419
1980
5426
3139
3689
2882
2937
5178
5189
4771
5264
5402
5104
4633
1842
3509
2510
1745
5234
16
3139
5133
5062
1800
3272
5402
2832
2243
1756
1583
5402
2549
2882
-1
2196
1119
2882
2787
3139
5062
3621
4383
5274
5523
2836
823
2480
3139
3139
5545
2619
606
1214
1178
5241
25
4966
3171
1298
2833
2196
227
1313
3938
-1
3931
2196
227
5133
1238
4890
-1
5577
1583
2638
2196
2416
2060
2142
1680
3310
5292
2196
3139
2412
2749
1654
2697
1583
2822
3139
5326
5064
1311
3003
1699
227
2285
469
242
1349
4777
923
1922
5671
953
1313
1601
3139
1354
973
3000
3139
5133
357
4771
4332
2060
2196
2737
1945
3509
227
4999
4713
1354
3309
3003
282
3495
1293
1463
4999
664
25
4771
5133
3139
2374
3139
3800
3139
3555
1482
5415
5564
2474
3139
253
2196
41
1949
4488
4383
4246
4158
1564
-1
304
1699
3160
5402
1029
3139
1362
4273
4438
3240
1298
25
3380
3139
3126
957
4383
5733
5188
3192
1016
746
2196
3139
5133
1119
3676
5402
2196
4925
4397
227
5402
5062
2787
5064
4792
5109
16
925
1429
1307
2149
1692
1047
5620
3139
5671
2196
2638
967
2200
967
4226
1298
5417
1688
1681
5402
5056
5074
3139
314
4951
3139
2787
4438
-1
4600
456
5671
3139
2882
2462
4041
2605
2096
5390
4255
1044
2196
2724
2196
4930
2480
1379
1044
4255
5512
5402
3592
3139
1949
3762
2693
3788
3544
4226
5402
5062
4815
4445
2882
3139
4960
3139
1922
304
1946
5193
2638
3592
2378
25
2196
1817
2196
2882
2882
964
2650
-1
1619
1157
3682
3187
4561
4792
482
3693
227
425
1680
5049
3139
3139
5082
1825
4771
5172
3806
5451
2060
2638
3591
3066
3139
1469
4792
2144
583
2989
923
3139
4044
5426
5191
1157
580
1798
5743
5671
4298
1688
1313
485
1044
2937
3028
4196
3086
425
1044
2644
2196
3139
2285
2267
4784
1465
5402
3139
2285
147
2825
1579
3067
3139
2164
1298
3139
3621
25
5064
5133
2196
1293
2269
2724
4324
1313
937
-1
16
5695
1313
4008
1450
3830
4154
1832
3139
3324
4397
1168
482
2776
2615
3139
2196
5545
1313
3187
3067
3443
823
1583
3139
114
2117
2285
16
25
4192
4158
3139
-1
1429
227
5470
3139
2060
5402
1583
5402
5402
147
5119
1922
787
2196
1506
425
-1
2196
3005
4194
602
3495
1699
3308
5442
5425
4154
835
1949
3069
2196
1241
25
1929
2196
2196
3139
882
3139
1872
3139
31
3240
3170
4598
1635
425
5402
1583
1704
1536
3086
1313
2196
5053
3449
3139
3139
1312
3139
3139
4226
3641
3530
4194
282
5426
4611
425
2196
4194
5015
16
3396
3139
839
3139
5064
1949
5402
4975
-1
247
3139
904
964
3371
1924
4142
1949
4897
3592
5671
-1
2196
2189
1472
4713
4078
285
3046
2047
2388
4633
5402
3046
1003
1486
2984
215
2566
5375
5402
2456
3139
882
4400
4534
3067
140
1122
4383
3139
3139
5049
1579
5143
2196
2196
2164
1973
425
3139
432
964
1601
1116
25
136
1482
4568
4075
5133
2762
2196
460
1465
4534
3621
5426
3139
5174
3139
1555
114
1083
5375
31
2285
227
3139
1313
2917
2285
1313
928
2164
1452
3996
2440
5402
1044
5191
2196
3139
1654
2164
4499
4560
1313
4222
2619
722
4158
2762
4568
425
2440
3431
1168
5375
2638
2703
4036
4534
5053
227
5505
4725
5564
220
5053
5719
5132
2416
4720
1583
4397
4547
3139
3139
1699
2693
1313
2196
2711
4890
3170
3310
391
3171
2122
4432
1333
4255
3763
583
275
5695
5402
3107
2196
3505
1044
1929
5577
5671
5132
2759
3702
3324
242
2412
1293
3887
5402
1945
632
5049
4045
-1
1504
1915
2196
2014
425
3139
561
2269
5719
348
5402
1025
4774
-1
2285
3139
1598
2762
3150
227
-1
5402
4041
2759
2196
-1
3213
1769
2603
3139
5564
3139
2196
25
3139
4534
432
3139
2882
425
3324
1379
795
2032
3653
4973
5537
2196
3139
3139
4890
3139
4900
301
4469
482
3003
5062
2934
1945
1298
1379
3308
2912
1601
2285
3139
5273
3139
3139
1922
5402
5408
1598
357
425
1293
1601
4620
5419
1694
1583
2196
3139
-1
3139
1307
25
3139
2314
2084
5049
5313
2664
5119
1601
2269
3634
258
1313
3396
991
2882
2787
3846
-1
4966
177
2474
5402
5200
5062
4158
3676
205
632
3072
186
3269
5402
2196
-1
1238
2084
-1
2196
1313
2196
1339
4383
227
3682
5415
4998
282
1756
2228
1922
16
3139
3610
2638
1119
5062
1161
2071
1275
460
656
3468
1168
1601
5109
3240
5003
3139
5049
1016
4691
321
3139
2196
1307
5547
3139
1902
1961
5191
2787
3931
5576
4166
282
3881
4196
4978
630
2285
3623
5062
5671
2421
227
482
3028
-1
147
304
-1
2196
2122
1313
2615
5254
3139
2747
587
5402
3139
3139
4278
3996
4131
3139
3139
4945
921
-1
2729
3139
2014
227
227
237
5746
5402
2196
1486
2882
3830
1320
282
4432
967
25
4259
258
1583
2825
3621
2196
4406
964
25
5402
630
2832
166
5402
4127
2619
2825
2196
3139
1949
282
3066
5058
57
787
2285
-1
1601
5355
3139
4493
3139
3139
136
965
1601
3139
4383
5402
3252
3676
427
425
2196
5671
2962
3139
1688
3185
4896
4945
5605
3663
-1
3139
5022
51
92
3682
4194
3139
1949
760
1694
1044
2724
5049
-1
2196
4754
3139
807
5531
4332
3882
425
2390
25
2828
1307
1429
4041
3641
114
3854
1313
5545
3392
5543
3021
1178
1149
1003
195
5062
2196
1340
1044
3689
5646
1536
2196
2517
725
1722
5310
4453
5062
1606
1178
2196
3875
4381
2095
4282
3139
2196
963
1506
1044
3139
5062
1298
3139
3682
5310
5049
314
695
227
1161
1307
227
1496
2510
227
1298
747
3139
5058
5402
3003
2196
16
5402
425
314
-1
2487
3621
5466
2269
-1
4713
1016
4045
3291
4045
2883
4598
304
4537
805
664
-1
3192
1885
2614
664
2069
3107
674
5630
524
5062
3240
258
3139
969
2416
3139
425
3139
25
4815
1306
1003
3139
2095
2034
4733
2839
5402
3139
2196
2634
1298
2196
2196
2196
4226
2196
2548
-1
5062
5402
991
3449
3139
2304
5673
1945
4945
5547
3139
3380
900
1137
1680
5587
785
4890
2014
2122
1897
5200
5671
1312
237
3139
2196
2196
1313
2220
1313
4255
3139
5200
5413
-1
3139
5402
3139
425
3139
3291
1945
2766
3139
1794
425
2196
4028
3139
3415
2706
1817
3645
632
4713
2937
2071
3139
5714
5062
705
275
1313
5402
3139
2724
630
3139
1824
3560
3072
3139
2456
5402
4896
1552
5402
3139
1168
1307
2060
2221
2676
3269
1187
2269
957
5712
3139
1465
1924
964
4131
4255
4397
-1
3139
2055
3139
5402
1405
4217
425
5402
3880
25
3900
2014
1298
5564
2762
4803
1842
2708
1297
1003
2614
1800
4488
1601
2200
5402
-1
3544
3676
3107
1298
1769
693
5191
1672
606
25
-1
563
3139
2196
1152
25
4028
1922
5402
5064
1298
3164
147
3139
31
1452
3621
1323
4196
267
5671
25
4109
3310
2196
5402
3367
1619
1922
242
3139
3139
1297
227
1048
2196
2912
5402
227
425
5241
3931
4330
5402
-1
2125
5710
4107
5733
3324
2164
2061
4558
282
3139
5133
1168
746
3139
3697
2826
444
5449
3682
5049
5232
1429
2357
3139
3139
3072
2548
3139
5724
5605
5341
5451
-1
1333
1813
5561
5375
1536
2269
2196
1122
4417
227
2710
909
3139
3003
5645
1298
1958
1999
227
2191
4829
2196
1083
1692
3067
4265
5587
1044
5062
4332
4371
147
3164
967
1230
4162
5587
1168
964
258
3308
2021
2416
1313
3139
3240
1344
1429
1349
3367
1025
2285
2196
3380
1325
4325
5064
1623
785
282
2749
2333
2710
1717
425
5402
2638
3219
2613
4226
1429
3896
2196
5402
1699
5200
4432
1824
1407
2200
1620
5587
4226
3875
3139
2189
2493
2196
5620
3400
4817
3139
1915
5402
1704
4278
5714
3139
425
1241
425
3139
4397
2503
5426
4598
4998
25
2285
3160
4029
425
1488
2196
4082
4265
5183
5426
2787
3139
3139
3139
1313
21
425
3139
2487
3213
1776
1149
4771
3107
3139
2999
5719
5491
5200
3761
4335
2196
2934
5426
227
4194
2537
5074
2196
1313
2196
1619
5576
3139
2014
1702
3211
4293
3185
836
3841
4000
747
-1
1089
3676
5340
4045
25
4158
25
2724
4846
3139
1298
751
5313
3996
5704
2196
1813
1313
622
5271
3061
2832
2825
1285
3139
5402
1450
1817
5133
2047
3139
4226
5102
3046
594
1429
1601
2718
1465
5330
3324
3139
2517
2390
3878
1429
1313
5127
3374
2071
2762
3139
3139
1953
5402
2653
-1
3139
5241
25
3139
4960
4039
5049
5271
4858
2304
2537
4890
3139
2168
5053
34
1119
3219
-1
5708
425
258
1406
2196
1722
4174
1429
1313
1298
62
227
4045
5671
1264
5554
5241
1606
3139
5119
5133
1117
353
1798
2440
282
3538
5200
1293
2196
622
4142
5062
1313
5402
1227
2912
5402
2619
2196
3139
4534
5241
957
2285
3139
5062
2285
205
41
5696
25
5695
3139
3635
2537
2084
25
2091
1298
4771
25
4293
1949
2196
581
512
1168
1650
1206
3139
2923
2566
4771
3139
1016
282
4039
3980
2417
3139
3139
1832
1448
4777
4945
3139
2714
3801
4489
5191
4998
1172
965
3139
25
275
3139
2762
2196
2510
2084
3495
227
705
5501
204
114
2699
2917
2127
2196
3896
3909
2285
-1
4858
3139
2196
1201
227
5642
2706
3308
4252
5062
205
535
5272
16
5402
3641
3151
24
4347
1298
1560
3576
1800
5708
2615
1044
3139
632
5062
3139
4155
5062
482
1681
2615
5402
1486
4053
4771
3676
4158
5064
2693
2141
2762
3139
3833
425
3139
1429
1119
2200
1748
5719
-1
5062
25
5402
5402
1588
4951
348
2333
506
4227
3495
1699
5696
425
3139
2714
3139
756
5051
5577
3139
-1
3259
3367
2196
3896
1583
1307
227
3101
2285
21
2196
4792
823
4966
967
1588
2285
2196
4041
2615
3663
785
25
195
1172
3139
240
2357
5402
3139
4890
227
1619
3767
5473
1293
3310
2196
1298
5049
1924
1168
3086
4458
2311
3291
2196
3139
2510
5022
3769
2409
1318
1601
227
1583
3139
147
2285
25
5062
1319
390
201
5402
4740
3358
4815
5062
3139
3240
2196
223
456
3139
1168
4564
3259
2367
3187
1629
3139
2047
2311
3134
5402
3682
532
5402
3240
5402
1588
4188
2196
3260
1168
4039
1536
2968
3257
304
3139
3242
3806
4028
1044
3238
5402
3139
3380
3279
4039
5062
2863
1598
2142
5402
4945
3139
5664
1429
1379
-1
195
4771
5102
2285
195
1313
4721
3663
4499
456
2669
744
3139
-1
3552
1044
2776
2515
3139
3200
1729
185
3552
40
3046
5714
2882
4777
1748
3139
3611
1019
1429
4406
1313
1699
1842
1922
3139
1475
227
1313
4347
4142
3509
2071
3107
1429
3744
4575
2697
1482
4371
5451
2638
705
1354
3682
1499
3139
4771
5426
5062
2693
3139
3213
1933
3139
4986
3767
-1
2724
2728
2659
5402
3663
425
5269
1307
319
4139
1044
2285
1117
425
5402
583
5415
834
4717
227
4487
3259
353
25
2830
1304
3139
3139
4045
3964
3555
2989
702
482
2392
5633
1583
1312
1586
2200
2060
2615
3072
5064
1450
2014
602
5402
2569
2919
722
3875
3139
2879
2158
3139
5310
2196
3299
1949
-1
2196
2196
2511
3139
2014
2644
3989
1775
1293
3028
4497
2196
2055
4978
909
3139
1719
1178
4107
3139
3139
4237
-1
1016
3139
1129
5402
3139
3139
2045
2884
285
1129
3086
1680
2196
2164
3139
3139
203
2517
5571
5468
2196
3222
3139
2021
52
36
4598
2137
-1
5402
5402
5402
2787
-1
3257
1160
3139
3896
4488
3139
4689
4255
4540
1465
1312
2196
1152
25
1953
1044
1703
220
5402
1178
1083
5058
2196
3068
4087
2084
2390
4145
787
314
2703
1168
5696
432
3139
2285
195
1619
5534
3139
5402
25
1916
5355
3865
563
2390
2882
4725
3580
400
4267
4975
1680
5313
3139
2515
1699
5102
5068
1168
1314
3651
632
2629
220
3308
2285
425
1616
5714
5616
147
282
3139
84
3139
3738
3145
4406
25
1159
2196
3003
1831
1798
1400
1588
1949
5402
2474
4567
258
-1
425
1991
1667
4406
3139
1340
3695
2095
4406
177
5576
4411
2285
4005
5310
3862
3569
2762
5451
4324
3028
5130
2317
4194
3662
1119
1429
114
3887
3139
425
1535
195
1486
4400
5062
5671
3931
2196
5679
5054
3139
4784
4718
1227
3139
1358
3139
3358
1601
446
1044
3139
2285
3139
1313
3139
3095
196
5587
5087
1307
3241
5310
1038
3139
2474
418
3468
1293
3509
2285
2724
25
949
159
932
4039
-1
3003
2724
5049
3283
482
1230
1429
3456
1054
1583
1892
140
3712
3771
4226
4945
1475
1313
425
3806
2762
4335
1680
5402
3937
1647
147
2285
1688
1313
5547
1536
-1
758
1312
3139
3796
3139
4041
5402
5368
758
689
1083
3982
304
4158
3139
695
3611
1891
3028
583
5402
3621
25
5009
3800
2060
3367
4381
3139
2691
2285
3139
1119
5402
2056
288
99
5049
5740
5502
4488
2196
3139
5355
5133
2474
36
4206
5714
1688
5292
3509
4633
3017
4758
2253
285
1293
4884
3139
4273
1298
2285
5642
3139
3308
1769
348
1117
3139
2196
1313
3139
2390
4744
3139
3495
1583
5368
4657
4803
3139
4332
2285
2724
2882
4346
5402
482
3485
347
3139
583
-1
404
2173
3621
2566
3139
3766
3139
3682
5062
1480
2130
1264
1891
1035
418
240
3530
2882
5719
3000
5313
5469
5656
425
3015
241
3427
3139
3555
4278
-1
1769
5189
4803
1429
3621
2762
5053
4633
4032
5671
4776
2156
3139
5062
5062
2884
2142
3496
5058
5368
3838
2830
2615
5708
3496
2285
5708
3139
1608
1246
5402
1201
886
1238
227
2285
5571
5673
4298
2196
3380
975
3057
1817
2562
4945
2832
3139
2615
1159
-1
1318
3139
1699
261
3139
3932
5001
1049
3623
227
504
2796
285
2787
2285
4131
1429
2177
3139
5062
2285
242
2697
147
3139
1269
1042
3875
2917
3090
2697
4045
-1
5742
5731
3611
147
2135
5564
5340
2882
1637
1885
3640
3139
482
5402
4534
3875
5022
5133
3139
5535
3072
4298
2196
4611
1187
1601
3767
3107
3139
425
1501
5390
5284
5527
3139
1187
3449
1554
4035
1300
964
425
4383
2770
4959
227
25
1813
1312
425
282
1832
3139
2196
1650
5049
3139
5402
1429
1941
1872
4158
1536
3283
4717
2708
2122
4032
1298
1273
3530
2724
5714
957
5133
425
3495
5446
3308
1095
2146
2619
5200
2949
3139
5054
4400
5062
41
3139
4039
1298
4324
2311
5402
3139
5402
2285
921
3806
2605
457
3139
4371
4774
2882
1178
2285
5062
5538
3139
41
1919
5425
1333
1910
5402
758
3139
3555
5538
5426
898
294
3319
3937
3880
3807
3796
3139
632
-1
161
5402
282
5238
5074
3796
425
3709
1949
3139
3139
3139
5087
2196
4383
2196
3396
5345
1798
3139
3003
546
1168
1307
5402
1307
2060
2465
5576
1584
4699
4792
5402
5050
846
3555
3139
1049
2404
4584
836
2390
195
3682
957
3279
2448
3367
5402
5671
2060
3053
1826
223
1744
4808
695
5402
4575
1172
2762
391
4999
1656
482
1872
3772
3139
2196
2196
583
1369
5402
1891
25
3676
391
5102
4966
3139
2962
5062
746
5701
1506
1961
4318
2440
4850
40
1623
4615
3139
1429
4255
5402
2056
425
702
5241
2183
2137
1313
2196
494
4131
-1
3367
5671
2196
949
2285
25
5576
3139
1652
1316
3621
3324
2615
487
69
5687
4158
4990
3213
5402
3139
3139
2196
3860
3139
859
2196
4142
3568
2196
2196
1016
3595
1044
1429
1240
2917
2285
2285
3796
1266
5247
1965
2858
3139
5062
2714
4777
2055
4039
347
4371
1145
391
2196
5049
1756
4890
3991
1184
4733
5310
5313
1044
4056
5671
5402
2614
731
537
5062
5576
272
3139
3806
5050
2693
5085
3139
284
1834
3139
5538
425
1782
4977
4188
3826
1672
5340
2884
4028
2414
5247
347
1483
3621
1961
3846
899
1748
-1
282
314
3208
3576
3139
4381
3530
3768
5595
3139
3139
5087
5087
4142
2762
129
3139
3139
3677
304
2196
5476
5402
2285
5671
3139
4954
1119
3139
5543
4034
1313
2615
2285
1750
581
3139
5551
5402
747
3509
4400
2517
2354
1598
2196
5402
540
532
4720
3139
418
3139
3833
2630
4194
5271
425
5133
3139
1504
227
1717
-1
1149
3308
917
3518
1313
3077
4335
3139
2122
-1
3139
4718
1157
3139
3152
3621
1340
1178
177
227
3267
1945
1168
2164
3139
2290
3669
5087
1152
5058
1924
1922
5340
1371
5133
2704
512
4255
1499
789
3139
3676
5112
3139
305
3931
425
2382
5193
2311
600
304
227
5402
5537
4158
-1
3192
1203
1813
2962
2537
282
391
2873
2787
4045
5402
2565
5402
2056
5402
2762
1286
1608
3676
227
1286
4162
-1
170
5402
3150
5402
425
5049
4192
3676
5242
3909
3139
2609
4158
1637
5402
2200
2014
2747
5402
3326
4743
3139
4265
2122
3139
31
3468
-1
2714
4021
5408
3139
-1
5547
664
3139
4196
2196
1891
3378
5587
4215
4158
1833
1350
2762
4763
1238
3896
135
3131
1252
3139
5062
3139
2071
425
2311
4028
3326
2474
1915
227
425
4174
2196
2572
3201
2196
227
2196
5384
1238
25
521
1206
183
5402
16
2619
1722
4196
464
4774
993
3449
147
-1
5049
4278
4453
2762
3139
960
5022
5402
2440
4798
5062
1016
3139
1218
3139
1924
2071
25
2196
1393
5735
2856
3067
4142
628
3139
2196
4983
2196
425
25
4158
526
4978
4226
2161
1218
5062
563
5402
4488
3614
3139
3442
282
2710
1958
3139
4226
4194
1675
5402
3528
195
2590
3308
3139
1953
3139
-1
2357
140
2285
580
1823
4771
3164
2196
4039
5313
1429
5402
3621
2194
62
1379
3070
1813
2664
4890
863
1450
3495
425
1750
25
1187
2125
2285
5313
4792
5402
3046
2574
2995
4438
374
1924
4282
5576
937
3139
5505
2243
787
2196
4107
3139
1116
5049
1429
2047
5402
2517
1623
1650
3139
3377
3139
5062
3139
5132
1588
21
425
1333
2537
3278
3015
1044
4273
425
-1
2195
2473
5576
3139
16
1372
1313
2338
1699
2697
2196
21
3432
482
1450
425
1044
237
2762
5402
135
-1
425
2724
2650
1980
2515
2196
4825
3139
722
3164
1152
1586
4720
3139
1475
3139
3139
1468
3576
3139
1333
-1
4280
4680
4763
4986
425
220
-1
4226
5466
1044
3798
3139
220
2390
425
1407
835
425
4039
5178
2515
2416
3485
1756
-1
1044
1298
3595
5062
227
3139
4954
1307
1990
348
3139
4713
5028
1395
3139
83
1313
2196
4315
1683
5074
3139
4371
5502
2657
3246
3697
2962
482
3003
3139
4255
353
3003
2480
2060
4689
2196
774
4398
3139
4568
5587
2731
5656
4966
3139
3308
3062
1313
3003
3139
1465
4370
1902
1450
823
2195
1504
5062
4497
3139
3139
5402
622
2285
5156
4822
380
3901
2196
1699
1168
1624
5001
4481
4158
391
-1
2196
5517
2574
391
2311
5112
1119
3139
1230
3700
5554
932
2196
836
5671
3308
-1
3139
5340
482
5470
5451
1201
5062
-1
5062
4784
1393
1452
195
1429
4971
4158
34
147
425
3240
3010
4787
923
4504
3139
5701
2290
1429
147
2196
5491
4555
5402
391
444
1616
3139
3771
1949
1139
3139
25
4039
1083
486
4534
3139
-1
2566
25
3490
4945
2762
4855
2196
2039
5119
746
24
2698
2285
-1
5658
5543
2142
1285
632
4890
1243
227
745
3077
823
25
1830
4233
3399
3139
1824
1845
1122
4158
223
4935
3996
1945
1583
1942
1636
3139
4721
4039
258
5126
1670
4884
3659
2060
5402
5112
25
3240
5720
5271
3139
4226
5671
282
3435
4158
1358
5671
84
4739
3616
2697
556
3623
5368
4255
4324
5062
802
915
2196
1168
4226
-1
227
-1
3139
5491
3628
4512
3512
3688
4777
5402
286
696
1298
2032
3766
2328
5402
3621
4682
2566
1003
5564
5538
5466
4537
4629
823
4383
3139
1796
5402
4032
5275
4954
3308
41
5402
1692
1583
3139
4335
4978
2196
2196
2285
556
2572
1003
1688
1579
3688
3396
1429
31
1794
2047
2989
3255
1210
215
5385
5205
5402
5238
5062
136
1506
3139
5149
2615
5202
25
3070
3676
2376
4280
5062
855
2125
2042
1706
4255
1945
3676
2882
1704
2882
2285
3139
5703
1408
3108
3367
4417
5054
4032
-1
3509
4720
5087
1813
1504
126
3139
4444
5133
2196
3806
4194
5094
4497
1583
195
1333
25
3257
-1
3884
3621
5402
4374
3367
4575
3442
3139
5132
3804
2196
1601
841
4194
3139
2787
5271
5220
5402
4966
5402
1601
1650
1664
4192
2724
785
583
2196
3438
2056
444
1842
1339
482
3260
2122
25
2285
823
3278
2787
195
1429
3139
612
2164
635
2440
122
3896
1958
1800
4207
2196
425
2275
1601
2998
2724
2420
3682
3139
4371
3139
1902
1709
2380
5220
418
1902
83
2498
2285
1429
227
425
630
1313
5049
664
444
1549
5505
5064
938
464
2382
3190
5062
4492
4194
4497
2825
2787
1504
2285
4713
3401
5547
1381
4371
2444
4850
5271
3139
1354
4131
5205
3628
5049
5090
1349
5157
2911
5313
4605
25
5241
1854
3139
594
3139
3139
5402
5402
2882
5451
1429
3592
4771
1495
1339
2649
3363
4784
1942
2285
3435
630
3139
4080
1980
1636
482
3099
4956
4633
3139
2196
425
418
482
2934
2873
482
2480
-1
5402
5402
5047
2855
2285
4196
3139
4483
1794
826
1579
-1
3139
3107
770
1197
1605
2517
3139
3151
391
25
3139
1745
2285
25
204
25
242
5077
3139
1178
288
304
2693
5402
3108
425
540
548
5074
25
1925
3492
339
2400
25
1798
4032
425
2196
2285
3592
4371
2196
4194
227
5402
3107
4373
1339
5422
2096
2630
227
227
5384
5271
2196
4192
4008
304
237
4255
5402
2200
405
425
1313
391
1748
-1
3139
3535
4032
5679
282
261
1781
3139
4808
5402
3139
4945
2855
4432
4815
25
5470
5671
563
2515
1298
2934
2724
3234
1465
5177
2503
1298
3139
4028
-1
1298
2934
5564
282
227
3317
948
5402
1016
1313
5554
5191
2196
3139
1486
332
5172
576
865
1650
4432
4131
3139
5519
1054
5454
1699
834
2440
133
5112
5165
2515
5671
4889
3139
3623
5671
4633
2910
2285
425
1770
3107
2196
4318
5587
25
4553
3937
3283
2196
2285
1940
2474
5191
3046
2357
1350
3363
2440
931
832
2787
3139
3699
1576
2196
751
1313
2122
275
5050
51
268
1003
1619
3875
5402
456
52
1588
2598
114
4951
930
5390
2196
100
3139
1688
5402
5641
747
3139
2593
4444
1646
2021
992
5133
4371
787
282
4877
3139
1588
2196
787
25
3139
1902
4954
195
2882
2285
275
2196
4704
5387
3462
1606
3139
4379
391
1206
2822
1504
4164
1269
2138
5731
5132
3003
425
3415
2630
-1
2354
5062
2196
5402
25
5402
2196
3139
3139
425
4041
4188
425
664
2787
2196
1842
2150
4194
4265
1313
3679
5049
2001
2196
3600
2123
3108
4945
5402
391
2703
1044
-1
2934
5499
2634
5049
524
5178
16
1230
247
3393
3495
4992
282
-1
4713
1832
3139
2205
2196
2666
1003
4005
2152
632
4574
375
1298
2196
220
1544
4371
1141
2762
722
195
5062
3139
4315
1646
5104
2940
3139
5402
3996
3086
4371
5402
100
2998
964
1016
3113
5049
3676
2762
5280
3711
4226
-1
2787
2095
952
5455
1312
5205
846
3139
16
1756
5402
16
3139
3187
1624
-1
4154
2882
2285
3003
5280
2196
4007
3676
5402
1694
3139
610
2196
2940
1830
2196
3139
2285
425
2285
3875
5543
482
5132
-1
4136
314
4273
2934
2863
1168
1298
227
1185
5049
5087
5576
2285
594
2724
2045
5037
4315
1598
3049
4034
2787
25
5627
5442
4521
1798
3139
2826
5408
3655
5554
735
5313
1821
3308
3028
2164
2231
2762
5671
3854
2196
5402
3003
3139
1312
967
5402
3139
5532
681
3621
3975
5714
304
1269
5491
261
3213
2001
5345
3139
25
2919
31
2196
2196
404
3139
1178
5671
3931
5402
3363
2196
3763
3046
5362
3037
2339
2200
-1
195
310
2196
1016
2377
1452
5384
84
5132
3051
425
2196
2285
2630
5085
25
285
4032
4282
4032
5451
3139
3139
1119
3555
3933
4194
227
425
1699
4534
5062
1891
3060
3238
4985
2762
3304
548
2219
3279
5402
5064
1941
3156
2473
1238
25
5112
3544
4082
3771
3139
2196
1293
288
3139
3796
2285
1157
5324
3506
2625
195
4371
165
320
5402
2787
5735
1521
1185
2882
1044
5733
3724
561
425
2047
1471
3676
5402
1664
2285
425
5331
1601
5064
2724
1003
1979
3108
1601
2549
5254
5112
2200
3308
2285
425
991
2142
2574
3139
5402
2080
2196
4142
5402
2170
1298
5133
133
5133
306
1854
4497
2097
1313
801
25
1293
1965
1769
5022
3139
1942
5657
1601
3139
5402
3689
3000
1340
314
4400
2843
4869
2911
2196
4032
5440
3875
2390
4291
1405
3682
482
5062
5238
135
5446
4998
25
2762
1011
5191
2693
1016
823
25
1738
3139
3139
1185
4488
3283
1313
2787
227
1521
4978
2196
5349
4111
2858
2380
2285
3933
1379
5417
5566
2154
3139
1427
1958
1269
3933
3077
2196
1291
3996
3139
421
2285
1307
2603
5595
4397
4654
3250
3641
2934
1966
2747
3240
3139
-1
5370
2940
5310
2724
605
2196
4951
3289
5049
5018
756
2116
4142
2598
1203
3139
1312
4272
-1
482
3139
1071
3317
2003
1080
1619
4133
2196
-1
25
227
1044
2971
5241
3139
-1
787
1759
5402
3139
993
5074
1227
548
4970
425
-1
4353
4255
-1
1717
695
5062
3139
1340
3766
3766
2045
2441
2196
2986
258
1429
3139
1601
361
2196
5449
1016
1945
4397
2285
1891
1313
3552
425
4321
2196
5446
5564
5402
3139
1203
1601
329
3139
3139
275
4889
3615
1641
1129
2444
1298
53
1152
3067
5119
3833
2480
3139
425
1016
3139
2284
2465
3139
4206
5247
203
581
2196
2762
3139
227
2032
5202
1794
1044
2196
806
2787
1821
77
2440
2724
3367
5062
2539
2787
3509
1095
3139
5731
1080
3431
2311
1958
1112
5242
3139
3766
1923
2285
425
1157
-1
3875
3875
3542
1003
21
432
5402
5402
4158
1606
1369
900
4537
2196
5018
4039
4890
3573
1468
4792
674
4158
-1
5062
425
3676
4493
2196
3240
583
4803
1688
3597
3495
2319
195
4053
2196
3028
2196
2014
2196
281
1298
922
4300
5049
2096
3139
147
4937
3688
4045
425
3139
3139
4226
1517
3326
3250
5062
281
4659
3139
1429
1650
5062
858
4142
3517
1313
5402
303
3346
3139
1429
1313
2462
3256
4777
3139
2189
4034
5726
5402
1675
-1
4705
4966
4362
304
2116
4460
425
4890
-1
5042
5576
2196
1842
2014
2333
4342
3139
3139
4243
2350
1123
3676
1429
5062
2697
1725
5708
2285
3645
1313
2787
2116
4255
3139
3993
1482
5087
2055
3139
3427
3139
3139
5649
3256
5655
-1
3468
583
3037
3663
1987
3107
5649
2196
1650
4007
4826
3139
4158
4158
1427
140
1312
2196
361
2415
5205
1340
718
3308
1835
1923
5616
1227
1506
3112
25
5096
4255
3592
4884
4713
2196
444
3139
5721
2196
2196
2177
61
5049
4432
967
2615
1656
3187
1054
2476
1919
4346
5522
3139
-1
1942
-1
2650
2200
1699
3139
3082
-1
2196
2882
3139
967
1313
227
1379
2690
425
425
5656
425
2832
3353
348
5346
915
4293
-1
1465
2762
985
3592
1958
987
1168
147
2714
96
136
1313
1016
2762
3139
2199
3480
1821
4403
3139
2737
1003
3139
2762
2579
4324
1203
4706
2762
4371
2196
5062
2615
2196
584
5062
1601
3139
3396
1427
5538
4945
831
3308
1769
3139
4944
5547
2548
3185
1313
4400
3826
1598
2196
1619
5254
425
2116
282
3621
-1
444
5062
5402
425
5062
25
2196
4616
3909
5402
1016
664
5172
5719
5402
2515
3003
3828
1709
4273
1692
147
3139
3139
4032
2196
1016
3139
849
2129
3240
-1
3639
785
948
3139
25
2728
3495
3240
1170
1120
-1
3139
1616
2882
1619
2196
3139
3813
5074
5402
4998
3139
2189
2196
3676
2196
1636
356
4039
5714
3139
114
2196
1601
2055
2196
576
1842
1134
2269
1134
3139
425
1688
694
25
5104
2200
1340
3077
1313
3682
4438
3213
5559
425
-1
3139
957
1586
1583
2762
1313
3676
4740
3139
3003
2142
195
714
5671
25
1583
5402
2196
3046
5497
1605
4042
2384
2127
3438
4055
3139
2056
3696
5236
4575
4369
5068
1817
3108
4148
3000
2884
5049
3842
4844
1350
3139
5022
1044
2762
1159
1475
3509
203
1958
5703
275
5062
3496
444
5402
1964
3573
1699
2605
2882
1313
3108
2196
3621
110
2882
3139
3139
1083
1298
5362
835
195
-1
4680
1583
506
3909
3139
3688
1902
-1
2755
2177
133
2285
3415
3139
5011
5402
5649
2196
1984
3342
3139
2164
5482
1161
1313
630
1307
5362
482
3201
3250
5049
2122
348
5402
4082
76
2285
195
195
5062
-1
-1
-1
3279
5062
5402
3250
5422
4497
3881
2337
2703
3112
3952
482
951
3628
3139
1706
2832
53
16
474
3074
5673
1958
425
3308
282
1646
1054
3888
4007
2196
4005
2196
4039
4087
1365
364
2060
4763
3449
2060
5271
3139
4226
2194
4332
787
132
2882
261
5402
3139
4945
147
1824
5104
205
4507
5029
4855
4438
1775
1958
3139
195
5364
3139
3139
526
25
25
1601
4039
3139
5062
482
3139
2196
1313
3289
-1
2269
840
3212
3621
5118
2196
3139
1902
1704
3139
3139
3187
3689
2122
2196
5205
1601
1369
4641
2724
2832
1709
2908
4287
1471
3317
2787
4133
2543
3507
2882
5062
4371
580
1102
803
949
1044
2196
2867
3996
5049
2050
5062
425
1340
25
3139
1071
2495
2196
4945
5402
25
5133
3139
3139
4039
605
2412
2462
2625
5156
3449
4957
25
3644
957
5564
5234
4371
2576
304
1813
16
1016
1523
2196
4720
348
3139
3015
3139
5234
5491
425
2032
2630
195
1246
3621
3822
3396
135
425
1313
5202
1452
3676
3139
2116
5402
3135
2939
4187
4785
1821
5719
4191
2196
1038
3530
77
3139
2949
3139
1468
136
3139
2863
5641
203
4226
2275
4954
242
5426
1639
1340
4354
2056
2510
1601
2196
3139
5320
5402
1003
2196
3896
1800
1134
4041
3865
2724
3139
1794
787
4636
2655
849
195
242
5371
2285
2579
34
25
4142
5402
5340
2949
1313
3139
5062
5402
1479
3808
3240
3518
4484
3010
2770
425
1966
4039
2196
5142
2196
2822
1168
425
1313
961
3682
1307
4713
3003
425
1427
242
3669
1680
3139
1313
1019
5402
547
3139
25
2196
2473
3695
2196
1619
3993
3139
4032
4314
3401
5402
4712
561
1313
221
382
1647
3682
4188
4986
2998
3139
25
3250
1792
1352
3139
1044
2196
2762
5031
314
3139
644
2762
94
4069
1515
285
4046
3190
1307
3909
1149
5402
5271
5402
4860
5021
425
5090
2152
3139
3696
482
1307
3139
1350
1313
2574
3805
3621
3838
4759
4497
3308
3838
2084
649
1991
630
3139
5396
2186
1769
25
3000
3139
3308
5053
2196
4432
1506
3240
760
1945
2285
5671
1942
2420
4075
27
4142
2196
25
425
2284
1902
3139
4555
5664
1601
1924
2882
3324
1352
3139
1924
2825
-1
1722
4727
-1
2014
5590
425
4194
1206
195
1688
1016
16
5176
3909
3456
1692
3139
5299
2091
2196
5564
3139
1598
739
5471
3139
1203
2574
1300
5685
2190
242
2135
2515
2855
2615
1054
4945
787
5595
3139
2196
2196
1781
2258
5526
2200
3107
1725
25
3139
3676
4444
5244
4784
2934
77
282
2196
4884
425
2014
45
1636
2196
227
4799
348
2146
2196
5242
2196
2122
4975
3139
5390
3139
3139
425
3072
96
-1
3628
1694
5155
1468
5254
2638
4158
1717
444
3308
4966
3139
3139
3139
2487
5446
1307
3139
3183
5133
5671
2724
2016
3148
5671
2152
3139
3621
5402
1044
4053
3676
1452
1681
4844
5172
4712
3139
425
1313
114
1307
5712
25
792
4371
4039
2762
255
3139
1598
991
3495
4911
5177
282
2350
4560
3139
324
5368
4600
4763
5713
4000
2724
3107
2184
5491
5097
-1
171
982
4441
3139
394
2510
3139
460
3240
1598
1044
-1
2474
2762
3139
2296
1003
5062
3250
1688
1601
1298
3555
630
3139
3139
4686
823
3108
4324
5566
4720
4196
2830
763
-1
1230
3139
25
5133
5385
4096
2825
2582
2762
482
5402
1168
3688
3139
5402
1829
25
195
587
3150
1269
1722
1429
2629
3438
5140
4986
3139
4784
1313
1185
5062
4945
3139
522
5385
2016
2285
3190
5402
3621
-1
1692
2864
169
5402
5252
425
3139
1490
4078
2285
4771
1384
5062
1636
2243
1313
3139
5021
2196
3880
3139
3924
3709
4713
2345
195
1168
5053
25
2196
5058
2116
4966
3139
1178
2014
3139
-1
2412
4152
5382
1168
1722
4600
3139
1172
2196
5531
2285
5402
338
2034
41
227
-1
-1
5061
31
3396
1244
1429
425
25
3936
2110
1692
5742
25
3951
3552
391
5402
3139
4348
482
2196
25
2615
1561
4544
1606
3682
25
4890
3833
5022
5250
4371
1832
425
5401
1012
2333
4712
2615
-1
2380
58
1506
3139
1475
3139
2382
2316
5402
1203
5657
2146
2882
583
391
1601
2196
3838
2901
3139
4889
4497
2032
1032
135
136
1706
2032
1885
3139
5202
4787
-1
4960
2196
1429
1003
391
4217
2196
3139
2196
3081
2638
1916
2875
1298
160
3139
3265
3139
4632
3509
3139
2762
3871
3139
2562
2196
3641
1681
3139
2196
5340
2084
2768
4226
2480
147
1417
2787
5671
169
4855
227
5684
1313
2060
882
2189
2322
2196
186
3308
5402
258
3530
3139
5671
3139
3164
425
1095
3241
304
2196
282
3139
1340
391
3107
5064
2762
3139
4713
3139
25
227
5356
4777
227
4712
3608
2830
5667
3139
2724
1244
4615
301
1269
638
5672
5470
832
5062
361
2825
1588
425
3641
-1
4850
3139
1358
673
992
2241
1846
4181
3554
5392
5054
3931
2269
2200
3139
2917
3396
24
369
5079
3571
5671
5419
165
4287
735
1765
3139
3139
3896
425
2689
3139
76
482
3190
4454
1583
2593
2768
3139
425
2710
425
2075
-1
4763
1363
2196
632
5015
444
-1
1703
2285
5402
3139
25
25
3875
2619
3139
2762
3621
581
4471
1966
4005
923
2196
4007
633
5402
3139
425
227
391
2196
3676
5074
391
1298
5402
3584
3509
4371
4442
4575
992
1619
5050
4713
4999
1583
4959
3139
391
4158
135
1891
4465
1706
3139
195
5078
3487
2412
25
1161
2196
3345
3139
3139
594
2548
3139
3051
1359
3528
-1
1032
2196
195
2135
4555
4255
2548
-1
3139
4142
4255
3139
3495
338
5708
957
-1
3308
4194
1297
1095
4068
2168
2196
3682
391
3139
23
4442
5062
5293
5280
2825
2196
3317
1601
2196
3139
3808
3275
-1
2474
2998
1178
548
2762
5714
1313
4877
2226
3875
2578
241
5402
275
4371
1313
2825
3495
1718
2369
2380
964
3139
3108
4884
5177
242
1429
-1
2571
3139
1499
3139
5313
2950
425
2209
2710
2591
2196
1709
642
964
5062
1517
2196
427
4371
4720
3507
5402
3192
2164
4194
5062
5166
3139
1044
282
3139
4986
25
1916
-1
1038
2476
1298
1384
2122
4966
1339
2196
3696
1722
1404
2285
-1
1313
2196
25
25
3139
16
760
2762
3139
4534
3365
5049
5708
1298
2196
3127
3139
2724
3621
242
2164
948
195
4478
2620
785
-1
5534
4127
5402
3139
5672
3449
3410
4438
2536
3139
425
3367
2762
3937
4493
1238
2032
227
1203
209
5133
490
3139
4280
2196
3514
964
5587
3269
1821
3768
1073
1003
5178
2390
2943
1340
937
2196
-1
5002
5132
3796
4713
3976
3262
5402
5022
1014
5049
1557
3139
4282
1313
1648
3957
5564
1429
2079
425
3772
3655
470
3108
3108
635
3676
3187
3139
1506
3139
728
3139
1902
5382
3987
425
583
5402
2517
5667
5133
-1
25
2724
2285
3070
1016
4032
4939
425
1853
5402
2615
1318
4444
1654
3552
3139
3139
3139
1016
1298
1601
1363
1298
823
1149
3449
832
1384
5402
285
3310
2390
203
1313
5591
2009
3139
2864
5049
548
2285
25
5178
5156
1168
-1
3846
1297
2762
1429
1203
25
1185
3139
361
1313
1949
2196
4945
2380
25
2196
5402
3173
1405
1588
2196
-1
4226
5679
425
3944
3238
92
425
25
1824
2885
5411
5086
1395
3000
1499
1019
-1
3139
25
2115
4534
348
4432
3139
3139
5220
3139
1427
3003
2693
3139
4298
2390
2196
803
2698
391
1638
5107
2882
3833
909
2189
128
4469
5402
433
636
425
3279
3761
4255
6
1831
2883
1016
4158
2116
189
2247
3324
2196
2196
195
275
5402
540
1643
540
2855
2196
3139
5196
1490
3139
1958
1307
957
2390
3139
2285
3139
2196
2168
5733
638
4476
2635
448
5156
2377
3003
3772
1504
1776
4158
839
282
4988
827
1654
2384
2416
1230
3107
4194
273
2177
705
242
25
2615
2285
2900
1206
2285
3846
3628
1680
3616
3139
4011
1379
3931
3139
923
25
178
5587
2285
4827
2285
3750
5062
3139
3139
2122
3495
746
4142
1294
227
1754
3139
1468
425
4432
4431
2122
3495
2353
556
2911
3524
968
2382
1210
4039
3139
2703
25
3846
4438
1619
3139
16
5646
1363
3495
3875
1920
4885
3139
2940
2196
1269
425
3176
4890
1553
5401
1185
5271
3756
3965
3139
227
3487
4691
2813
348
4075
5049
8
1298
3139
282
2196
482
1054
5218
1298
3139
4713
2911
110
3171
5402
3688
2196
4032
1335
273
5380
846
4929
3592
63
2196
5191
1356
2196
5062
3139
1850
3053
540
2285
1042
1812
25
53
1429
5402
5133
4878
3139
2866
540
5402
5536
2196
2390
5267
3139
4945
1601
4698
5499
1340
2785
781
2787
930
2480
5049
1269
3139
1339
425
1341
493
3842
3139
3139
4053
1638
5491
5402
3517
3838
165
632
5021
3682
1460
427
2934
4568
1579
3806
1692
3187
1177
2714
1161
3528
444
3139
1949
3676
1044
3308
5402
2060
1178
4713
992
4158
4158
2714
3139
2482
-1
5402
165
3139
3863
2333
2825
4000
2615
3676
3495
4509
1313
3028
5001
2060
2714
444
391
4945
425
1161
5518
166
1357
4039
5402
425
3495
3200
5062
937
4373
3499
3139
147
2196
1681
365
1168
2416
806
-1
5156
3139
1680
36
2269
4181
425
584
3139
3219
227
2950
5402
805
3139
2762
52
3592
4598
839
650
1307
3139
5402
1853
1073
3139
2196
3139
689
4548
304
3954
2434
2996
2285
3573
4541
2195
3176
4378
3401
2724
5402
3937
5370
5714
3139
5706
1178
4194
2149
1029
3392
4039
2014
4463
4669
3509
2689
548
3139
425
4891
4945
529
5378
3838
2543
3139
4142
3139
-1
1298
3887
25
425
331
425
1728
3139
2196
2200
1340
937
5062
4158
1044
2285
3139
2071
2209
1601
939
3935
1680
787
3139
-1
-1
1420
4945
1119
2196
4474
3139
1352
5735
3805
2207
2196
3139
5109
-1
3495
220
1242
4158
425
4505
5213
2196
2196
3139
5455
4371
2950
25
4945
425
1922
1450
113
594
3139
5402
1269
227
4142
2200
5156
5171
5451
24
2882
1915
1356
25
5402
722
4041
1650
4966
3227
1116
5584
587
4700
5451
3139
425
3139
5402
787
2133
2196
1760
713
3139
5657
1395
2196
348
4712
3139
5475
2196
3139
4499
4717
3485
292
5022
2142
52
5719
4255
3139
2733
1796
1945
5506
4561
2619
135
787
2238
1704
4489
1486
964
5062
1313
1902
1958
4158
3766
3772
1269
3139
3396
5402
5595
4332
2196
2212
4667
1902
288
5087
1601
4074
4371
1339
3139
2882
3139
189
391
1650
1172
2196
5132
3139
227
4453
2438
1601
-1
756
5471
4944
2196
427
2787
3499
923
444
5538
948
5402
3240
1185
600
3325
2770
2071
810
1452
-1
1095
3139
2813
4061
1680
743
3688
4945
1949
395
5062
4142
2196
25
3139
3772
2440
3037
2267
2116
275
4998
2762
2122
965
1814
3841
1949
1230
5699
1117
5426
3712
4777
2989
3176
4954
1756
1134
2689
25
1845
4966
2549
2196
34
185
3003
2537
826
5687
992
3274
3139
1313
1945
1203
425
5402
4194
25
3655
491
2248
4194
2142
3139
1449
3461
3139
1583
25
474
2615
3139
1902
3050
425
1706
4074
1044
5062
4897
2196
4718
1902
3139
2855
1933
4999
2615
583
105
2364
4135
2195
2146
353
1648
2071
1514
3139
-1
2196
3641
3369
1429
957
5058
343
696
1374
4713
5062
810
3139
2762
262
2724
3269
765
2549
1157
227
3139
3284
2196
5590
5062
4215
3256
425
5587
3139
5267
3139
2762
2200
1048
5159
25
4712
2637
5579
4194
5695
2762
5022
4196
1746
2474
275
4993
913
5671
1601
1178
1107
1269
4371
5156
425
3139
4166
5285
5064
4181
275
2089
5340
3107
165
3139
4383
3139
3273
425
4902
2940
5402
982
5049
304
2462
778
2476
5384
1203
2184
4884
1517
4142
5191
4324
5298
5722
2196
3141
5671
1429
1044
1636
783
5712
3778
1958
3380
3139
5258
3748
1313
2574
2615
1636
1601
3772
5543
282
4763
3139
3422
2189
425
4497
1966
25
391
3262
5096
-1
8
760
3139
3573
3275
3051
2882
2390
2762
3139
2825
3308
2275
1468
692
1095
5132
5062
165
4988
669
4731
2645
2813
1450
4945
2021
2724
5195
3139
5402
2200
4975
2517
432
923
425
1446
3772
425
4226
5587
5042
25
41
3069
2196
3262
4851
1838
227
5712
2285
3139
3139
5402
1249
1239
4039
3139
3310
2574
2196
1601
2196
3275
4194
25
1699
128
5442
3623
2911
957
2041
1016
1137
3275
4361
2766
2390
3996
515
5235
1036
2939
3139
3139
1280
943
3139
1722
2762
2474
1956
1230
1970
5411
760
4951
2241
425
2196
5402
3139
485
3139
785
3833
1799
834
4966
722
1681
3944
3092
4373
4824
4032
526
5402
2196
5062
1134
3396
4158
5493
1012
2762
3139
2762
2369
563
5671
3468
4063
3924
3139
138
3552
2196
650
2196
2363
482
1902
3139
5062
-1
2196
5671
2285
425
2983
1298
1178
5156
1320
1203
3846
2637
565
183
580
3046
1699
4039
2435
5087
2209
5402
1498
25
4342
1601
5166
4407
2196
4226
4756
2768
418
486
425
1168
232
2247
4584
2196
438
648
3367
1425
3139
1664
3608
5402
5133
4604
4966
3139
482
243
3139
25
2285
5062
693
425
1203
4432
4615
5587
4041
4226
832
691
3139
5402
227
418
5402
16
5671
3401
3139
5713
630
1339
5049
5154
2196
195
2019
482
2217
220
5062
1385
195
3068
3139
1054
262
3112
425
5712
1429
3675
2196
2543
3139
16
4815
-1
1821
2882
2869
992
3875
3965
3240
4039
3139
1717
3840
2116
3396
2196
2268
1340
5050
5370
1363
1172
2196
3139
4371
3820
4032
2548
1866
2946
2196
5402
650
5062
1699
3209
5368
2912
2196
1902
1814
5471
227
482
957
4945
2196
5633
3139
785
5534
3108
4438
3139
1307
-1
1601
5402
4142
1916
4096
2196
16
3634
425
172
5402
1331
2762
3980
957
425
2383
-1
3139
539
2946
1005
2196
1300
5133
5665
2312
2196
25
2435
4293
425
3139
644
4784
3238
5244
5340
4270
5649
482
3139
3139
5280
3528
5062
3676
584
427
4444
4884
482
3139
2762
3139
4713
4028
161
271
3312
4945
1134
282
62
1244
5475
3139
3495
2196
2196
5590
1054
2390
3139
5551
3139
2825
1885
4280
2393
3139
4034
1619
1313
262
3830
4763
4215
3139
5612
4291
2200
1198
3528
977
5402
1811
1482
4243
1256
1699
2724
2196
1152
3813
739
2196
1598
1748
25
1965
2196
25
4255
4028
1826
1699
2196
5486
1338
5062
1095
1183
1452
1313
1298
2196
10
3139
1601
1452
4158
3139
3140
915
3120
4222
5671
5402
3813
605
1957
114
25
5062
1699
5633
1650
5087
3518
3772
227
3139
2517
5062
3487
1363
632
1452
4548
3139
1313
3139
4188
1269
1916
2196
227
2610
2196
3134
2196
36
5097
1298
1989
3139
5402
3485
2830
3139
3487
3139
2285
2285
5545
5232
1300
3139
5545
1264
25
25
5229
3139
2676
425
3139
3324
2196
1504
2196
787
5402
1016
3308
3933
5402
5671
5402
5471
2597
1313
1890
5521
1902
5512
4700
2328
57
3046
1517
5402
2196
3842
4237
2487
1427
5112
491
1601
2196
3530
3521
4158
4228
5133
2783
2825
638
482
1429
576
1230
4730
4621
632
5402
1699
2180
425
949
2380
21
681
3676
3055
3250
3308
4998
586
3324
262
2060
3695
2196
4190
4058
5708
1924
25
5402
1238
3139
4286
1307
5049
1032
275
4621
156
2768
3139
3151
5402
1624
3139
2221
3052
4226
2943
5587
1699
5122
2200
1953
80
1429
25
3139
5685
2207
2762
227
425
2605
425
1339
623
2961
2196
3308
2226
5271
3139
1636
4142
338
-1
3716
2762
2196
1119
2196
425
3139
5096
1206
5637
5685
548
5064
3308
177
425
165
3139
5402
2762
648
3367
5068
25
5697
3104
1044
353
4158
1044
2014
1636
2057
2950
3139
3139
2047
4976
3920
1805
5402
5280
425
1168
5356
4158
4367
1636
3875
220
1650
4771
5271
348
992
5402
2196
4100
2184
3865
2195
1313
5112
5049
5049
3139
1754
2196
1583
1468
630
1909
5402
1206
3057
5731
3095
2196
5062
4621
3234
1313
2619
4791
4371
3621
53
1082
227
2615
1238
5133
3139
3869
539
482
16
2517
2190
-1
1821
25
25
281
1131
4680
1817
5587
810
2196
4158
2625
5473
2948
2762
3176
5402
5544
5049
1313
1307
1966
3139
3317
1704
1293
2044
5031
3139
2200
2510
3772
1082
2196
5402
227
3349
232
971
4918
1966
2091
102
2173
1523
4945
1429
3139
227
1390
2122
4190
147
2189
3798
3887
4945
2200
5402
2196
4078
5402
1775
1583
3139
2196
4096
4966
4002
3139
1945
865
650
-1
5370
2813
1429
3787
5062
5484
135
3139
606
4962
916
964
3139
4298
3422
1429
2917
2122
4472
5254
5269
2711
2882
3139
3139
1482
159
4698
353
1032
2825
5139
5205
3308
3367
2625
425
4619
3003
3139
1514
5402
3650
195
3367
2427
1313
823
2064
2296
2762
559
2196
3682
1134
2227
1650
1238
25
3139
3470
227
540
4492
4720
1435
4438
3260
3378
1283
25
2196
3139
2884
2196
5402
5050
2592
3875
3380
2555
1601
3139
964
4630
258
1297
3139
1405
5039
932
195
2825
2059
648
4406
4327
5362
5062
4207
5402
2196
1101
5448
3453
1440
3410
632
3781
2724
4966
2285
1313
539
2825
53
1650
2724
3190
25
4162
2643
5402
2762
5062
3139
3139
4497
95
3139
3139
2282
3005
5545
3192
978
1185
1374
-1
4278
317
1571
394
2295
2451
1185
2474
425
3308
1601
457
2196
2142
5119
5087
4154
2463
5471
1384
-1
16
135
5133
1101
2196
3988
2196
5053
227
632
4999
3308
4527
425
5271
227
4531
4104
868
3139
3862
2882
2703
3250
2281
2440
4492
653
5009
1506
282
2196
1112
425
482
2196
3896
4002
425
3057
348
2383
2196
4332
4400
3843
1121
4212
803
2285
5149
5058
3623
425
4142
2623
3362
4226
540
5247
3289
1313
3139
1776
1359
3139
2510
785
3367
4359
5426
937
1307
5002
18
4222
2285
1185
482
3139
5156
2863
1044
694
3139
3139
4720
4479
195
5122
580
3575
2437
-1
282
4479
2285
-1
4432
4584
2863
691
3813
1196
3139
1178
243
541
4804
2285
1706
2503
2435
2787
425
1137
4712
1039
425
425
5696
2196
4442
282
1966
4978
3555
1957
-1
4792
5402
-1
3192
1482
2200
242
4453
2724
2762
4014
1601
3139
482
2060
2152
2164
2489
41
3865
275
2655
539
910
3139
2515
3427
3363
1028
1274
5419
1769
1611
-1
939
25
5414
5213
5708
8
1298
5576
1054
95
957
1601
227
526
2515
482
1429
5660
4388
4829
753
1429
5270
4713
391
4273
1902
5254
1044
-1
803
3392
3139
957
5271
3139
5402
909
1028
2863
2196
425
3725
3139
5587
1891
1415
2196
3139
317
227
25
4866
2724
425
3317
3730
3569
2196
923
1016
3621
2636
1583
3688
25
1416
5481
630
3592
96
425
4947
1307
4799
2825
834
1583
4061
2196
2196
8
803
4242
4718
5062
787
3880
1788
1465
719
1429
3139
2376
5271
1119
3250
4158
3308
2017
2285
2075
3139
425
3190
49
25
3139
4484
1699
1307
1180
3139
5402
1298
3139
304
1499
2510
4793
2776
1722
3139
4784
3242
5744
3139
5191
4484
3933
3642
4609
1313
25
2196
3139
25
1931
840
3139
3139
-1
5049
5481
1083
4598
5140
3139
5402
3139
5695
1601
4400
2196
4890
3139
5714
4158
1821
2762
4226
3139
3139
2670
3139
5402
1429
2934
25
1729
2950
4008
5402
3090
2333
4660
92
128
5564
4945
2876
5587
3139
2196
1959
-1
275
5158
1650
5362
1798
2585
2164
2196
3308
5574
5241
4884
3450
4771
1429
1680
3139
1606
2882
4540
1468
2196
548
3139
3789
1529
1945
-1
4878
2056
638
811
3969
1588
3275
3139
991
1706
2510
546
2196
2882
1465
957
1615
778
-1
5415
1117
832
1307
2196
5049
3139
4912
3865
3139
1429
695
5190
3900
1298
1298
1168
1636
5714
5657
832
2266
83
3136
356
2014
3139
1313
25
1452
25
4763
2196
5049
5062
206
5062
1616
648
2057
-1
5085
4109
5567
3139
1313
1307
552
595
186
4815
3139
5232
3139
695
2531
1307
5375
907
2724
3621
4693
3051
827
5402
2697
2503
2762
5058
1404
1742
4960
2435
3139
1694
-1
262
1123
5279
1728
5385
5402
-1
1681
5322
1300
5333
25
3139
4282
4695
36
4074
1583
487
3896
1699
-1
1003
3086
5340
923
1307
5271
2196
4373
3510
5402
317
4142
5062
5402
25
787
3139
5254
4434
4232
4345
1298
1180
3139
2196
3240
3139
2196
195
2654
3216
3139
104
3612
3107
4810
957
1482
3846
3240
25
689
993
1821
1436
1180
2867
391
5402
5419
3595
2488
5062
5587
3676
689
482
317
2196
5022
4288
1363
357
1101
576
5446
2882
4875
84
227
2196
630
418
2146
5402
3139
2084
3822
3139
425
1342
1885
1796
1356
3784
5049
4855
2125
3139
1728
147
3377
5696
2284
3139
5062
5671
2456
2196
1195
5062
5497
2195
34
1222
4039
5087
2247
1957
1271
21
427
3139
1699
3108
4885
5028
3240
1341
1631
5672
2480
4255
5049
1071
5404
-1
2882
1821
2196
4890
2068
5402
1134
1363
1384
503
3139
3250
2142
1178
2762
2699
4529
2635
1230
304
5254
149
220
425
3139
4158
5048
1112
915
2285
5731
5062
3066
583
317
1168
227
4454
3160
3139
2196
5543
2882
587
5402
1611
5402
3621
4107
2275
5062
1307
3028
3139
5254
3139
3756
5362
3107
3886
706
2134
5165
2200
5146
5402
3139
2615
3139
4217
3554
1638
2911
482
1891
4792
1095
713
2196
846
448
4002
3108
2196
3072
1298
3139
2953
5205
482
8
4680
1962
3367
1019
2196
3139
425
1452
3139
2675
3461
3002
1717
1902
4770
258
5685
2762
4998
4359
1940
2085
1298
3187
2943
1475
2420
2882
806
5402
4583
3139
1363
5236
1440
5058
2196
3542
3580
95
1159
3139
2190
4039
1598
3139
5546
5402
1625
1675
5402
4555
1313
4005
-1
1260
4850
2762
2762
5050
5554
1160
1054
2724
-1
427
-1
3108
4226
1014
3139
293
1622
425
4718
391
3164
951
3942
5402
5368
2314
5402
4287
133
2390
4403
25
3139
1729
211
1185
5271
2623
3139
3139
2131
252
3363
3139
3139
2916
2862
2416
1902
482
4097
317
3308
2822
1688
2071
3139
5132
3015
4070
-1
3813
5062
1253
2762
4513
3761
4125
3931
4792
2762
716
5049
138
361
1340
2196
2021
5132
4061
5022
3566
425
3176
2196
1688
2770
425
3317
2752
1688
2911
2983
1468
1180
2683
3067
681
3800
25
282
3345
594
3358
4444
1298
5049
3139
2164
5146
482
2200
2196
5236
5510
1305
3139
248
5050
2196
957
33
2604
1475
4191
686
348
3067
41
3139
3960
2749
2196
425
3139
1722
1648
1213
1650
4803
3139
4197
3139
5132
1891
1313
2868
2196
-1
3772
4521
2473
2041
4951
2625
425
1180
4588
4698
3875
25
317
227
3621
179
3139
1190
4983
52
1949
2813
1363
3688
482
2934
3101
5587
2200
3139
2196
1429
3623
4484
77
5062
3139
3139
2697
2196
1709
4202
4792
3496
25
4959
34
5112
-1
5402
2760
2016
1307
1679
3139
1313
4371
3651
652
3139
4315
4048
1134
4400
2830
5062
4226
5402
4505
3528
3772
2196
1044
558
1462
5590
1638
834
3289
4226
4534
5564
2196
4088
25
2615
5119
2196
-1
5402
3718
425
3396
1190
3876
432
2742
1230
348
2325
227
215
2903
691
425
3139
3139
3123
25
5402
3904
5392
1699
3139
4978
1821
303
1054
4712
4771
3136
4954
2619
785
2196
5683
2183
1691
5049
3897
425
1429
5402
25
4513
2882
3139
3066
348
4226
957
2878
1245
1598
5271
1242
4131
4158
1440
925
5685
2056
5473
5672
3139
4118
158
3139
1429
427
5730
-1
1044
5402
723
514
3139
2882
485
95
4621
2762
2266
3139
1244
1601
2135
4453
5384
1798
803
5392
304
8
2383
3799
1016
5064
1218
2818
25
4829
2364
5554
2640
5132
2189
25
3139
923
760
901
1673
4622
2196
3003
5402
2060
4879
3139
5253
3139
2687
3139
939
2122
3108
3909
4158
195
-1
1583
551
114
2475
25
62
3203
692
210
1095
3107
624
5284
823
3057
5426
59
4945
2196
2747
2643
4966
4720
2164
5501
-1
-1
356
-1
4280
3107
4484
5109
692
2196
3003
-1
1101
5320
92
676
624
1429
2907
1942
4844
3990
1313
3075
3139
2703
183
5109
3139
2196
1307
4621
2207
5166
2383
147
1429
3240
1244
301
2663
3139
1036
2269
5590
3139
1764
5587
2060
3139
3195
25
3139
482
3259
4011
2949
5236
5062
5695
5440
4768
4158
3108
5545
541
823
25
4255
491
2699
2644
1902
785
5402
3308
2615
5087
2196
3139
3139
4026
1342
25
482
817
2059
5714
3302
348
1506
25
3240
1044
3688
5554
5402
3763
1184
425
1095
957
4777
524
3139
4097
1672
425
4371
2196
3310
2473
5062
2233
4434
195
2321
361
2773
3139
2762
1688
4720
548
2266
391
2196
3772
1230
1178
25
5062
304
3139
2825
4113
425
2369
485
5402
2195
3768
5402
3540
2196
-1
432
4868
1638
3688
747
2016
5410
1598
4975
3139
1149
2915
425
-1
5402
6
275
5673
2196
5133
2549
4763
1374
4599
77
267
2196
2762
2469
2773
1363
3993
246
-1
4212
1307
4131
2196
1563
3139
1168
425
1298
2066
1760
5375
5087
5313
4695
1313
2116
3139
153
3139
3139
915
2285
1313
2787
4712
3976
2196
4497
5402
1646
2519
3283
1352
3875
2196
3139
2265
2267
1429
5392
2196
1301
876
2896
2882
2055
3139
1429
4063
-1
2146
1429
5402
1185
3139
3139
1998
4564
5433
227
4332
5226
1253
3483
2102
3044
3401
4777
3139
3628
5049
1168
2762
3319
25
2762
3528
3308
5375
4784
1452
482
2196
563
1525
2196
3726
923
5419
2480
645
2196
-1
5471
3139
-1
5587
2762
2196
391
-1
605
2137
317
3711
1913
951
835
3160
1486
1619
4553
1942
3030
5402
957
36
1324
1155
1131
2266
3378
4216
5414
4255
3463
2762
4877
5049
3092
3192
3142
5269
4890
1583
2762
2615
485
1363
4406
681
3000
1879
695
2071
695
1178
3139
425
1230
177
444
4057
2207
5402
5679
1363
4632
5133
1269
1821
425
2196
1699
1307
3495
1110
147
25
4041
1809
4217
1160
1455
2390
4212
5713
3392
5049
2200
2548
4693
2196
1696
3139
2333
3139
3009
-1
3139
425
1313
5587
2456
2787
425
317
2882
3833
1082
5082
3107
2215
3554
2196
3833
2196
2582
3139
1180
2830
3688
3592
-1
4217
-1
619
1346
1044
5340
-1
3787
3729
5402
3688
2285
1017
2762
4288
3139
-1
5470
571
2196
2016
5053
2376
5133
-1
3725
3139
3806
2724
2762
1406
2122
3345
630
5426
3641
1475
5062
2196
2196
2282
2196
4945
-1
583
1466
548
3139
3875
2196
5121
5402
5449
5122
2462
4966
147
195
-1
648
425
1405
4940
2762
2619
3139
