2196
4787
5518
5402
5235
-1
2196
5100
4927
425
2196
1395
2196
4787
2286
4065
360
2067
2196
2196
2196
5104
2196
5402
3139
1876
4585
2196
2196
2196
448
2067
720
2196
5235
1016
353
2196
2092
739
2196
5104
4438
2067
4900
3139
41
1594
3139
2196
276
2196
3139
1704
3308
2196
778
5486
1395
2196
5104
1661
2196
4966
5374
5374
2196
3139
4966
2196
4966
5402
2196
1704
2196
5588
4515
3139
5402
1004
2196
4730
2196
5203
4787
425
2882
2196
5374
5155
425
5402
3139
5402
4966
2196
1487
672
640
5402
2196
4253
195
1350
1016
2196
4067
5402
2196
1944
5402
3163
4158
2196
2196
2196
2196
353
2196
5402
5352
1794
5143
496
2285
3139
2196
353
425
2150
3308
2196
4730
5402
993
1301
4078
4966
2882
3139
4966
4825
2196
2285
4099
2196
1752
4730
3289
2974
2196
2196
2196
2196
2196
1583
1407
2693
1583
2067
2414
2081
5402
2693
3139
1496
703
3139
5621
2286
2196
3139
3946
5140
2693
627
2182
4966
5374
993
4975
2067
3363
2196
2196
52
2882
2882
5402
5022
4253
2882
353
3363
485
2103
4966
5402
5374
1401
2693
52
4966
1300
2196
3139
3289
353
2401
2285
324
1976
276
2693
2866
1583
2285
2882
5062
3139
4487
2103
5086
2196
2693
5402
2196
485
1868
2196
531
473
2196
5402
3363
52
263
4099
4815
1411
2637
2615
3139
2196
5232
2693
4822
3667
473
5086
1016
2196
4662
4265
5402
3376
2354
2196
57
3596
2196
57
3139
1300
2196
3308
4099
25
1720
52
5466
2196
-1
3139
1480
540
1300
25
2021
2196
1395
5112
2288
5691
2693
1300
3621
5087
2882
5687
2882
1452
4087
4378
4662
-1
2196
5062
5062
25
2251
2354
2637
52
3308
2390
2693
2196
1352
5112
1583
2499
3174
1848
2196
3621
2257
2285
1704
1313
2693
2196
2196
1101
4465
1704
3139
556
2615
3139
425
494
4966
3308
2196
2196
-1
5112
3904
52
4209
4099
3139
3139
2196
1680
5112
1902
4973
5112
2882
4966
5402
4654
2196
2196
3419
2154
5232
2583
3139
4181
2196
2196
732
3139
2196
2693
2196
473
1787
3667
556
1313
2693
2196
2285
2196
-1
2665
3003
25
2196
2029
556
5087
5062
3875
5313
5112
3139
2196
640
2825
2196
1004
3139
4815
4253
4893
4893
4209
3139
5062
4038
3667
1339
2882
353
3423
2623
2196
2196
64
2196
2068
425
425
2196
2882
2196
52
4099
5119
276
2285
3821
5254
25
2196
4771
3139
3363
3139
3139
425
4966
2154
2196
4209
57
4173
1342
3387
5112
2196
2882
16
5402
1619
5049
5272
1832
2196
2196
2196
2390
-1
3621
187
5153
1840
3139
78
2196
2314
2196
1016
5062
2196
1331
2615
2285
3139
-1
1307
3139
440
2984
1313
2196
2619
3139
2196
3139
4099
3676
2196
5695
3139
4829
425
57
2537
3623
4815
3139
52
3139
3139
2779
5104
1342
2196
5153
4225
425
5163
-1
5112
2196
3289
5062
2825
1160
425
5136
3676
3315
2724
1160
2196
5671
425
4039
3139
2693
1352
3139
2196
2196
4158
3139
5133
739
425
640
3139
425
3254
743
2762
1931
2693
4966
288
5588
425
3139
2228
3634
1028
5086
1028
1583
3139
1270
92
2354
743
4194
2693
2196
4087
485
446
1931
4194
2809
52
2196
834
2196
425
1598
1931
485
2637
5085
3139
3139
2949
4893
3139
4771
2693
4194
1681
57
5576
4099
2390
2441
4966
4566
3363
2637
2196
1721
5112
1028
2196
5112
2200
3393
3139
3139
3139
2196
1931
1028
2637
1028
1468
1298
57
5195
4939
2882
-1
5062
5022
5112
4209
2537
2625
63
1931
2685
2153
1313
4731
5642
5254
1298
2196
1028
3139
4265
3676
425
2243
425
2196
1342
1307
4206
4099
16
425
3308
5156
5112
485
5313
1238
2196
1028
57
25
2196
2719
5321
2267
3738
1452
2084
2196
1028
5278
5384
982
5062
3139
3591
5047
5482
2196
1160
2693
1307
4934
4563
5062
3139
1410
25
4226
2691
5112
425
2196
3308
3623
-1
4771
2267
2762
3040
590
3139
2285
1588
1323
2196
2957
3139
2122
2196
5720
3148
2354
3641
1342
4564
16
249
3139
357
751
3139
4058
5402
25
482
938
3139
2882
86
2196
5402
2196
2537
1307
425
1931
1342
2196
5112
2780
5402
57
4194
25
4019
5112
4194
1028
2122
5062
906
1016
2067
57
2196
4194
3240
227
1636
2021
4099
4194
3259
2196
3139
1619
3032
5402
1028
1342
25
3139
4795
2882
5112
-1
2615
3139
4771
5112
425
1298
4280
1931
52
4226
4194
4194
4194
4194
1028
4412
2537
2625
1160
3621
1106
25
3139
3383
5545
1160
25
25
2693
3028
4133
5402
1028
3568
2285
5402
5720
5037
3028
3622
2196
3796
4158
3027
2021
4099
5740
425
3308
5402
3796
-1
4194
2892
3682
348
2693
540
1016
1184
52
1902
1339
3139
195
4280
1028
3139
2196
2196
-1
1704
3483
1238
5085
5402
4265
1339
5444
5062
5112
540
3393
2200
2625
5402
5280
5402
4771
1238
1873
1931
1622
5402
473
2609
3139
25
3139
3242
2637
3139
4209
25
5062
3139
485
3139
4194
2196
5112
5566
5402
3139
4253
4798
2691
4876
1429
1028
1313
425
3139
179
2625
3383
1307
5112
5112
5112
1238
5402
3028
348
5112
3139
5402
5402
494
4438
5049
5451
5049
1552
353
3139
1583
1207
3139
5402
5587
5402
1240
2196
4259
4400
3139
2285
4717
5402
5402
2574
1028
2882
3416
591
-1
5280
3825
3139
2474
1207
2196
3641
-1
1044
16
425
539
5271
4649
3139
5022
2021
5062
5402
4945
3308
5402
1429
1851
4827
2196
4827
2183
4945
1754
2354
211
2762
5009
3308
2882
-1
2183
2637
425
1028
25
2474
5402
2196
5321
1157
3139
482
2236
2474
4718
3139
2196
1276
2776
2474
2523
4371
3139
3139
3139
781
2196
5402
-1
5673
1619
1044
2828
1028
3028
1598
3393
1004
3875
4087
4412
3139
722
4109
2084
4194
4087
739
2645
2196
4966
425
5037
1307
1619
2096
2615
4731
5177
4194
3139
1044
2196
2182
4109
25
2503
5402
2474
353
485
25
1313
5566
1342
1845
1028
2196
2825
1931
4808
3139
4515
2762
3028
3139
3621
4194
2882
2882
3139
1313
485
2015
5554
4226
2354
710
3003
1902
2474
3139
25
-1
1429
2934
1342
3139
3621
3139
1016
2693
3462
5321
4463
5254
5232
2882
4730
2333
3139
5402
5402
2949
3139
3483
3621
4194
5628
5049
5402
5049
4669
2196
1238
5692
1429
3796
750
4133
778
2177
3139
2889
2537
4486
4913
-1
3139
3139
1207
25
5062
866
1040
-1
3641
5049
1004
3139
2637
3139
4194
2762
3139
5402
5402
3308
2625
1754
3139
477
3682
787
3139
2638
1042
59
3139
-1
2196
3308
5062
3028
2615
1598
3028
5402
4194
521
1429
1028
1704
1902
3139
1903
3079
674
1339
2762
2196
2637
2196
1213
1366
5112
2021
907
2898
3212
844
2637
1429
4538
4371
540
5521
5402
2200
5471
2469
4226
3139
2196
3763
3139
-1
826
787
2866
2390
57
2267
1028
1307
196
2285
285
5402
3641
3028
3139
3139
3139
4194
5491
722
3139
539
3990
3796
3139
4226
5402
3028
1313
1552
4087
3308
425
2196
4194
1028
2333
177
2474
2189
4444
5062
2474
5288
1016
2285
3139
3028
1028
52
826
2825
3139
3139
1699
-1
1754
1664
5642
4049
2693
2762
1429
2813
2200
645
3139
756
4215
5049
1300
2196
1240
5062
2196
1704
138
3666
3139
-1
4371
2615
4209
211
5117
1902
3200
1313
1011
80
1699
1085
2267
1313
1095
5402
3242
3621
594
4966
5049
1040
2285
1044
5587
2285
5402
5117
1313
425
1342
4280
2196
1673
425
1106
1003
5402
3676
1848
4567
1016
5402
888
5558
1036
1298
3095
5374
3641
210
540
3028
1429
4521
5402
4379
5402
4206
1160
1307
16
5015
5112
1536
5491
3492
3641
2154
4986
4997
3315
4986
540
1996
1429
3139
34
3139
4265
1238
3363
3139
1664
5043
5402
5037
485
4209
5402
2799
4392
3723
5062
3139
16
4951
3139
2196
5720
630
1536
3139
1016
3139
5491
57
2623
4808
2762
5482
3139
2196
2122
-1
3139
3139
1931
1486
41
5271
3139
3139
4194
826
4978
5087
80
556
3028
3139
482
5402
1313
227
1429
1832
4420
2285
3139
1536
3825
4194
751
1931
3139
3641
3139
477
2463
1044
3485
1298
3139
3139
1028
2285
3139
57
1307
694
2510
2196
2326
3139
5112
25
3139
4626
2021
1429
25
5326
2934
2638
2510
540
482
2189
787
826
2196
-1
1028
1619
4397
1902
3959
425
1240
425
425
3139
2251
4564
1342
288
1902
5402
540
-1
425
3139
3066
1054
756
2248
3160
638
1429
1699
5112
4420
2537
3139
5156
1254
4294
2330
5402
3139
694
3139
4194
2196
2263
5062
2762
5402
3139
2196
540
3139
834
2693
2638
2285
5156
4158
3308
1313
2762
2330
25
1942
1238
630
2196
425
2601
3139
3139
1137
3999
3139
3139
5402
5062
4371
5402
3621
1362
3139
2629
2196
5656
304
138
5402
227
4521
3139
21
638
3139
2196
2285
3139
4109
-1
640
2196
834
3139
4771
556
1313
3095
3171
3183
4978
1204
1238
482
5049
4660
4951
57
4699
18
540
425
1429
5402
1715
3139
4883
16
2200
-1
3139
4194
5574
2326
5112
866
5402
1823
211
832
2196
2693
1583
2762
5112
5518
4194
5650
52
1486
1407
1679
3139
3657
4164
1016
5402
2196
5051
4099
3086
3621
4966
16
1342
1429
1307
2196
5402
3139
419
2866
476
2189
4572
1902
425
4986
215
4194
16
2693
4397
425
5313
5656
3139
2394
3308
3139
1942
2683
5049
2693
3530
1210
5271
2469
1160
2866
2638
2697
5451
5402
2638
614
3139
1313
1313
1313
4194
5402
425
4763
1583
3139
2357
5402
5062
4827
4158
1166
2432
5402
2357
4482
2583
5743
5402
1903
5402
2196
890
2510
411
3139
4626
16
1583
5730
3139
4827
1028
3139
3139
196
3413
3139
232
507
1351
2637
1411
1583
4222
1429
3487
3796
5087
-1
1160
3139
425
3308
1486
3139
3528
614
2285
2196
63
1699
425
5293
2474
1320
5673
1536
1313
485
4265
1028
2285
1616
4226
2615
2574
2903
3139
1286
16
1313
5505
3139
3139
1370
917
356
3139
3139
3571
2825
3621
540
2825
2537
3074
1238
1160
3139
4366
485
3139
5451
3528
769
113
594
5104
3416
691
5491
3441
195
2196
2177
425
5117
1429
5313
1320
5566
3139
2286
1942
5518
3139
1307
3259
972
357
3139
1619
4194
1172
4713
1942
3416
356
5402
4881
1339
2474
2354
508
556
4515
2285
3393
2693
16
3139
1307
3621
1313
3571
2189
5085
4986
1583
2706
196
5402
1699
1240
5656
3367
5656
2474
3613
3745
3028
1931
1298
2537
5566
1588
1664
4785
5402
1307
2220
832
2196
1664
2196
5402
4109
2762
3139
4397
3367
1452
3257
3086
3139
4626
4226
2882
1016
4785
3028
2474
2420
2196
1942
5467
2762
1583
4633
4945
4633
1429
3139
1664
1028
1969
2510
1044
3139
3796
1307
1536
5402
2562
425
2697
5402
2762
2615
1238
1629
3621
3139
3528
2021
1798
5402
5049
4945
3419
583
638
5402
5062
4768
5104
2285
1054
4371
4099
1619
2933
2196
1902
3676
5280
425
1054
56
4633
2510
5482
4986
2196
1313
1429
4966
1798
1902
4148
-1
1942
5451
5454
2285
4693
2517
1666
4768
485
3487
3528
2813
1823
3367
138
2882
57
25
4087
2200
917
2196
2474
5656
2304
2196
5043
3441
1298
3367
4768
3139
3139
4770
5655
3139
2615
425
3497
425
865
1286
5195
356
25
1028
5402
4265
5087
1583
-1
1116
275
1794
1606
1028
787
3840
4194
2196
3139
3139
2637
4454
1996
2196
3483
4583
3139
3623
756
4539
288
3589
1429
1536
1486
1673
2196
5402
691
5733
5402
2196
3139
3139
425
4232
2638
5263
746
2460
785
1429
443
3676
4945
3538
907
3139
2390
1931
3796
3240
356
4890
2762
1254
3139
4265
25
556
4315
3139
3139
185
3139
3518
569
2918
3139
1298
5378
3487
5497
2974
2196
3139
691
4019
3474
832
1902
2177
3139
-1
4280
5402
5049
2623
4497
25
1427
1184
2196
4633
5402
1931
1342
195
1902
3139
1028
1028
1230
4194
3240
1028
638
3137
5117
3139
2934
3139
4662
3139
3139
482
3139
5200
5505
425
3367
3139
5402
485
59
2196
5469
52
1480
1028
3139
3796
3139
5402
-1
1238
3259
-1
353
1269
227
2638
4675
5402
310
1892
1298
1101
1902
5402
1313
195
1269
5402
3139
1699
3139
5112
5469
5402
1536
3139
2637
4768
5085
1157
739
5402
539
2196
1429
5402
2615
2834
1152
177
3933
4887
4978
2196
4768
3139
-1
5482
3139
5402
16
5451
3682
195
5313
4232
1715
1902
2510
3549
4529
539
1754
4194
4488
3418
5402
1902
443
356
541
1238
3139
539
2399
3573
4133
2390
3139
3139
2618
1095
1007
5402
5402
3139
1313
1028
694
427
5374
1903
1028
4044
425
1172
3139
1619
25
3139
3388
2958
3139
4630
1831
2593
5402
4768
1699
25
3203
751
4315
1600
3875
2177
5402
1342
1812
5104
3139
425
25
3139
1410
2776
1883
923
3483
3139
1942
2285
4720
2285
4412
3139
3139
2196
4997
5062
3363
5673
3427
1240
541
1699
1777
3469
2282
3393
3772
1313
1410
93
275
-1
356
2462
16
4945
691
1606
833
2950
4206
2196
1486
3139
4497
3139
1106
2746
5049
3240
2218
2196
2825
3003
195
4369
3139
3139
1945
4956
1313
4194
3880
2196
2562
3139
3139
3003
2196
4454
5554
1536
3767
2196
2637
3139
540
832
4206
3139
2196
1897
743
3393
5402
4801
2625
2623
3139
2196
3139
-1
1054
5491
3139
3183
138
3003
1313
2799
3518
1619
2196
1942
2510
3139
4371
3139
5703
3139
638
541
1160
1664
2562
5554
3139
4580
1664
2762
5714
3139
3139
3530
1273
2196
3904
3139
2285
3160
3623
4265
4966
25
751
1160
3139
1184
3139
3139
2196
4513
-1
865
2531
3139
25
3139
25
5402
2951
4226
3534
425
209
3441
1798
2285
3139
2021
638
1307
5112
2196
2749
-1
1168
1429
1393
2762
5402
3139
1673
5473
5505
3840
3269
2330
25
638
25
3792
4877
1003
3139
526
3139
1619
3139
5426
1699
2282
4194
4564
1715
756
3139
3139
2196
2762
1313
25
2625
4326
1429
5538
5402
5049
4768
425
356
5134
-1
3139
4202
3139
3682
5656
36
3592
3139
2196
5656
2122
2200
3103
3767
581
2174
4768
3139
177
3573
5467
2285
4768
2196
-1
810
3139
2196
614
4743
3003
552
3308
2999
425
3139
2196
1897
1313
5451
1601
5085
258
3308
5402
5673
1619
5112
3139
1322
5402
5402
2474
1601
-1
3528
2196
1206
5497
5426
4726
4315
2196
505
571
52
220
2196
1313
3367
4109
2191
77
1054
2693
901
2122
5505
25
425
2275
1699
2279
288
1313
3390
5547
2196
3573
571
25
2882
2304
1429
2196
5133
1184
4202
26
3530
1168
4039
1044
2723
3139
441
807
5408
1529
2200
425
4107
965
2776
4966
4202
2326
581
3028
4194
3139
3139
4497
4521
4287
3139
3139
5062
3003
3763
285
1584
16
227
2285
285
1003
425
3190
577
16
4890
1601
2285
1313
3139
866
3530
4633
3187
4294
1754
1480
2762
1601
4265
1307
1583
2285
1300
3367
3062
3139
3139
5402
1699
3528
5112
123
1313
1655
3139
3203
117
5402
3057
2196
258
3139
1355
5402
2903
4978
3190
4202
5402
25
-1
3963
3427
4713
3139
2537
4344
2693
3308
1238
1673
1495
1598
3139
5544
2616
356
4772
5402
425
2080
5293
3139
5451
1601
3987
2154
3028
4687
1044
2762
3139
425
4447
1307
4327
1429
275
3139
2762
3072
3139
2290
4810
4616
2589
1313
3139
227
2539
425
5062
3139
1583
1699
1286
2390
4344
3139
-1
5528
3139
968
2161
4265
3139
329
3796
852
3621
2122
5049
2333
177
5637
1606
1168
2308
2196
5411
2369
227
2279
3139
25
965
1764
2015
425
25
2510
357
2196
3959
1313
5049
3828
4158
938
5402
3621
4497
3540
16
3767
1601
2825
1160
3367
5671
4956
77
2196
3139
1028
3049
4768
4626
356
1168
3139
1238
691
242
5402
3139
3139
1355
2357
4929
4885
482
258
1274
-1
5271
356
-1
4487
1931
2650
183
3139
4226
4986
86
1583
3139
3139
5313
16
57
2390
5100
3483
4371
2122
1588
3139
2517
227
2350
2122
2285
2196
4718
5566
2196
5538
425
2762
3139
1651
21
4978
4718
2196
2637
2382
4720
-1
2285
556
482
3682
3716
425
552
1704
3621
-1
3139
4718
4615
2196
4621
4100
4099
2411
2196
52
5353
3139
425
2374
2369
25
1949
2096
4986
353
177
638
-1
2196
2102
3367
1230
1601
5612
2196
3139
2517
1429
3762
425
2196
5729
3139
227
4087
648
3139
3139
5037
2842
36
810
1601
2390
4100
2196
1664
503
3190
1699
5502
3987
1429
5402
3139
3139
4194
5062
2285
731
3139
3139
3661
2196
826
5695
3139
5378
36
3139
1768
1298
1583
4883
2903
2949
5402
1234
1601
1455
1943
1709
746
3621
3160
5130
3139
484
3139
484
648
3439
5402
1429
1601
1168
2248
5165
5181
1307
3901
1583
3987
2285
691
3139
3139
425
5402
2196
3139
5402
5402
3987
3190
485
425
4713
4466
1171
2196
3139
2196
1699
4497
3139
5404
3308
5213
2196
2068
3240
2196
5402
1168
3803
691
4100
25
4966
2668
1715
3641
16
1427
5402
1561
4420
4194
5112
2762
211
2196
1429
276
1486
3676
425
3139
1028
4660
110
4226
4392
3837
648
3667
2196
2693
1699
3367
1238
1479
1040
2813
1298
4768
4392
1028
-1
1902
485
3028
425
4785
2637
2200
3139
3682
5642
4753
5402
2196
5411
136
425
4294
49
2200
2102
1125
1185
3528
5402
2469
873
4412
3187
1715
1298
1238
1410
425
3781
4332
2724
-1
-1
2473
496
4802
5028
1298
2537
4344
4194
425
195
3136
4771
3139
920
507
3393
1664
4447
-1
482
1486
3289
5497
834
1110
-1
2762
1137
4074
4194
2762
3848
5119
5225
4386
258
-1
5062
1583
3308
1003
2196
3571
288
3139
1254
3139
5545
482
3139
3021
3340
25
1699
3139
1298
2860
4294
583
-1
2390
3367
5554
25
-1
5402
1583
1298
2196
5062
3171
5140
3139
2196
2196
3367
1725
3528
3528
2762
1121
3139
1404
1913
-1
4815
4912
16
3308
5491
961
3139
1038
5024
5402
1313
4039
5062
2762
1429
3682
4280
4454
2196
3762
1269
3875
694
1902
5062
2734
5402
425
540
3518
2762
4206
2776
5402
5703
4215
3528
3139
2693
4223
3920
2285
1694
5062
4802
5547
425
3838
2196
52
5402
2285
2196
2196
5119
1943
1313
3676
1794
482
4885
25
2196
1395
425
1313
1273
3139
695
4199
4802
2196
3441
3139
5451
2196
4202
5085
3308
5112
5405
750
1003
3726
5340
4660
172
2196
195
3264
3441
2629
3650
3139
-1
852
25
63
2285
2615
1443
3416
2196
3139
2285
5402
425
5402
4815
4768
5491
4633
2084
581
4049
2531
1320
5404
482
2196
227
-1
3194
1160
5049
136
3082
5402
1429
3796
3308
1699
5112
2196
1588
425
2943
3139
5641
5402
4196
2285
2296
1435
5451
526
3330
425
5547
320
3528
1313
1110
3363
5644
3139
3875
215
2510
1298
4633
2692
2693
2638
3862
1028
338
1313
3139
2357
594
1583
258
3139
3061
25
5402
3945
3139
4332
932
1307
4053
3139
3621
2814
5049
3641
761
3876
2357
303
2122
1800
3363
5133
25
2762
2196
3055
2474
5112
1307
1320
3367
-1
3139
1313
482
4420
800
3448
1307
2122
1796
3367
4735
4039
3139
4966
1429
3062
5062
3694
1342
3641
540
2248
3139
3139
2200
5321
5473
227
63
5402
227
3139
267
267
3139
425
1601
3139
2619
3363
4815
3139
425
2200
25
2196
2704
3160
3139
425
1160
4654
2196
2326
2943
425
4737
1307
5491
-1
2196
4966
5471
4298
541
1083
3139
1352
183
638
3259
1355
2039
1452
2369
3139
2860
3689
80
2473
991
59
59
2949
5545
2196
4194
4801
2196
1354
2934
4842
4966
1472
2724
4444
3592
3875
3786
227
3139
227
2091
2282
2615
4947
3139
2474
3308
2841
5598
25
761
1342
3187
227
1704
3528
-1
282
4017
5191
3830
961
2497
353
2275
961
4226
2625
752
2638
3139
-1
4194
1601
3887
5714
3139
4718
5384
2724
3126
2285
2285
1648
2200
2196
3621
1583
425
3139
2762
2196
-1
2326
2285
4787
3139
4947
3621
3763
1168
3139
1536
3139
3139
2067
5402
1355
5554
3139
5405
3139
4944
3240
25
4194
2333
4831
25
4580
1101
5402
425
-1
638
2882
4202
3139
3621
5491
630
482
3139
3653
1438
4978
-1
4951
1313
4194
5402
5491
695
4225
3781
3003
2570
3895
743
2196
1583
2196
3139
1038
3139
3139
3139
4326
3367
5402
2200
3971
4315
425
227
3139
1479
4222
4222
1160
4768
4332
3139
326
3139
1297
5345
5402
3139
2989
1044
494
3875
2196
3028
2196
1092
1606
2043
1350
1845
3139
5112
4202
3061
3139
1800
1297
3346
907
3139
5330
3139
3139
721
3317
3676
2388
4785
2762
1429
1852
1160
3139
1931
3139
227
3676
810
1016
957
425
1692
4147
630
4660
1606
1307
2537
4383
494
5402
3676
4158
227
489
170
3676
2196
3317
619
5650
2412
2130
52
3055
1429
1699
5404
3139
4900
2196
3427
3139
1601
540
2196
3139
4202
3139
2813
1722
3139
539
1016
4497
5232
3139
3622
4966
4660
3139
4109
1298
3086
1823
2080
2431
5538
5402
1298
3139
852
1902
3139
823
425
425
2285
1588
2638
2325
5402
3487
2383
648
2619
2149
1297
2156
4787
3139
3139
1273
539
3441
787
5402
2218
4945
494
4947
3118
1601
932
3518
2974
1538
5545
1769
2882
1486
5402
3246
2762
2390
2724
3139
425
3875
4194
4581
1054
2164
227
1313
5049
5122
5402
4944
1601
632
2813
4923
2196
2196
3901
2196
196
787
4966
1455
4572
5402
5547
4633
2949
1003
1307
571
2762
25
4959
4883
5062
1688
5062
4215
705
1352
4194
3841
4353
1101
3139
227
1425
826
2380
3439
1172
2279
2196
25
3139
4244
4226
3139
3852
1134
4158
3841
227
747
583
3363
2285
3487
3139
25
3495
3877
227
594
5402
425
282
4720
770
-1
4332
539
169
3139
227
3770
3139
3996
3139
2619
4768
4695
2196
227
1583
606
2196
1313
3366
1879
25
5140
3139
195
5505
3139
4194
2196
5402
4945
2934
425
3849
4785
4226
-1
2196
2630
3393
1206
2285
2196
2333
4768
21
425
123
4695
3139
3281
1187
425
1313
1583
5112
800
1848
1601
282
1795
5402
1157
4633
4194
5087
2196
1238
3139
3139
16
1435
5049
1532
598
2473
3139
1415
1370
3139
5402
5657
4768
1307
3308
5010
4827
750
3028
3688
3139
3139
2196
2369
2052
2196
258
3682
2109
1661
1722
1238
3139
2989
5473
172
4074
5200
-1
-1
858
4755
968
3393
3139
1036
1429
2350
1754
5435
3139
2196
1134
183
3573
3099
3139
606
1757
4743
4853
1028
4386
2279
1681
425
3139
2762
3875
4801
3139
4966
425
2200
4215
4660
4581
3190
4226
4529
2146
614
810
5402
5402
482
425
36
1794
2196
1028
3418
1821
3139
5119
425
5402
5426
4086
606
735
3139
2025
3139
1866
3139
5656
282
2285
1949
2882
1722
2762
2196
425
4771
1643
583
2841
1775
-1
872
3139
3308
1313
1300
5551
3003
138
3139
4602
2275
638
571
4763
425
2196
3402
425
4194
425
1429
1961
485
866
3487
5402
3621
5545
425
59
2892
1583
1583
24
3139
3139
-1
965
1606
485
3000
1003
3086
3139
3139
1482
3284
5402
1699
2638
1429
3139
5402
268
5402
3139
3148
3139
1775
1168
5129
3240
3495
2196
4265
1699
3139
4965
2616
5555
4194
3104
1480
3139
2625
3139
-1
3308
3190
4947
4242
4287
2196
3676
3072
2762
4768
5547
4202
1307
5402
5547
2279
-1
3139
3152
2412
4074
1207
826
2196
16
1429
2196
2390
425
5576
4158
2196
-1
177
946
2892
2697
1313
5671
2196
1298
2412
1595
5122
177
3888
4332
5049
357
2196
2199
2863
-1
1575
2084
3139
425
3641
-1
443
4017
1307
4885
4194
1300
425
4386
1134
4074
1297
1307
1238
4768
425
2510
2279
438
2196
3139
3317
4580
25
482
2442
1588
4158
5622
2146
282
1410
1688
1946
705
2510
3139
1300
183
2195
2196
4737
1429
3139
3139
540
2196
2474
285
3139
581
3184
41
2196
4875
3838
485
2384
282
2825
5049
425
2196
2297
425
5405
5254
2390
2161
5655
1583
2537
3308
2438
3321
3139
5126
3308
4966
2196
1664
2574
2285
3139
4107
5402
5555
285
5049
3139
1821
5254
3107
1575
4695
2102
482
1042
304
2510
583
4555
2756
3139
2184
3139
2146
1028
3312
3160
3884
2999
80
1933
2474
2170
2762
1776
5671
3139
2196
2998
2200
4111
282
356
691
3139
1588
5402
722
2474
2440
3725
5402
3826
1293
1429
1313
2196
2618
2285
4202
4056
2196
3830
33
4743
1546
4142
1583
3139
5402
3139
1601
1994
2762
1313
5084
2610
4802
5451
2463
258
4381
3841
3996
3139
285
571
1429
1699
4539
4315
3694
1110
3139
746
2282
2762
3781
5649
1028
2693
2762
4344
4332
3139
1016
1536
2177
1028
4944
1193
4418
2164
452
638
4053
4362
1486
5554
541
2123
5402
3107
3781
4359
3139
1298
1942
5112
3139
3139
5671
3838
2196
4978
5402
5147
2638
1429
5112
784
5402
4397
3367
2267
2279
2095
2097
2200
4712
3139
5117
5062
304
4374
5112
5254
2883
4619
556
282
1429
5085
3028
1465
2196
-1
3139
4438
5451
1171
-1
3139
2390
3474
2260
3270
4693
540
5402
4181
3139
5049
3041
5402
2762
1073
237
4986
1283
2196
3139
2671
1251
4371
3139
3509
2218
2196
3139
3976
282
99
2248
1269
227
718
5178
4318
1429
2762
2196
2196
21
3139
1054
1583
5426
425
-1
3308
832
1028
2200
3190
2762
2537
1160
1137
4202
315
2610
3139
1902
2552
2196
2762
5232
425
3139
2693
1850
4621
-1
3139
25
3814
1601
3676
304
1664
3439
1207
5049
4844
3139
5652
3682
25
2279
109
3139
5166
2390
5062
1680
2794
3139
4602
2387
4019
482
25
5062
5333
2650
4217
5583
4196
4265
25
1187
4900
3139
669
2949
77
5402
3187
2196
1307
1699
3641
1101
4976
2196
4222
2762
1044
3139
4893
1054
1429
3176
-1
4086
4912
4287
4966
1168
3427
-1
3509
1313
2196
2196
2974
1931
3192
3787
2762
1298
5402
5378
3139
227
5471
1307
3550
1826
3269
25
140
425
5402
4188
2196
4057
3982
3676
5402
5163
1469
179
2944
4584
1038
1636
3634
3560
3139
1313
-1
4074
1429
2615
5062
2196
3139
556
5746
425
3139
1283
3139
2860
4232
3682
485
53
2196
227
705
3107
2196
4039
5402
2196
5402
1007
2196
3139
3139
1390
3139
3028
892
5637
2285
416
2281
1313
1339
2762
756
2188
1230
2196
4998
957
3641
425
16
3822
1054
3139
5671
2282
957
4373
4337
-1
3762
3139
4844
2196
1429
227
5491
2420
2437
2338
1168
46
5637
3139
2285
594
2196
4945
3402
2196
2196
5112
758
1134
333
632
1601
5049
3139
3139
-1
3139
425
-1
2974
5587
2762
2934
3676
4362
1692
4397
3139
5426
3641
4986
735
227
3139
356
3401
5385
969
5402
-1
3139
3367
2200
285
1455
1293
5133
5049
1821
1699
2095
3210
1054
2196
2196
3139
5402
4693
3308
4104
1110
4344
3139
5062
1313
1054
1598
2196
1796
1307
4100
4947
3139
482
5264
1038
5371
227
5402
691
1178
5402
110
3139
3317
3187
4695
1536
1673
645
3139
3139
169
1699
3592
3139
2517
5062
4966
3621
448
1028
1468
1106
2825
5545
3875
1673
5497
5502
743
57
2666
3139
1339
2619
1429
3269
787
2825
3530
1320
-1
5665
1699
2570
2171
3139
4158
3308
3621
2469
3759
2097
1601
1583
4712
4142
4100
1313
4007
2196
1339
1307
1038
3996
5104
691
2196
3841
3139
-1
3610
2975
5590
140
2724
4431
4820
3139
3367
526
2326
632
540
3550
4820
109
3139
691
92
3139
4158
3139
4713
1427
5049
1168
5714
2282
1990
1028
1692
4465
5087
1798
1134
1307
183
2825
-1
3046
485
5502
3139
99
1798
4286
1185
5402
5156
3139
3041
4702
416
3419
4646
3107
18
2464
4194
681
3139
777
25
2196
1298
1631
3971
3061
1160
4695
3139
-1
3676
1230
3139
681
3139
2939
1638
3657
4158
16
3139
25
1506
5507
4890
3441
2196
1101
614
5466
2196
3139
1468
4561
539
5122
5402
3139
4194
3985
5402
1984
2949
4815
1163
2196
1373
4035
2196
792
-1
5686
2693
3139
5590
177
3939
5642
4986
195
4947
2968
3139
5062
2196
5196
638
3308
1230
3139
1054
5402
5085
5402
3139
4990
2196
220
3139
2330
5402
3139
1583
1044
2196
4039
5688
4326
1435
5576
3139
1638
3139
3028
2196
3195
1342
2662
4202
3139
4885
3916
3566
3139
957
4584
2196
2666
2196
756
425
4034
3139
3676
3187
4713
3139
5688
2196
2474
41
-1
3139
4181
3763
275
4489
1996
211
2196
5402
5402
2762
3139
3139
1273
2762
3419
425
5642
-1
639
1054
4581
1313
5714
425
3195
5341
1095
691
3781
5528
2762
4633
5062
3139
-1
1583
456
2122
1134
2285
2285
977
1298
2091
3139
4194
2196
705
3876
1601
1342
3139
3139
5714
2021
1044
25
304
456
196
1931
957
594
1408
3139
5402
3139
2825
1019
3528
3487
3139
1692
2531
1699
540
834
3190
583
2281
1699
4767
2644
2285
4702
1163
3139
3139
2856
4812
3139
2762
2825
3139
2059
3996
5671
3878
3139
3139
258
1902
2326
3139
3641
1293
957
5279
1916
1588
630
425
4371
2196
2196
3139
482
2851
2762
4188
2382
3495
3875
3139
484
3139
4717
2932
5336
1044
2390
5195
1480
3293
3139
3139
2455
3487
2200
3487
1794
4584
1601
5284
4063
1298
1699
3139
3463
5491
1293
258
3214
605
648
743
5166
5714
2196
3139
1073
5402
1699
149
2462
613
2537
-1
5172
3139
1710
5637
425
5166
3139
4447
1704
4316
5087
1798
3139
5062
2825
2068
1184
3160
3259
526
25
3875
3396
57
3190
2285
3308
2920
1293
577
4367
4492
4194
1958
2732
1134
3107
1298
1808
5402
3298
36
4007
1619
4689
3377
5422
3139
810
-1
2196
5422
1624
3676
425
110
5587
3595
-1
4158
3826
991
5402
2420
3139
3641
2825
1298
25
5062
425
5402
5566
4344
705
2390
5031
1601
3139
2762
1942
1342
1699
827
5232
1042
3139
5482
1054
5469
4483
4542
227
4386
3682
4768
3203
3139
1095
3796
5588
4035
5271
3975
3139
3139
4424
2666
3139
1722
5402
4890
2762
3139
3667
243
3139
2196
482
2285
3139
282
3308
5133
581
25
1601
2196
1631
1044
1303
4194
3682
4768
3173
-1
1902
1016
2266
1429
1234
1003
3063
5402
425
1455
3139
4514
2260
4484
3615
1664
3160
3139
2200
2196
2196
2796
3139
3139
25
3661
3139
1681
2200
1699
1405
484
3555
2258
3139
4280
2895
25
3139
3139
2196
3875
1504
1583
3139
5104
3308
1298
41
2762
3796
5402
3187
1134
1415
1016
5087
2285
4815
5087
3184
3139
957
1298
2195
2196
2890
-1
425
5587
3139
5062
1297
2762
2781
2217
4039
425
5049
5497
3392
3139
5364
1664
3139
694
1273
1168
5284
5469
5177
1168
4202
1688
3463
1311
3107
3139
4194
1710
3612
3139
3483
1044
3896
3139
4371
3139
5538
1313
3707
3838
5673
5402
147
1054
1601
227
735
852
12
4274
425
3540
957
5166
3689
5049
3139
3139
3401
5133
4966
5402
3139
2196
1003
1238
3041
5473
5322
3676
3139
25
69
4373
4771
5062
3139
3789
3192
1405
5049
1821
3139
4289
153
3139
2333
3139
5028
5402
258
4481
5163
5505
4226
1964
648
1830
1307
-1
691
4406
1161
25
227
4947
5517
3641
3570
2260
4966
3139
5402
1085
4202
2762
-1
5402
5062
1648
1664
2285
3139
2196
2380
1307
5049
4492
4497
4371
1429
4385
-1
3139
5402
2196
5133
3003
2196
5402
3789
2995
3485
2562
2196
5087
5673
4711
1003
282
16
3139
2196
1335
3139
1575
425
4014
2390
2742
2196
4827
4720
4777
-1
3139
5235
-1
25
4768
59
1168
3363
4978
2285
2762
4712
5451
3820
5156
4194
5313
5402
52
2629
2376
25
4222
2764
356
2196
5616
220
2625
2196
2149
3139
2834
57
3222
5062
1384
227
4772
1601
5087
1517
1313
3139
5062
3641
3139
2196
4454
3530
-1
3139
5402
2115
3641
947
25
1583
967
5590
2762
3139
2623
2266
2209
5402
258
3308
1949
5054
5181
-1
285
4945
3435
3457
2196
2882
4298
3296
3113
3139
594
967
827
2357
964
3139
3730
3139
5545
3838
1468
3160
1016
1775
3573
2390
5321
3139
3139
3155
2474
227
2671
4978
3139
5651
25
3439
1692
524
333
967
3028
5405
3139
-1
4534
5402
2756
5402
2972
2196
2724
1769
4768
3139
3621
3139
5156
2762
4645
425
3612
-1
1468
1230
2196
1307
5271
2906
5402
2200
195
1650
1845
5062
5229
3139
4713
2177
4188
5178
3977
5415
2196
1028
2122
1999
735
4712
2570
3627
59
1664
4626
583
5254
1083
2384
1298
3621
3996
3139
3139
2196
2280
1681
195
3139
4951
3139
5235
-1
416
4580
4194
4720
1307
25
3203
4513
25
1699
939
2014
2948
2196
4951
4202
53
1471
3139
5118
1742
1339
5049
1648
2146
5177
4966
2196
1632
2880
2196
4278
3139
5049
4007
4331
4529
2196
348
3139
4966
4194
82
2333
1429
1293
5733
4210
4801
425
3363
5049
4890
3676
5402
2015
4771
2762
3139
1987
2146
3139
3267
4100
1832
4907
3787
-1
1648
2285
16
3139
5566
2890
2196
1664
3877
3003
2146
857
3965
2724
3308
630
3875
3435
1028
5087
3363
1195
179
5579
1184
1016
3308
2196
2285
3833
3787
4529
1269
4014
282
3283
917
1931
810
3139
1184
3213
5062
4034
5747
2762
473
3139
5154
1238
282
1673
25
425
964
632
3003
1715
967
1185
1016
913
1016
3569
3139
53
282
3788
1269
227
5402
5333
3495
2285
1536
-1
3139
4158
147
3139
320
3139
5214
248
957
4904
1821
425
3051
5656
5433
4885
3139
2615
1339
425
1300
1648
5497
1606
25
1794
1933
1016
409
4801
425
4136
-1
3000
2196
3886
2774
4660
1238
195
3139
1910
2376
3139
2196
3641
4039
3139
1521
2637
4158
4246
3139
3987
1429
5232
4904
2059
2510
1588
5062
2196
5269
1044
3139
3781
2864
4454
3881
695
3592
227
1902
4344
4529
3003
5699
5378
1931
4255
571
2266
4720
705
648
4471
4963
1313
304
25
4371
1769
25
5402
3996
1269
4489
3139
41
2200
425
1298
5547
2507
2724
4315
5714
3139
5132
785
4400
1313
3139
425
3139
25
2196
3763
282
5402
3139
2762
4702
3139
2572
3139
2731
1404
1408
4226
4000
2269
3139
1238
3003
1479
1474
3485
3483
5313
1601
5031
3676
3139
638
3139
3139
-1
783
3086
262
1313
2762
444
3139
3367
4397
865
4493
691
5087
785
2770
3139
3309
4289
2621
3883
3960
1028
21
3592
1462
4007
5271
1313
2762
1354
2196
3069
1016
3139
425
2196
1028
-1
1003
2880
3139
2762
967
63
4007
1407
5538
2659
16
2196
632
2196
25
3139
2196
2189
2196
1425
4868
1100
3139
2196
425
2285
3875
3139
2724
1821
2440
1054
3787
2196
3139
4635
3308
2369
1450
2762
2813
3509
4737
5119
4815
3139
2776
4034
293
4280
2196
5592
1482
2590
1429
3213
1465
227
3139
1384
605
571
2297
183
1178
648
227
1310
3401
3509
3955
1123
2625
3041
4660
4196
2590
2196
4371
1286
5049
5132
4890
4371
2625
3495
3184
2764
3577
939
1044
1905
695
258
3139
25
3139
1429
5402
4222
3139
5402
3139
4945
2762
5411
3203
3886
5354
25
2132
4155
2251
2196
5733
2196
1638
267
4615
3197
4226
2825
-1
4599
3308
4515
5451
2196
1429
2282
16
4097
1307
512
2619
3107
4753
2369
2218
3345
25
4720
1821
3380
2196
2196
2880
2191
695
957
3139
3139
3965
3184
2350
2267
2762
5491
4181
5178
2330
195
4534
4633
669
3345
2196
2762
4713
642
540
2200
2762
1298
622
691
3518
-1
2412
1583
3139
2762
1699
2200
2285
1168
691
2724
16
2333
483
2177
25
2762
2196
3875
4158
16
25
3838
5109
4488
3597
2196
901
3139
3139
967
638
425
967
4032
4966
3139
3875
5183
4718
1475
1044
1028
3139
3139
2762
2267
993
3976
3139
275
3139
2625
3139
4954
5471
3139
-1
3550
425
1601
3661
3139
195
2200
1178
3139
3139
2864
3945
605
4771
3139
5402
25
2196
2196
5471
4087
1106
5049
3820
1470
36
2762
1692
25
2762
4827
5062
5062
1342
2200
-1
2285
2200
1829
2285
1461
3139
1273
3139
3139
2637
3139
2196
4998
-1
835
2638
2851
425
758
3171
3830
5402
2112
3766
-1
3676
3610
2762
540
1178
787
5671
5062
3367
4945
3139
3139
957
3725
957
2196
5688
1631
5576
4720
3139
5364
5402
227
650
5049
2196
1028
3026
1241
4039
5656
1300
-1
425
1116
4202
823
4488
4039
880
1429
2882
4078
4222
3139
1670
2330
1639
2196
2196
504
2382
2285
4580
621
2697
3139
41
5402
2593
5402
5140
5451
5514
2773
5174
3555
1307
4785
4737
1683
4158
5133
241
5049
3676
425
4720
4784
3139
3820
5402
485
2895
2776
4945
5049
3139
5637
5062
1028
5322
4318
1650
3139
3876
2196
540
5062
356
2196
2076
2196
5710
1511
4007
4689
583
4447
1178
1195
4768
4420
2199
2943
2948
425
425
2282
1699
1735
3876
2974
5402
4032
25
5303
-1
4945
285
648
3781
583
4885
2603
1035
1664
3676
624
3139
2285
785
2380
3139
681
2196
5270
227
2200
3139
4756
583
3530
3139
5301
630
3139
1465
3796
5062
5087
5402
3139
-1
3139
5085
2650
3682
1583
282
4109
2196
3882
227
3259
3355
3875
2224
2067
5419
2196
227
4075
1307
4712
3139
3003
2102
338
4056
3240
4472
1688
1161
353
3392
3380
548
5564
2363
2704
4771
5117
3655
5062
320
1754
1044
3139
1688
5667
5713
3468
4188
705
4966
3623
810
4435
5433
5402
5133
1699
1016
2196
4628
-1
1699
4712
-1
262
4664
4309
1536
5254
957
2196
2021
1054
3139
4492
1307
215
3539
4720
1429
2474
271
3139
5123
331
4158
2196
1650
4951
41
5656
4194
2949
1117
489
2590
3139
3139
1012
2196
3139
4689
2886
2135
5402
4158
3026
3139
1958
4344
1429
3833
3139
5109
4400
220
3896
3302
622
273
2196
1044
2484
5133
1501
5133
230
5402
425
4966
5402
5133
25
2762
1673
3139
4712
2724
1293
1583
2196
3470
262
2762
324
594
4768
932
1601
2383
4358
-1
5049
25
2489
2536
3139
2200
2882
2096
4977
2011
3139
1821
5062
4945
5233
552
1312
1429
5473
2635
3139
282
3139
2260
1297
3139
4390
1429
630
425
639
5002
950
3725
24
556
425
4808
1313
3028
1429
5402
4513
4484
3212
304
2200
1038
3796
1808
2615
5014
1342
2350
3242
2463
36
3495
3434
1788
25
2196
211
2056
3139
1110
4869
5062
227
5002
3367
2196
3139
1172
4695
1429
743
1598
3028
1044
3139
3655
1044
5471
2493
4712
3139
1826
2126
5590
4074
4516
957
5491
2050
1044
5049
2196
-1
4771
3875
4194
1601
5579
3139
4831
4298
1406
5183
3118
956
3139
2196
282
3139
1794
2095
21
3139
2196
2882
3139
53
177
2196
1425
1722
3139
4543
5149
1161
787
4947
2762
5271
4713
1028
282
4606
4543
102
25
1313
1206
3259
2196
1044
3107
263
3641
282
1044
3139
3996
36
5104
1028
3139
2196
143
1457
2196
2625
2067
787
2122
1680
227
2196
3641
282
859
1664
2382
5346
3139
2269
1029
2390
832
425
787
2196
2196
2200
4945
2357
3463
3789
3176
993
4469
4602
2196
3139
1956
3139
3875
3592
1429
2473
3139
425
2200
4966
5402
2196
4344
3139
3259
36
5402
4056
2195
1230
425
4900
4007
2267
1817
-1
3139
3139
5062
82
5471
425
147
4584
1298
605
25
4314
425
25
3164
4808
5402
25
5590
165
5713
5448
2200
632
2615
1168
3139
4915
4315
3139
783
2762
2196
4226
3570
5544
2338
1054
3139
1902
4934
4881
923
1902
541
2574
2195
5402
25
273
735
4713
2619
3139
1958
1318
4808
25
25
1307
3327
3139
5402
5205
3682
3841
5402
5402
1184
3699
5688
2102
2268
494
2196
1126
1465
605
3139
3070
2196
-1
227
5402
3139
3463
3573
1160
5404
3139
2762
3980
1601
1028
2679
3139
1583
5062
491
391
3641
3139
964
1942
1307
2218
1931
-1
2515
823
1178
4087
1313
4202
16
1206
425
3367
854
1601
227
2196
1942
3418
4947
2383
1958
-1
16
977
3139
286
105
2724
3139
5567
3704
2637
4633
787
2196
1307
3279
5273
1699
1943
2625
5156
1313
2196
3820
5446
5062
-1
2335
2478
5054
2762
664
3139
1429
2196
5458
275
3682
3553
5471
-1
4890
4787
5177
2177
3139
5022
3495
2637
3846
5402
16
1699
1016
5299
4954
638
258
4104
2699
1313
4082
3139
282
2653
4768
4875
4371
5671
630
25
1307
1044
1601
754
910
681
5469
939
3767
4693
4957
25
4378
258
227
2196
1601
5402
3139
2200
2862
2762
3067
-1
613
2378
5022
1301
232
1622
1638
3401
2196
5205
3454
1313
5049
3139
2196
5402
3107
1664
3110
3139
1694
648
1313
5068
2714
3139
1692
3139
1313
1160
2285
1404
5133
258
2968
4359
2625
3676
5140
1980
227
5733
1168
991
418
5595
3875
2196
1601
57
834
3139
3139
2209
3275
3139
4777
1429
5497
1631
1933
787
834
2463
-1
5166
3139
2416
4142
5049
25
3139
5062
52
751
5304
1168
787
3530
4763
3107
5564
1016
5671
4039
5238
1178
1715
3162
3139
425
4966
763
1178
1178
4954
3139
276
1269
1722
1313
1664
1183
1363
1471
3139
5166
640
2285
4762
2762
548
2196
3139
4945
2503
4762
1190
3931
3676
5447
1583
4342
3139
2196
4278
-1
5049
5049
1588
1646
686
353
2724
3139
4804
1134
3275
304
2489
5205
3139
4944
718
3139
694
1958
3101
4849
1168
25
1588
2383
2585
957
3487
1615
1363
4142
4342
2435
3028
648
3139
691
3003
1588
5408
2733
5158
2196
813
5190
5587
1939
5411
258
3267
1606
227
2643
2462
1561
2071
4512
2285
2196
5402
4912
3139
4400
3139
3645
285
1465
5062
3927
5177
425
2539
1681
5058
5402
3139
4858
2056
3139
1307
5402
1307
2196
725
4598
893
1601
3139
425
3139
3139
3139
2383
4109
-1
304
1168
5286
3139
3139
2196
957
3026
2566
1313
4884
1416
2762
2363
4768
2762
-1
2024
3139
825
3641
5388
2196
5254
1178
5119
2825
4561
787
630
4712
3796
3621
206
5590
-1
1861
1293
117
3317
3308
375
4444
1239
923
3480
3139
1905
1307
2149
5714
1465
1945
3028
1298
2515
4945
2510
425
3960
1699
3139
4945
5254
3139
2619
1479
-1
4537
227
2196
3139
3139
2638
220
1178
25
425
5402
4947
3259
5402
282
3139
4192
991
540
4142
3139
425
1766
2122
3139
3621
1680
5387
2733
5402
5458
632
2281
2902
227
5587
3139
2619
1313
3610
5022
5402
4660
2517
2762
827
925
3139
3317
2196
3139
835
556
3830
5671
4553
4503
-1
2380
1902
2196
689
4153
5165
25
3139
4158
937
2383
1170
2191
536
2747
808
3139
2196
-1
8
2032
1964
5696
2706
3139
1238
1275
25
4194
1110
3641
3862
3139
580
5313
4702
1325
3003
1407
1958
3139
3139
5402
482
4945
2560
3139
3846
166
1738
3162
4669
4633
3139
1298
3139
3139
3139
5058
3139
2196
3139
1016
2615
2666
21
834
2882
2196
5402
425
4202
4255
3521
3707
2910
3621
4854
1238
25
2021
262
4194
5054
4763
1474
638
1942
2196
2762
2196
2776
3046
4488
-1
3139
5402
539
5196
5107
3275
1440
1410
1016
5062
5402
2196
2638
353
1404
1699
1134
3055
4454
5087
2864
548
3139
41
2264
787
143
3026
136
4544
1044
3363
2883
3987
632
1583
5402
722
946
227
3789
2122
5714
2196
5049
1450
4447
1544
3139
1475
4039
5402
3805
3139
227
702
5049
3682
3875
5688
4713
1168
25
5132
3275
4453
4945
5712
3139
5547
2146
648
2201
4002
4718
1440
425
735
3177
3378
5587
957
4342
-1
4598
957
3139
425
2948
5466
1606
1101
2762
3139
1688
3781
1394
4768
1095
2943
4202
4982
5117
2867
2762
248
4484
3139
5402
3139
227
1650
16
540
25
3378
3139
2196
1275
-1
3139
4099
5345
2640
2369
2517
482
1891
2376
5688
1313
5714
2762
3772
5301
4125
16
2064
3878
4978
3139
2196
2934
3092
3392
2723
3358
1517
1126
338
577
5402
3139
3957
3139
2762
4966
2196
2762
695
3437
4007
4998
583
1168
1126
3139
1699
5062
3139
5062
832
991
4032
3875
2196
5062
2939
482
4386
4371
4222
1536
991
1016
5402
3139
630
4966
2543
1137
583
1639
484
1095
5158
1561
425
3439
1650
5238
4853
957
5491
2882
757
361
2691
1429
991
1635
3139
3904
3139
92
1798
1664
3326
5656
2407
3139
2773
4039
4099
1404
3003
3139
3903
5458
583
428
3139
3676
3139
3931
3139
3139
1482
1044
3139
2196
2515
957
3965
5313
179
4966
3317
1688
3980
4158
3308
526
3139
3015
-1
4371
4975
3139
4289
425
3401
4158
5402
1331
2311
5421
2196
5469
5402
2196
1016
4692
3231
227
1110
1808
3139
3139
2066
3139
2196
1817
5402
3139
105
2474
957
3139
1987
2071
5402
2226
1444
5402
1586
1949
3139
1110
2825
1342
2637
3614
3107
2974
1800
1185
5087
4371
2285
482
5402
1207
4371
4104
1160
1480
425
1468
5087
1672
5673
418
3507
1609
-1
1134
1083
5213
3931
4315
2767
5547
2983
4194
2196
957
1605
5671
5402
2173
1168
5133
2085
1134
5426
2196
1931
4381
1699
4371
2825
5673
5402
3931
2637
2227
3046
3139
3550
4100
5564
1902
12
3139
1326
1913
3396
3139
2724
1160
5058
1168
836
1185
1619
206
2025
957
5742
1313
1335
3139
4371
2882
2122
1313
3833
1712
3139
2724
2762
1943
650
2196
3308
5138
4513
650
5402
2196
227
1704
1313
248
5524
4194
3580
25
1307
3026
5271
5346
4265
968
3162
5326
1536
5491
2813
349
684
3676
3139
1450
923
4693
5254
1536
5442
3139
-1
5671
25
2235
4877
3139
2115
3617
356
3139
3139
4695
2122
5172
3139
2515
2190
2196
5402
3057
5133
3139
3139
3570
823
4890
3139
630
1168
2390
1178
425
-1
610
2747
3805
3300
957
2762
1352
1805
8
1601
2196
1120
5058
3139
506
482
21
2619
5049
3139
4039
3267
632
2383
5384
2285
5402
25
4199
2266
4013
5471
2531
1885
25
2241
2447
183
444
2357
2906
3682
1134
4032
443
5584
1168
1167
2195
3595
1468
747
195
4074
5402
2091
25
2196
1588
2146
3213
1482
4070
-1
4039
3139
3074
3139
1256
5333
1345
746
5177
2693
1880
1307
1429
964
3240
1475
2102
2032
3139
2156
4344
5491
482
2294
2196
2184
1101
4890
3187
1312
1313
5491
5271
-1
25
3070
2196
25
4332
5340
3139
3772
967
5049
3139
4778
2509
1416
3139
215
361
4966
5402
2762
3139
5139
25
132
803
3139
1796
321
5421
2285
1307
4265
2939
1557
3139
5049
5543
1395
1083
178
623
178
4158
425
425
3685
2196
1119
4694
614
3326
5107
4689
2338
4242
3139
59
5543
-1
4945
-1
5587
1601
4884
650
823
2122
3059
3317
3139
5735
5195
1134
4202
3139
5590
3139
916
1468
933
227
5223
2971
2196
1588
3734
2304
1044
3139
2390
5122
1313
4951
2196
5402
3139
1293
3139
5402
1335
3641
2196
5139
205
3139
1920
1452
1110
25
5062
583
1958
4868
5713
285
5402
3269
2196
3416
4293
3139
5232
1699
349
1339
3139
2097
2372
1619
3139
4344
1381
1314
1808
1293
425
227
2069
2615
400
2196
2425
5512
1185
1110
4911
4718
571
5402
5402
357
4212
4359
3107
2196
5271
3547
-1
5159
-1
1429
2724
1536
2474
636
3139
2345
624
4544
1393
2268
5402
3530
1015
1206
5703
-1
4693
1468
237
3139
5402
4039
3463
3139
2196
258
482
2934
2196
1044
4226
4021
3139
5720
1525
3621
5062
915
3139
5733
3139
787
2196
3119
2196
3139
2615
787
324
3813
4785
2196
3139
5087
3573
-1
25
-1
2085
3067
1673
1269
5554
5146
3139
1601
3139
5068
4322
2813
5606
3965
3139
4787
4226
1429
3283
2269
1201
4771
2421
5166
3139
3139
4621
227
5362
4194
1134
-1
2196
787
3521
2196
3998
645
1285
1583
2196
3139
2311
556
2615
2196
5085
305
2756
5567
2285
1984
5402
4097
3937
1178
4691
5062
1313
1880
3240
3139
5299
1452
4844
227
1160
2462
138
2196
5488
3976
3139
25
2196
3884
3139
485
3628
3621
1014
3641
2962
957
1452
4194
5587
1601
25
5062
2787
5402
1326
1480
3139
1019
2469
5062
803
2762
3139
3688
1260
3308
2285
482
227
2882
3676
1482
1916
2882
4647
1427
2196
1095
1178
25
1119
4497
4685
1187
485
2285
602
2196
5171
515
1157
4032
2762
5713
1429
5085
4272
2867
2762
1601
425
2658
2714
2196
2762
1583
3139
3621
2762
3139
4966
206
425
3227
5385
633
3139
4966
5538
1601
4280
4784
5543
3139
1702
2168
3781
1313
5402
3576
4497
2733
4884
4278
3269
1517
5049
4739
695
2188
25
1673
3139
1672
3324
3090
1340
92
127
3139
3592
-1
3139
539
3363
4007
5402
3139
3139
1262
1672
3139
1480
4771
3139
1313
1405
3070
1363
5009
5713
4993
4194
1363
1638
1919
852
3139
3139
2063
1475
3139
1307
2285
3139
1313
5402
3139
3139
1392
3139
3139
3139
3150
4063
1576
195
4951
1475
490
5250
722
1352
1126
3521
2906
3592
3139
425
4205
1811
227
2762
5402
425
2196
5402
227
943
3028
3148
1058
3688
1688
304
5254
52
16
425
25
3139
1313
1699
4492
3003
5537
2279
5272
1313
2196
2196
5242
147
1404
3139
4082
3003
1661
3367
2903
4226
353
1139
2196
2196
616
4534
4032
427
2299
1583
3294
1601
2200
1452
5402
3308
3139
2019
2248
3822
5087
3010
5526
-1
425
3139
3139
2023
2282
4986
5547
3003
482
5672
3676
1699
223
2693
3164
1100
282
4100
1298
4966
1416
4768
640
159
5112
3139
5112
3190
5402
1363
3139
3192
3139
3139
1168
3255
2774
4039
2056
5402
2196
3139
348
1313
425
3581
1808
347
2196
2196
4074
53
482
1298
3676
262
2196
-1
5656
957
2196
1880
3808
1187
485
3240
826
2133
3057
36
220
4945
5585
957
3521
4242
1601
2196
1931
3110
648
1698
1728
1880
3107
262
3806
3139
3463
3772
3412
2196
1811
1619
2517
901
1619
3139
282
1429
5346
2200
5021
3139
583
1090
4814
-1
4202
4988
3107
4521
2762
1699
5695
1363
4720
957
5271
5471
2515
2989
3796
4191
2543
5062
2196
2915
2039
4730
3554
4287
1688
3026
2615
3139
1579
2787
2282
3367
206
810
4718
2076
2911
34
1238
915
2200
3374
5214
4879
5058
1014
2196
2196
4202
2390
2285
2071
3980
5124
5402
2093
1704
1601
3808
648
4825
1949
3796
4397
1650
1902
5571
4763
1549
2462
-1
3772
1468
1842
5166
5062
1307
2195
2882
2882
3781
1016
25
425
3781
691
343
5543
3772
4492
4978
957
391
1699
5521
5062
34
515
3139
3139
957
5656
5537
303
425
3107
2196
5177
1047
3273
2138
2285
3139
2480
1028
5577
5200
-1
2196
2196
25
-1
5049
482
4434
3139
4975
1095
361
1307
3367
5062
1583
1110
1185
2697
1469
2470
586
5254
3139
3139
1521
2116
5491
1126
1297
95
3676
418
4777
5166
778
3139
3017
2196
25
2196
2122
2855
-1
5671
1183
2196
3139
3139
4200
4139
3139
1095
5104
5551
3139
144
5109
5656
-1
5455
2473
5178
3139
1297
5402
425
4007
523
2196
248
843
-1
282
2517
425
1269
3772
5402
5402
2196
2196
5590
1638
5148
3380
2196
885
1945
25
2697
2196
221
5701
3139
2357
705
5414
5286
2882
2102
3826
650
2196
1601
5402
3139
1429
3302
2196
5385
5402
5349
3139
3139
4158
1339
1817
2948
4988
3139
4472
5385
1298
5112
2736
3139
3308
3139
-1
2269
1178
3308
314
5062
1313
3302
4217
3676
957
3326
1044
3139
3419
-1
3139
4945
5087
435
5346
1110
4158
2196
5402
835
1178
2195
3139
1313
4947
338
3139
4194
2990
3139
258
842
4028
4791
5402
4885
2071
2615
1941
5390
2882
4515
581
425
2207
2473
3213
5402
1157
2207
3190
25
425
2382
3181
425
3937
3139
5271
4199
5733
1885
5058
1491
1601
4978
3896
227
3139
2196
1161
1440
-1
5074
5402
908
3139
4945
1185
803
5362
3139
3772
605
2196
1517
3555
5595
2814
2196
4362
5270
304
3139
4265
4654
2196
4529
5058
4315
5671
1475
2572
785
-1
1854
5402
3139
3139
3139
5554
3139
1307
638
1313
2615
2333
2266
5049
2196
5049
5497
1949
3139
594
25
3139
1429
2311
2072
4945
1339
3847
2574
409
2248
3139
3756
1168
5664
195
3401
1185
2312
159
2196
3003
5087
25
3743
1958
1798
4762
1971
3367
817
3139
5692
425
2327
4007
3240
1126
3034
2285
5133
4316
2762
3139
957
16
4960
580
5062
3072
5177
3139
2911
2164
4645
2939
4890
2196
1016
3721
3139
1206
3796
5402
147
4771
4945
482
5205
1475
3756
5062
361
4829
4082
425
1452
3139
3379
3139
3139
5545
3086
5451
3772
427
4371
5696
3139
5009
2200
4315
3156
2196
4158
2787
3139
1625
25
1016
2619
3804
1826
4945
4768
2060
3139
4400
2472
3453
4492
719
2075
-1
5402
2266
1175
957
247
2863
3628
425
3945
2338
5049
2196
1583
3139
4039
2657
3585
2625
2196
3139
4584
1514
2196
1044
1134
2196
3139
1101
503
4158
39
2122
5402
3139
3139
3139
2200
2762
2196
5402
3868
2196
3981
2196
4097
2414
3139
482
3139
482
5402
77
3030
5062
1269
1583
5726
4434
5402
3722
5402
5196
2882
4082
951
3139
2615
3139
482
4621
909
3317
5049
3139
2196
594
195
5094
3441
2196
4057
5402
3396
5266
1436
3641
4139
227
5570
4453
5733
3139
3296
3676
3139
1313
3162
425
425
3028
3806
1536
3139
1688
5587
5714
425
3256
2285
3875
1044
3880
2619
783
638
689
2650
3107
846
2638
5649
25
41
3139
16
425
3528
4386
800
223
4564
1054
2269
1134
275
2021
5220
835
1608
1185
3139
4784
5402
1160
3813
1429
25
2196
5587
5378
282
3621
3976
722
3213
2655
1699
5097
1183
177
5346
1028
3139
4705
4718
5473
1942
5062
4660
3682
5402
1095
4604
5144
3139
5446
206
4265
2762
964
5672
5362
183
4954
4007
1980
1606
3768
4371
5402
5062
3661
5193
2628
5402
4142
3037
2200
1429
3772
3651
2328
2196
4497
5195
1945
1285
1044
-1
3139
915
3160
3308
2164
3107
-1
3240
1126
425
1643
4774
2041
3139
2188
2056
2196
1178
2083
4348
3506
3787
1805
425
2487
5062
2057
3308
3139
3875
3139
3396
4158
572
227
3319
3495
73
2196
4041
3139
1149
5656
5719
-1
3139
2723
3107
25
5177
4142
5049
1696
5104
2333
1699
540
2367
425
2762
25
2196
3139
237
5346
3655
1681
5641
2762
4313
808
4580
25
1131
5062
1013
2825
3139
1532
3230
3139
5671
5510
3139
5109
62
3308
4444
4884
4521
3702
3776
3495
5402
2196
1748
558
4185
2285
236
1468
3433
5385
304
4802
1435
-1
3324
5402
3139
2924
583
1601
2196
3738
4598
539
923
-1
4039
5687
4777
304
5267
5064
1436
1664
5402
2882
3139
4226
817
4804
5415
2071
4226
246
1648
2549
16
5133
5062
5102
1298
3139
2855
25
2285
147
5062
2615
391
2773
4097
3139
1346
4598
1307
195
265
915
108
5028
425
5402
4876
3139
2872
3028
425
2196
485
353
425
-1
195
425
5402
3003
25
2196
2934
2762
143
2814
823
5132
3830
195
4561
5471
2851
5402
4966
4311
1003
915
3573
4133
482
2196
1880
425
1014
923
630
2787
4097
2285
2625
5062
3139
3139
5384
-1
-1
275
338
3308
3092
1307
4142
4099
3139
482
3139
16
2825
3796
5140
2939
5637
5049
3822
1307
4598
1003
4278
2724
3000
1588
-1
5214
5178
4720
2122
1405
2196
1744
4720
691
1506
2536
5087
425
2762
4988
236
5656
1601
2960
1210
5270
1808
3139
1601
3901
275
482
5109
5714
4918
1044
3878
464
4951
1313
5402
2369
4344
4100
4455
2196
4371
2564
4896
4226
1184
1298
3554
3139
206
3139
5077
2285
1945
5402
581
5214
2196
2369
1230
3385
1161
2835
2285
1300
1942
5547
3787
2787
5671
3573
957
2267
1160
4827
3139
-1
4194
3682
2762
5049
-1
195
2196
4763
-1
3139
3139
5183
947
2285
3324
2826
21
3380
2762
425
4071
4966
1230
5062
1692
3139
1384
-1
5062
425
1902
5402
5133
3960
195
1187
73
-1
3676
3123
227
5271
94
933
4371
252
5402
3139
-1
1089
1429
41
4412
1338
3092
5402
1363
5402
1313
5402
5600
2057
227
1307
3172
1468
282
4599
2548
711
709
1606
4891
2196
2200
4197
425
1813
4954
1788
3139
3250
1475
34
396
2480
5085
4273
425
5271
4215
482
1650
25
3772
3139
2196
2285
4371
5564
5241
2762
-1
4142
4975
4662
2196
2882
1361
3139
1298
2364
5322
2196
1796
3139
1725
1032
3139
460
2569
5402
5166
275
2440
2196
1468
5402
-1
5402
3162
605
4620
425
3542
2762
4534
5102
3843
236
2196
1230
4142
4097
4255
2517
2813
3139
2882
4859
3139
3084
1699
2200
1044
1168
1082
4570
4787
1605
3139
3931
4142
5714
5158
2256
5388
5068
5730
258
-1
1407
3688
2269
258
4400
2285
4540
361
2787
584
5455
2762
3960
997
215
3139
3018
5630
4720
2196
2034
3219
5671
1313
2992
4777
2818
2882
4371
1298
3688
1832
4362
5155
1044
5326
5537
2882
36
338
275
4359
3139
-1
2355
5062
5064
227
3139
3139
-1
4626
3259
2207
2226
1826
236
1178
2126
3139
4904
915
2196
3003
1417
711
3139
4975
4509
3139
3139
1891
5384
5254
4272
1429
2825
4109
425
5576
4438
957
4242
1044
1016
425
2285
1793
5402
2196
5062
1126
2196
1636
967
4712
594
2200
4053
3139
2571
571
2200
2122
5402
3358
2200
3139
5449
5087
1016
1213
2917
195
5062
653
25
1149
1178
-1
5402
3139
3139
4983
59
5062
3621
2762
5062
3139
3139
2813
4712
3139
3162
1100
1116
25
1298
3439
1688
964
2787
5062
227
418
1112
630
5176
2014
1091
3139
5414
2669
5688
3139
3213
1452
425
1696
5378
3174
4689
2548
5112
3139
3896
425
2860
3980
1054
900
4455
3896
540
1943
5049
3931
4669
2488
25
4759
2285
2196
2380
606
5146
4373
4598
3391
3554
3107
836
4767
1222
4681
4318
785
2383
2269
5062
3662
2196
4966
5671
4039
5402
2196
1937
1536
3139
3422
2934
1044
1468
1313
2146
932
1134
1583
1178
5446
5402
5402
2067
4580
391
2071
3772
4007
3139
2693
4158
915
143
317
1601
3139
4497
3139
317
2579
4197
5656
1672
63
2855
4998
719
5538
1185
1722
1511
3734
765
2494
1183
-1
1157
695
957
2697
1499
425
2663
1501
2196
3699
3136
1354
3139
931
4383
348
4442
1157
1298
2787
1044
1619
2383
5494
2696
3139
548
3139
811
3308
5714
3989
195
3139
25
2319
5042
4288
4975
2196
-1
5062
2676
1551
425
4966
3139
4791
3139
681
1699
5356
378
425
3139
25
1583
5112
1601
3139
2196
3796
1606
353
1313
3139
1427
1429
568
4731
-1
3725
3838
3247
571
1949
583
5419
3524
1016
3139
2195
1796
2196
982
5254
2486
1313
5402
425
1180
1619
25
5642
1945
5050
3139
4183
3139
696
41
1931
1699
5587
1180
3880
5132
1694
1429
4621
5402
3432
3139
2825
840
1650
2762
-1
2196
1598
391
1134
2380
2923
3139
559
317
62
1269
5375
425
800
1312
1286
957
2480
5547
1664
3881
2135
425
3139
348
1188
1298
1110
2911
3139
4720
3139
2762
630
4118
2196
2164
425
5158
195
2071
2776
2776
2279
-1
494
2448
5370
1298
5543
1082
3213
3139
5471
785
978
1297
1601
3003
25
1016
4217
5475
25
964
2196
4909
1119
470
3794
25
5402
1054
1891
1681
2724
3139
1244
1298
3139
3139
5064
5096
5238
2548
3139
5220
5587
3641
2200
5402
2825
5375
3107
2196
1681
3682
1838
5238
5647
552
324
3139
1821
5087
3139
5673
1197
416
1126
2260
425
3676
25
1990
787
-1
369
425
650
4691
2200
195
3139
5133
4434
4135
3139
648
5455
2265
4633
25
3927
4784
183
4763
4034
-1
2196
2762
2095
4584
2196
5402
3139
1413
1672
2864
2059
1698
25
4442
2724
-1
2948
3139
3441
1958
425
1601
1650
3139
546
5466
-1
2756
34
4238
53
2382
2882
1606
3139
2562
2762
2383
1110
444
3262
1298
2574
12
2196
1044
5402
2200
-1
4438
2151
5222
5140
1931
317
1297
3139
3139
2762
2785
5491
5402
3419
722
3916
2055
2285
1673
-1
540
2440
282
1949
3139
4039
2462
3139
2269
4038
3135
1005
5156
2196
5402
195
3139
227
5049
5402
2190
5234
4200
3300
2196
-1
2398
2361
2530
5402
4075
2361
3184
5491
3139
2102
967
5064
3317
2196
2196
4777
2476
4793
5595
3641
220
1619
314
4158
1183
3509
2196
4039
425
4693
1089
1152
3809
3139
2116
4986
991
4158
5413
2196
2548
5566
5656
2156
3940
1425
2615
2818
5062
2196
227
2476
3139
-1
1853
391
1313
4438
1161
-1
444
425
1800
1397
5103
5547
2456
4133
5062
1798
4473
5077
2116
3139
138
3780
3139
823
5402
4007
8
4884
4884
5491
1688
2724
2949
4041
2196
539
1482
3139
923
982
2196
25
-1
1429
3139
147
427
3641
1496
594
1571
5499
3509
10
1032
1468
5742
3139
5713
2285
2664
482
3139
261
5649
2135
5214
739
3139
823
3139
5700
1178
2196
756
3000
4347
5688
1601
3139
1794
348
2880
-1
3139
4664
4911
2196
25
3139
271
391
4610
3528
4192
1728
1298
240
1598
2762
5402
2724
5742
937
5714
5402
2911
5140
25
1318
2548
1313
348
2781
964
1989
4226
785
2207
4142
5402
4212
3139
3107
1307
425
4371
3139
3367
4517
4868
3139
5062
5022
5587
4489
2762
1167
1429
317
285
5402
2260
2390
4226
4777
1694
3367
356
1028
3139
3139
3806
4599
356
2724
-1
3139
1369
12
2509
2196
5455
227
785
425
5254
-1
2215
-1
5402
126
3139
5271
1126
565
740
4331
2196
25
4363
2057
2196
2183
5673
1710
3026
2864
1542
1307
3758
1650
3528
932
5271
865
1185
5587
3139
5673
2333
5168
2196
3768
5346
4564
5292
1817
3838
3761
4720
1318
3052
5402
2498
1044
460
425
2900
5236
1429
4226
1429
746
2021
425
432
2380
5058
2619
957
5378
1313
1340
25
5087
3721
1583
2330
1339
3649
2724
5657
4680
227
3766
3580
5402
583
5238
2085
3772
4162
3139
3991
3682
2196
2572
1941
1344
5402
1155
4251
3139
3289
4763
4109
1416
425
2934
5333
1688
4561
5729
1450
3216
1699
2196
3139
5247
1185
1269
3621
285
6
5062
5402
1359
3139
556
5087
2057
4768
3931
5133
25
3139
3688
4273
3139
4033
5241
1313
1003
1313
317
3937
4884
4131
3139
3139
1157
4945
1586
5033
832
2917
4559
3028
2220
2196
3195
3034
2510
985
2196
3139
2762
2825
630
5054
4039
5564
4768
2071
3900
2228
4096
2183
3575
541
4720
3107
2196
263
3555
3139
25
5733
5079
2762
-1
3239
5672
4032
862
5089
5402
3401
3696
3495
1358
2640
4829
2196
3139
1384
5330
4971
3164
3495
1499
2762
1601
2196
5152
3412
1038
5491
4875
4689
2196
3139
3139
1699
336
242
2762
2440
4361
1167
4142
2243
3139
2762
2196
-1
2196
5595
2189
1916
2189
1891
4935
5132
645
1044
4174
1794
1326
1842
3139
2085
2196
2285
5402
1808
1178
1307
1178
3621
-1
4226
2207
1313
3308
3011
5402
1172
805
1044
1945
2196
5238
2196
2852
1180
2465
2200
3299
5671
2934
3641
5280
2057
2021
425
1180
1044
4131
540
2127
1703
482
2196
696
2075
4720
25
3573
4142
425
1307
576
261
3139
2983
739
1601
3139
2196
992
1942
1821
227
3176
3139
3139
2196
3139
4273
3139
5402
1706
785
3139
5587
3463
1978
1506
3750
195
3139
4580
5499
4045
5340
1681
4675
4347
5440
16
5587
3107
1293
3463
2196
3676
2196
4521
3676
5225
1800
992
425
3289
3139
2017
494
258
4039
1699
1891
3240
1435
3072
1792
5402
25
3139
5200
2196
4193
3275
1178
2066
5102
3107
695
1514
1341
314
4194
3139
2760
3240
5402
5062
5402
4142
1313
25
2882
5402
5649
3139
5514
1692
2102
4762
1161
4242
4039
1298
-1
5402
1692
2241
648
1601
4807
5402
5038
3241
2404
810
2934
1210
3380
5053
1601
937
4371
2762
2057
3139
3139
2787
3139
5061
649
803
25
5371
1617
1180
5702
425
1180
4335
5502
4293
4947
5673
4720
4960
25
2196
5435
1447
4158
5146
3404
5598
1978
137
-1
2196
3139
650
1636
444
3140
3139
486
2060
3945
25
2071
2169
1781
5177
5402
1342
1238
1447
496
3051
1369
425
3139
147
1891
5695
5062
4181
2762
4704
3380
4046
282
2196
2574
4954
3595
4792
425
16
3139
2205
220
681
3164
3676
4548
4689
425
71
539
1504
1298
-1
5402
5362
2723
785
2285
25
2183
5426
482
183
964
391
25
1429
16
937
4706
3139
4713
5491
1886
523
5672
482
4200
2787
4792
5497
3688
4045
3139
25
1313
960
3139
3931
2724
1945
5402
3573
2196
1452
3139
909
4371
3250
892
2663
482
1342
2517
1863
2943
3555
25
-1
3802
3187
5087
2200
1307
25
444
3139
2813
2196
4293
4222
3509
1339
485
2196
3139
5193
5402
1824
3688
77
425
1902
1313
3969
5028
4215
4158
4890
539
1016
5695
1293
2943
3628
2511
4945
1157
3211
317
5037
3139
4318
3509
3370
63
4287
5146
4309
3139
3139
3308
1902
539
147
2060
3896
1821
357
4142
3612
5112
2619
3623
745
547
2480
3875
695
1269
1821
973
1943
25
5402
2385
5402
1962
3139
391
5271
5402
2041
4158
1028
817
4792
4373
5442
1152
169
3139
3139
-1
3592
4111
4028
4845
3003
5402
242
5062
2196
3487
1168
2196
2738
2911
3256
5062
4791
2549
1168
2637
1650
227
2412
1861
1601
5402
4945
317
4373
1255
2693
556
4255
4584
5402
2724
1821
3139
1638
4529
1923
444
3592
92
5062
2390
2510
3718
4693
2122
3212
1016
2285
5104
1506
4109
3139
691
1044
5049
5064
-1
987
3139
3139
2390
3869
1688
1344
444
1601
4048
177
2014
1764
1429
1601
1546
5250
5402
2057
4492
5402
802
3139
4945
690
2200
1504
4373
2196
4824
3431
5402
2762
1307
1400
5402
1611
3176
1313
3937
787
3449
2196
5053
147
5178
1345
3139
1557
2832
1601
4889
3139
4966
3162
349
584
2574
3139
5402
2196
2785
5068
25
2882
3139
25
3308
785
2440
1916
1313
4190
2196
3002
3072
2700
5402
2196
2742
1924
3367
4664
1483
5049
3139
4988
4026
1161
1846
2383
2574
-1
4142
4959
1460
1916
3641
3086
5042
391
1468
482
147
3139
1313
3944
757
482
2697
4956
5062
4226
3000
1298
3139
4322
5459
4817
5475
5074
746
3139
-1
3554
623
5427
1406
3139
1184
993
1307
363
4444
4371
195
2196
5673
5133
3139
2285
2416
194
2383
1134
5561
2122
177
808
2615
2509
1583
1885
391
2762
4407
242
5062
992
1180
92
3260
5078
3139
1354
4158
5708
1829
3370
4785
5022
3139
5200
3028
425
5402
3139
482
3976
722
2858
2619
2415
4200
3996
2016
787
2196
5402
2071
3139
275
5028
4972
674
2014
195
258
5146
2998
5402
2884
5402
1452
1754
425
4718
3778
1264
262
227
4680
2582
4474
3960
195
195
1636
558
5241
5384
5402
1949
1452
4460
4226
5177
364
835
16
5671
3139
3139
5402
2762
3139
1688
3139
4420
206
576
630
2168
2615
1136
4720
2200
3240
5402
1363
3231
4484
3139
-1
1298
444
3108
3139
5684
-1
4768
5671
2056
5587
542
1341
2896
3072
2699
1253
8
-1
5050
5402
4411
1313
529
5326
915
147
4654
2699
3650
4455
1650
357
2196
3139
275
5121
4499
2787
2243
2723
5587
907
3072
1415
3139
3139
959
2762
2200
3139
1333
1166
2156
2171
2515
5446
2462
5402
4633
1429
4332
1479
487
532
1016
25
3139
227
2549
4792
4978
1352
195
1616
2383
3871
1498
5062
2787
1646
5049
2032
3139
1824
5402
1003
3676
2917
3139
1499
787
778
-1
5062
31
2196
4272
5280
3484
5526
237
2282
1728
3139
1637
3688
3139
8
3308
2679
5166
5491
4335
482
494
2724
1178
25
5402
2762
273
3944
5671
3463
5061
2269
25
1374
5630
1606
5402
5062
909
4768
5657
2517
5660
4226
5538
2200
147
1902
5062
5402
425
1307
4371
5481
964
4743
3709
147
2196
1287
2196
23
4039
1313
3139
1297
5402
4768
2382
4444
4553
1957
3139
4771
3240
5369
443
2196
1427
4041
317
5402
2882
4615
2650
1016
4057
3139
2882
2879
2693
3139
2853
5671
5587
2196
1892
5133
4038
3380
3608
5233
2196
3139
5402
179
2882
4226
568
5133
1416
1605
2122
444
4497
2269
3240
4311
5491
3845
1307
1246
25
4438
2285
1601
425
558
583
5519
1583
2196
425
3139
1821
5545
1313
258
3086
1313
3854
1830
4008
3139
3190
25
3139
4032
25
1583
1648
1032
5402
2615
4431
3139
1101
3768
4371
-1
1595
5402
1650
1631
5649
5133
425
1588
1003
1902
1232
925
939
5133
2552
5451
5064
5022
728
2548
3496
4763
5378
1450
1313
1583
-1
2196
3291
147
1180
-1
1298
2586
3378
2196
2196
5402
2200
1313
5039
1056
823
4293
5252
1405
1429
4713
3236
957
4497
3139
3139
594
1798
2489
1178
1300
2989
5695
3139
3496
2196
705
2882
4330
4212
1584
1313
425
2285
4484
1313
16
909
5357
1178
823
4998
491
2122
1307
3086
1817
5402
2762
2196
5679
1393
3310
444
3308
5590
1429
5117
4595
1313
5271
3003
2281
2196
5205
3879
1168
4142
425
3495
4777
4966
939
3304
3139
695
1268
1178
5062
789
2196
2233
3734
2142
66
3139
1601
4255
3139
3139
3139
1164
4499
2195
1906
2939
3069
2882
5538
5579
5587
3229
2196
2196
3088
4188
2196
5402
885
5402
2196
425
5402
3139
-1
5021
5451
61
1044
2516
5402
5271
1178
5733
5382
2196
5564
195
25
1817
5102
5368
2884
2196
482
4784
722
165
3139
-1
5313
391
2561
3108
3139
425
5062
4792
3308
1016
1298
-1
3139
695
4099
2269
3952
1601
2630
25
1965
4442
3139
2825
2813
3628
3003
4327
3308
5241
3139
3552
5254
425
3554
5545
4162
2189
425
1427
5232
957
1440
-1
3592
25
2019
-1
2548
2882
444
4371
3139
2598
227
3862
4075
1966
3139
80
25
1044
3509
521
2191
4767
831
62
695
1476
425
1636
3139
4975
425
1294
5402
4966
1016
3051
16
5688
25
4305
2649
3107
1178
1475
5233
4222
2146
5227
4945
3107
5132
2515
1514
4434
4859
2285
3463
2196
3139
-1
5146
3139
3139
1354
2830
5426
3401
3139
1592
2762
3663
1965
2055
957
3037
1817
3688
4068
1054
1435
3139
1044
2440
3946
1601
1956
2393
4222
4825
5402
5062
4322
425
2285
3870
-1
4444
4026
5062
4142
2762
4975
4810
3066
3139
1137
2934
3868
4672
3139
195
25
5028
2380
835
3139
427
1313
1496
3621
5402
3139
317
4215
5712
2762
3107
25
2196
2703
2350
5497
5058
3240
5671
3495
4287
2427
1178
1681
5049
5107
1307
778
2196
1619
1619
1767
5402
3139
133
1446
425
3262
1462
5280
5402
1465
623
4444
25
3584
3495
3461
928
1821
5362
1313
3000
1514
3308
2699
5535
1429
1429
2473
2884
3242
4131
1821
1044
1206
-1
1044
2718
25
5050
1518
2161
1681
2480
2285
3353
4561
2390
2196
3139
2060
540
5524
542
-1
4951
4087
3139
632
2282
5166
1313
2623
5226
1266
243
293
4825
992
227
4053
3383
2132
411
4255
3139
3139
1517
3139
2195
1297
2934
4718
5402
3139
2629
3139
3507
3139
3468
41
833
2196
2196
3324
3139
1180
3896
227
4045
4212
58
1949
3367
2196
3621
1498
3139
3084
1363
-1
3573
1598
706
3139
5402
1397
3976
16
5402
2724
2237
3402
1958
581
3772
4658
648
1654
1210
1255
3495
2196
2762
4508
3057
605
1180
2057
1016
5402
2200
2196
1920
5426
610
957
1509
2629
4215
3861
5587
2724
3621
1794
1319
1706
2770
2941
2137
5402
1054
5049
2787
989
1365
3139
-1
3074
5708
3139
2390
5087
25
4792
2961
5239
2883
391
2285
1384
2420
1583
3942
5696
4070
1159
25
3377
4373
1119
628
5293
5402
1019
3931
3086
2196
425
5370
2724
1429
1314
3192
-1
3813
2489
1339
3139
4324
2044
5271
3139
3139
3107
2195
2196
2032
3139
2196
4039
5667
2122
2196
689
220
3139
25
2911
3139
2196
3139
2818
4100
317
5133
1429
2787
5402
3308
425
4768
957
3707
3716
5172
2762
5683
1178
3139
1313
1307
2940
2729
3822
425
1054
3046
882
25
3621
5742
2882
1496
5637
689
3875
1073
1885
5402
1619
4945
2943
147
1722
5402
5518
1601
2762
1404
937
-1
425
2762
1761
3139
5250
5664
425
4720
425
2474
1507
4354
2882
5410
5402
1776
1646
446
1183
3139
548
3806
4966
448
3107
1966
2906
1731
957
3721
2882
2269
2238
4487
4200
425
883
3139
2196
2196
2285
425
2655
3057
425
2762
1583
2196
195
1268
391
937
4966
4917
2196
2338
3139
2047
3988
5570
1468
2021
5412
1230
876
4032
1322
2940
5049
2619
3289
3139
5671
2953
2196
1425
3932
338
3483
3641
2196
3772
2459
3697
5576
3813
3573
4885
5196
3876
650
5532
982
2177
1307
5402
4151
2189
1987
5062
1339
5672
3139
1712
1230
3081
1717
3139
3300
5402
84
2057
2380
1339
648
3573
1238
304
2207
2196
5274
3445
2768
939
689
1945
3555
787
261
5719
3685
147
3621
5177
2196
147
1168
3240
66
937
482
5545
3554
1269
2619
4324
5132
3139
4096
650
540
2515
5191
5049
2566
1601
2675
5471
1549
1298
2907
1286
5082
3026
650
5271
5402
2548
5695
5234
5390
1695
3641
165
2196
4287
1298
4771
-1
-1
16
3688
4424
1579
4713
4142
95
1313
3787
1313
681
3139
3044
1353
303
4720
25
2196
3139
5402
3213
753
5702
5133
2064
1016
3028
12
1504
3987
5254
4034
5497
5742
5447
3139
2308
4008
3552
539
3965
5022
3139
4185
4371
425
5673
2127
4894
2474
3621
3139
692
4513
3875
3139
600
5402
25
3139
1699
2548
5170
1699
1044
3317
1709
3139
4497
1601
5022
482
1452
5451
3139
2200
827
28
3139
2864
957
5285
2762
5402
1307
5313
3139
4321
3139
1152
4202
880
3139
975
1161
3139
136
5672
3771
1506
2113
4233
3996
5402
4850
1190
4074
4836
3139
16
5402
5402
3139
1313
2517
4771
2131
1601
3800
4099
4255
4945
3555
3139
1054
875
1699
1601
5149
5402
425
2014
3264
1452
5402
1230
4722
135
1178
787
2285
3139
1647
1942
1504
3139
4007
338
1598
1429
4768
2285
2196
737
1210
-1
3909
2196
4945
5402
4664
4228
-1
304
5191
5402
1945
1583
4107
3378
2196
5402
3139
3139
3067
3026
5425
2196
3449
4265
571
4097
5156
1688
4217
425
1253
4945
2196
5719
5087
784
809
3190
25
304
4007
227
2412
4479
2196
3139
3183
1028
25
5402
2383
165
317
2003
356
3139
3139
425
3139
951
716
3951
4891
3139
770
964
3139
785
4322
1429
3695
2970
5671
4488
1475
2196
3623
5271
1452
3926
1044
161
5671
5402
227
41
425
2196
1638
5671
391
1313
3509
1313
2041
4344
5587
5587
1618
1885
3139
5402
1979
5402
3139
2196
4226
1044
5538
1210
5156
282
5062
1842
1298
5062
4111
5683
1636
548
1044
4712
1206
4293
3139
1249
1821
2569
5049
3192
-1
1636
2762
2196
2615
823
4884
2787
213
2285
4497
3095
3874
-1
227
3139
3896
2196
3139
2950
3139
3015
3573
1238
1601
203
3139
3139
25
4890
25
4768
3139
1298
3308
5097
41
1071
2148
4255
3139
1244
5371
4190
482
5665
3981
2917
5049
1429
2196
1073
2762
5623
4158
2863
1782
2724
676
3113
53
640
2762
722
25
5587
5426
3289
2543
4226
4527
25
2762
3676
317
3787
394
3514
3878
581
2762
1452
3621
4324
1313
5321
3139
1185
1619
3875
648
5742
3160
964
4287
4316
2569
2056
1313
2830
