4771
3676
427
1004
5498
5498
4890
2952
1012
5498
427
3418
630
2195
77
1588
3272
1636
5498
3633
3803
4771
4890
1718
4998
5599
4825
785
5022
5498
4945
5582
2281
3308
3581
2882
3750
5582
4945
3927
4918
5179
4700
5311
5498
1054
-1
1914
2376
2617
3139
1468
2200
1997
4113
5621
3875
4945
5084
2196
4945
3927
427
1054
5582
3571
3436
4945
2376
1588
3139
3949
5054
41
2376
1054
4871
5582
4997
3875
3308
427
2882
3139
3139
1054
3139
2583
206
1042
2652
2260
5498
2084
1042
3875
1042
1088
3139
1195
4945
835
1042
2538
4945
1287
698
3139
3927
2376
709
2196
1054
-1
1775
595
3571
4329
1203
1325
4945
1870
5547
5498
3308
2618
5275
5431
1042
226
3066
2911
25
3139
1247
4746
2196
1803
4113
2455
2952
2697
2368
1042
4480
4465
4206
5133
25
2376
2724
2285
5582
2851
1429
1602
425
425
1272
4431
5582
2416
3949
2056
2455
1029
2164
2379
2376
2285
2189
1461
1276
4890
1042
5265
1042
2376
4884
219
-1
275
2882
1158
1300
2762
5655
1054
2762
4945
2864
4431
1461
4746
5525
3943
2277
3943
1707
1354
3401
2952
5132
1405
806
1054
3036
4945
3915
-1
3943
5287
3136
4142
2196
3943
4431
3943
-1
1798
3139
4707
5746
-1
1313
5183
2619
2164
4945
2356
3139
2285
4142
3943
4484
3985
3996
4403
1650
425
3676
4045
2762
-1
3943
1054
957
1452
2455
391
4195
425
4745
1503
1054
2730
2762
5153
3139
1281
4889
787
5402
2567
4142
-1
1934
5294
275
5402
3762
3910
3139
5402
-1
3003
3807
4808
1307
1352
970
1619
3057
4561
1565
5587
3139
3349
1368
3308
4142
1601
425
1650
3139
5402
3985
391
2075
4214
3003
1949
3942
4572
2601
770
3943
4945
-1
5695
4349
5582
4142
5532
3943
594
4039
2196
5646
1042
4373
241
4700
4700
5183
1115
5402
3165
3676
5022
1095
5402
3943
1209
4945
425
2691
-1
25
2538
2122
3949
-1
1012
3139
2274
482
703
2762
3943
425
3875
-1
1350
590
2882
5049
3374
3943
2216
3139
3943
2724
4717
5646
1042
25
3456
4431
687
1136
3202
4717
3342
353
1054
25
2785
5402
482
5292
3949
3139
1650
5402
3231
2097
425
4188
1405
3507
4142
2486
2652
3805
931
931
1616
2785
5587
3346
4138
3943
25
3830
5402
1601
1461
-1
3507
3595
5402
2200
5267
4226
4403
2466
2882
1042
4945
2196
1429
2285
1759
4142
2952
1639
316
787
931
5512
3964
2762
4975
4722
2762
3040
3139
5582
2128
1734
-1
4945
2486
4497
2196
4226
-1
1192
482
2762
5582
3308
3623
2196
4451
3139
5587
3682
1042
4700
1247
2016
4717
766
2128
3165
955
2785
4811
5343
2376
2762
2469
4352
3645
-1
3985
427
1760
4945
2328
2469
1650
5582
4403
5016
3507
5405
3943
4945
2464
3985
3139
4829
2562
2785
687
353
3139
5402
-1
834
2617
5402
3315
3705
5402
2384
1121
4431
4142
2793
1567
11
4945
3139
1044
827
1307
-1
1313
957
3645
4053
1370
3682
2376
4125
482
2243
3507
1427
4045
5115
1731
1307
2285
4158
1619
4654
4890
1042
5384
2762
2611
993
324
3645
482
2762
4326
3272
1429
4713
1681
4889
2785
3139
2285
5646
1650
2196
1461
3949
16
5402
1691
811
1843
931
5402
2333
2200
807
5402
482
1076
5402
2285
3203
4945
391
24
5587
852
2125
2619
3682
4654
3057
148
5062
376
5425
2200
1823
4546
5292
376
4431
2196
5721
2571
3140
3136
3139
77
1138
3949
1083
4713
2196
3136
1940
1296
913
1922
1044
4142
3139
4713
5402
5402
931
2600
3007
5077
4539
5587
25
2421
1307
3139
2719
1131
1131
3645
482
-1
3139
307
4109
2091
-1
-1
638
11
957
4945
2762
687
425
5674
1691
3943
1429
440
482
1601
11
4181
3621
3585
834
2285
4945
1601
5402
5062
4718
3960
1121
1465
3003
2196
2344
807
5413
963
5062
4945
391
3192
3925
1691
1429
5062
339
484
3682
2638
3398
2469
1456
1809
5402
4718
2197
2196
4718
2200
4951
3592
4184
4713
5193
1679
4689
5728
-1
687
1044
2724
3507
2652
373
66
3943
147
687
3149
5250
3165
3139
3139
391
5402
2762
3629
425
883
3107
4364
3308
5288
1092
5742
4763
3645
482
3389
2285
5402
5424
1405
2285
1307
353
5427
2913
5576
4884
2196
-1
195
3157
3341
2196
4338
5589
4142
3139
3621
1313
3139
5726
628
1465
2383
3621
4076
5582
4689
2072
1724
-1
1307
4239
5433
3139
4111
1409
-1
4889
3760
471
4720
2285
127
3107
5061
4478
2682
1054
3165
-1
5587
3240
687
457
25
931
5402
2196
931
1452
4287
687
3401
1650
184
3028
689
4890
3139
3095
5567
3851
91
2285
4604
1054
25
1692
937
3401
-1
4871
3621
1429
4373
1044
1042
3592
25
2163
-1
3139
5061
1307
713
3028
3139
425
2200
4084
1339
1650
5587
529
1692
1307
485
-1
2762
402
1709
1619
1351
3682
427
4287
1996
3943
1161
834
1657
2638
596
2762
860
4018
4889
2894
-1
5587
5587
1546
24
3139
4912
-1
-1
42
-1
4945
1121
2429
4226
-1
331
-1
542
4945
2762
4697
1313
5062
3621
2619
1785
5061
5413
-1
3682
4417
1699
2196
1168
2200
25
3875
5062
2882
5571
482
5384
3346
2196
-1
1619
5254
391
1042
3963
5719
3650
5061
4431
4270
2638
-1
4689
3139
2435
3887
-1
5402
56
482
3308
4111
3507
3230
3139
482
5062
3461
5497
5200
3139
2196
3496
3943
1131
1168
5467
2890
3682
4945
3943
1200
3423
780
5402
2214
5062
4872
2200
1583
957
3184
3621
5556
4188
2285
1449
425
401
25
1168
-1
142
4717
3943
5061
482
1619
4559
3139
4945
2638
5062
1619
-1
2570
3139
-1
25
4226
3461
5030
1560
-1
2619
2697
3507
808
5646
1528
4458
-1
1932
3136
536
687
5206
5413
2326
64
2285
3099
16
3139
391
5646
3222
2762
1534
823
2399
4364
2568
5402
1121
1625
742
-1
5402
4889
687
4889
3682
987
-1
1058
3507
4410
1759
1444
-1
1452
5629
1557
2196
4337
3139
2863
2196
5272
5049
4720
4966
2762
5157
1260
2197
2612
1168
5587
662
5062
401
2825
1409
-1
1405
-1
425
3645
2825
-1
3139
192
-1
2943
285
276
195
4815
808
2148
1168
5172
3824
5062
1619
425
482
5402
931
2200
993
1115
1819
1266
1200
5062
4011
2285
2196
3507
3682
-1
3142
1601
1488
353
2762
425
1984
4142
5222
740
4717
4127
3139
711
25
1138
5138
766
5182
3621
2762
25
5402
-1
5049
3139
3170
4794
3835
5518
4254
687
5384
1200
378
3110
3645
2395
147
954
3875
4194
4373
2196
2946
2196
2285
243
669
4018
5402
2761
25
3960
547
2285
3720
3943
3682
3107
1465
1307
427
5587
1442
4211
687
2196
1168
3308
2882
353
1776
-1
2364
3015
3057
4945
3645
3139
2638
3496
5402
3139
4966
1846
5336
2196
1168
1238
1528
5402
1307
2952
2196
4945
5165
2882
1184
2181
147
3308
3279
5402
5009
4111
5062
604
1583
3768
3035
2200
3739
2652
5062
5558
2638
3507
4110
227
5646
4142
5616
4493
4784
1963
391
3136
4945
77
2280
3110
2156
3107
2196
4974
4431
-1
1680
4487
5061
3003
5402
4270
1572
668
817
3645
1168
-1
3890
5402
3996
1468
1514
5402
4668
5646
695
4225
4226
-1
5003
-1
1384
834
53
2376
3139
4091
3165
875
-1
25
476
3023
1554
11
1396
5402
5511
3507
1362
2652
4038
2122
787
2194
2196
1842
5587
-1
4878
3139
4348
4226
4529
3985
3943
1038
775
5402
3308
3621
300
630
2285
22
1625
91
3676
3985
482
25
3531
5022
2312
1908
687
651
2719
1131
1425
2463
5402
2682
5225
3139
25
3269
3380
5049
4039
5030
3461
2682
2867
-1
3088
446
3035
5384
2570
2894
2612
3616
482
-1
3003
3839
1680
5288
3621
4226
4878
957
4934
5402
25
4356
1452
-1
3800
-1
18
1313
889
2825
3139
5402
1994
482
1384
3623
5384
3578
5582
410
5384
425
5292
3308
3511
687
5402
5047
4624
1699
1625
3578
5582
1699
5402
2154
4045
761
5402
4734
4598
1366
3165
391
5402
3139
391
5288
5402
2367
3943
4032
3645
2196
3621
4348
778
1699
3139
1650
4765
1777
4703
2548
3621
-1
3095
425
-1
1480
4878
2615
2409
1461
1042
1017
421
4713
3623
834
3164
836
5574
2830
425
923
5049
4945
391
425
348
4717
195
-1
4713
-1
1148
2196
-1
1898
1118
1168
1186
2096
5225
4063
4332
2196
2128
482
2570
4945
3645
3139
4713
3139
4945
2873
1480
4460
27
4082
3792
923
5623
25
3621
4594
4226
3725
25
2085
327
1920
3943
4002
3496
3760
492
3003
147
1017
524
348
831
5132
3139
5744
-1
5733
931
3875
2825
647
-1
2196
-1
2638
4431
594
4281
1799
1426
2785
834
1384
1736
448
4595
3139
4833
3015
1465
1307
2785
1465
3461
4901
1583
-1
3028
425
5402
2196
2890
3446
668
-1
4477
3610
2096
4045
5293
5061
1250
2762
687
1528
2449
792
-1
3526
425
2650
5402
1240
4159
3943
2122
4032
5646
1692
834
5047
-1
4142
2196
1504
482
1283
-1
2200
611
1572
3139
5405
2469
5557
4779
1760
3743
1360
3110
2104
3139
3949
3949
4005
5743
1429
353
5402
4474
4078
482
2638
4700
2285
687
4624
1727
2153
1513
193
3139
908
835
1357
2085
4836
2196
4717
4226
3139
3139
1636
2195
2638
931
2638
2243
3308
2531
1429
2196
2196
-1
1205
3621
5203
1759
2762
3747
3139
1200
5646
5331
353
2085
3110
338
53
195
3380
2709
2911
2196
1320
5419
5646
1057
5472
5133
5609
664
3068
4624
425
138
2315
3139
664
2435
4654
5133
1636
2682
25
5719
2182
931
110
2993
51
1054
4992
304
3390
195
2285
1044
1104
53
93
1699
5156
1199
2096
4713
3305
5402
165
5125
25
834
482
3621
3003
5049
4992
1200
321
1044
1000
2985
1601
1057
4454
5062
195
2015
1752
4967
3960
4740
3944
3746
25
2610
4354
-1
1804
2993
4226
1200
5681
3139
425
-1
1853
4794
25
3645
2196
2195
162
2983
1777
2314
5719
3039
25
1017
-1
-1
1636
3858
25
807
3139
2164
4945
2786
1258
425
1427
3021
2196
2390
1504
1513
3420
5602
4593
2785
3139
5475
1855
3139
165
3653
-1
3003
300
3072
-1
1322
5404
165
4978
1461
425
1018
-1
908
4945
4790
508
5288
4545
1699
-1
3035
880
1809
1480
2122
1949
2200
931
3064
25
123
4890
3917
3308
4611
4598
3516
2200
1042
5353
391
3066
301
381
2000
2619
2122
195
823
3456
3927
4405
2998
245
2762
1313
771
3838
927
545
79
4713
3139
5238
5133
4224
2285
5402
823
4713
391
2507
1240
-1
1601
300
3139
1168
2608
1016
2196
25
2762
1345
427
5662
3880
5402
1936
2164
1168
4720
1288
5402
1834
3512
3621
4111
1410
-1
3676
2867
482
1699
5624
2412
-1
1616
4992
4004
4373
810
4884
807
3943
5019
4873
2200
1168
2993
-1
1429
1461
-1
1405
2196
3858
2807
482
3139
4736
3170
5511
2189
2195
2285
3139
5603
2882
3296
1945
5114
3139
25
-1
1468
16
2784
5049
4718
-1
1185
5667
1357
2754
2154
1304
3682
1588
4340
4193
951
2196
3055
834
2196
2724
2243
1588
5698
548
4638
2911
1178
25
3400
2417
4545
4832
425
482
425
4153
-1
1588
630
3943
5609
1313
1307
5402
5524
25
3367
4032
25
3592
445
2285
4890
4545
357
304
1384
5322
1722
147
5250
2196
1699
878
267
3390
2095
4900
1268
2136
2085
5402
3348
1859
1230
2619
2682
2983
5062
5384
1054
2285
2993
2993
1313
25
-1
2449
3139
974
3346
3396
3479
1461
-1
5361
2196
1588
3479
1869
1616
4408
931
4426
5471
4945
1466
3858
3682
1793
4513
3139
2615
249
2196
4544
1504
746
4998
4404
4544
4771
1588
5402
482
695
1513
3139
425
2934
-1
4354
1263
3315
2503
2195
785
472
3139
2196
1307
1625
25
2800
1977
3139
4700
5282
719
2083
-1
5587
4373
1144
3437
2286
700
2393
2973
4638
3299
3139
2838
5361
1183
2789
3170
5062
3139
4154
16
3161
3592
1427
4393
5419
2513
5402
4624
-1
4397
5466
594
5497
3858
3139
4799
5361
382
5240
3592
-1
1429
5061
3579
687
1601
540
1588
2762
1298
-1
792
4815
4884
834
1528
3139
482
1273
1071
3003
1625
227
5285
2196
2189
81
883
2334
5502
797
1619
1283
1601
5402
5061
2014
41
4713
4817
1528
4878
3139
5436
4532
2691
5085
2196
2415
5402
2009
1746
3139
1625
25
2196
3139
25
3139
4815
3066
1513
2381
2196
687
1292
5501
-1
3308
25
2478
4718
425
4638
4354
1106
4391
3865
16
4945
3693
195
2197
3623
2196
2822
4039
425
4945
5049
3427
3397
4684
-1
4226
3382
2246
5061
3139
3160
2285
3308
3039
4959
482
391
4890
1304
1121
2195
5687
3409
3095
2285
1402
2870
2196
1825
4428
3139
-1
1044
-1
2007
4815
1339
5587
25
3848
107
-1
4654
2160
452
2285
5017
51
227
2990
4854
2985
1468
687
4713
5155
425
25
-1
550
932
1513
19
425
2285
5216
4675
4713
993
-1
5362
4807
4226
-1
1269
5485
1601
404
3139
2285
4945
1461
4820
195
5003
4332
275
3095
792
3455
1583
2196
2724
1294
2160
671
5402
482
1776
73
5288
3659
5719
2196
4815
1409
3139
3682
2285
2508
4639
3139
4039
5587
1016
5642
5402
508
5175
4718
3308
3054
5213
923
5511
4720
594
4179
2404
3139
4142
-1
3003
1465
3139
2196
5003
3308
4545
52
1959
5133
4598
2285
4992
5414
4815
695
-1
2697
2993
4497
2381
2617
482
1528
4611
3139
792
3367
5062
2104
4085
4974
443
1461
3880
2285
993
5616
185
2196
1019
2096
165
3139
2122
1168
4713
4820
-1
2863
2285
5062
3242
3991
3916
3838
4654
1393
5091
2276
2785
-1
425
1636
3563
857
3003
3139
3200
4598
2697
1429
1588
3880
2806
521
508
808
1583
2615
4598
3621
1710
5402
4555
185
2638
5402
3139
3612
2616
2488
2149
5271
1790
2954
2224
4958
2933
2825
4746
5587
227
195
2196
1371
-1
2147
4164
1822
5303
583
425
797
-1
4226
5419
2096
2449
1178
2046
-1
2736
5384
2537
4226
5309
834
5074
4367
2825
5140
258
792
5192
4835
3003
53
1628
1073
2200
4193
4315
5669
3139
-1
3139
3485
4637
4313
1625
4820
5402
2934
2016
4562
5062
3139
4497
1044
375
4966
2411
4448
4315
1054
1692
425
2697
166
3339
1809
4226
1183
5587
4142
1128
1875
-1
2645
3676
3139
5497
1463
3139
4713
5207
95
5087
5362
5587
3139
5049
5104
4956
2534
2196
-1
2660
5471
5402
5402
4611
2714
-1
2196
2008
1583
-1
2697
1073
787
5280
2415
2435
2182
-1
476
4111
1493
-1
4820
2349
2435
3015
1042
2266
482
5561
5402
1746
-1
348
-1
2813
1832
3028
4142
2051
5061
823
797
3442
2825
5526
3996
630
556
4693
3062
3107
4045
5386
2151
2349
3505
1672
1307
5576
5495
2724
2615
4111
5320
3139
225
425
400
4226
2619
2736
3139
1339
1012
2060
391
782
3011
1461
4135
1740
3683
1916
885
923
5049
494
5061
-1
2200
-1
1161
5720
3062
-1
-1
2074
425
1541
2569
-1
5284
4032
3943
294
3727
4140
3308
4473
4051
1636
1465
1528
425
5504
-1
3858
-1
1928
257
2243
2383
-1
1429
561
1452
428
2196
4878
4188
5588
5040
673
5062
5061
2703
5165
3924
542
1313
2411
2435
3880
25
5433
425
4287
-1
5402
5062
5028
5232
2882
2993
5402
806
2365
4162
674
2122
797
227
-1
3125
-1
5362
630
4746
5254
-1
4713
4815
-1
1119
16
1073
5110
1480
1313
5017
2200
1246
3880
3139
3424
2196
4598
3401
2587
5387
1019
2285
4371
5426
4998
2196
2247
1606
419
1183
3520
5419
5026
4611
3734
2196
-1
2360
-1
1528
2394
4853
-1
1049
3053
1608
3139
3139
-1
1230
739
831
5022
3139
5402
3308
4967
-1
1161
2833
808
5062
1760
4945
4713
4945
1217
3587
-1
3752
25
3003
348
7
3139
2578
2736
3367
2196
455
3072
425
482
2969
1616
3369
4045
2285
2189
3414
3139
185
1054
2615
484
276
981
1636
2954
3139
3110
2164
195
-1
1496
642
1699
5062
3485
3128
3621
3562
25
2085
-1
4276
2638
5384
1595
3950
-1
2084
1042
1062
3875
3256
3308
25
4070
5218
1149
2196
5254
195
2904
5402
2466
2921
4822
3286
594
3139
5062
792
3943
5402
-1
105
1681
4073
1468
2965
3139
1945
931
5471
4998
1016
2976
3693
3139
3001
1429
3838
1448
5699
2196
4720
1485
2196
4539
-1
3139
3139
4720
1608
2196
4426
-1
1429
3876
-1
2736
5574
3139
687
2834
1608
3382
2621
2243
2882
1601
1307
-1
3676
1698
808
1479
1465
5254
5695
5061
2196
3003
1044
883
-1
-1
4381
1139
5390
1280
5370
1832
1409
25
1636
5402
3985
3367
3708
3139
242
798
2042
2196
1019
834
3445
4959
3308
1121
3139
3139
348
2724
2493
3692
5731
4039
2319
-1
5198
2200
4807
2200
4992
3948
4371
5402
4039
3838
1319
425
2365
5003
4713
5671
425
4287
304
4142
2196
1168
5402
2572
214
3456
482
3872
5113
1273
4966
2143
3139
4371
2800
1461
300
3838
3139
542
482
383
3139
2770
4720
-1
-1
4890
3289
339
2069
1429
5507
-1
4537
1681
1699
1298
2189
5746
457
-1
-1
1298
391
1017
5587
2285
2200
3571
1054
3308
25
2348
1339
2196
1307
4981
2196
4469
2570
4435
25
1044
482
2504
5504
1121
4693
540
1894
3139
2782
4784
1650
5093
1168
559
5062
5402
53
1572
1681
5064
3139
2562
1850
2691
4889
2152
3380
891
494
5062
2195
2993
5530
482
4878
2484
3840
1429
4127
4193
2762
3139
5373
1583
4142
2010
4330
2825
4530
5049
3296
1297
5748
1402
664
2144
5202
2101
5384
2615
1131
4163
1072
1429
923
1168
-1
5381
-1
-1
1056
2762
5003
5433
4992
-1
484
1049
1452
26
-1
4692
25
263
993
-1
5491
798
3139
4132
5402
4226
3716
1174
3623
1019
-1
1298
5061
4545
2882
1313
853
3139
1157
3139
1044
3645
3308
1168
5121
5061
4188
2934
1385
126
1504
540
5067
574
-1
1625
785
561
425
25
2714
2196
-1
695
1974
1269
3003
30
1269
1715
2837
3750
2383
425
687
5518
4196
2196
1119
1461
-1
5061
-1
5384
1750
4720
2225
411
1959
25
2762
5252
2285
2489
1230
2794
41
258
5748
-1
2441
4513
5213
2365
16
594
2196
3139
-1
3139
3920
4611
4018
2102
2638
5184
-1
1885
4853
2992
4853
3580
1354
4142
1200
1465
5673
2285
3696
4966
3139
-1
3139
5402
4056
3996
3621
5061
-1
1157
-1
-1
3139
1771
482
2390
3621
3578
2831
4469
4437
5062
2691
4146
2285
2196
3139
25
3139
-1
-1
1528
2285
3692
-1
25
2881
2761
2196
2200
2285
1619
84
3885
1429
25
3069
3447
4497
1636
3139
4784
5402
1562
2762
2993
630
2196
3139
25
2905
2777
3192
50
2285
4489
-1
3622
687
4639
157
3999
-1
3266
157
4045
1653
1119
4486
3640
227
-1
3240
425
4720
2084
1307
5426
5502
2882
1746
799
5062
3554
2673
25
4299
1019
326
4282
3107
3139
1528
373
3496
367
-1
1638
669
53
1112
1959
5384
2201
-1
4075
5313
425
4790
391
99
2883
4513
1255
2285
539
4713
687
1504
5712
586
4111
2948
25
4603
3382
1601
937
5665
3139
2135
4188
-1
3377
-1
594
1323
-1
1155
1415
4790
2164
1183
432
2196
2096
3556
4535
-1
1925
1429
2196
957
-1
68
2800
5104
448
1429
348
5062
2762
482
25
685
4564
899
4538
5122
1525
5735
3886
4820
127
2762
3308
25
425
1546
1647
3395
243
3880
3308
2196
25
41
806
4555
-1
1883
2413
3883
4315
4356
3315
4647
-1
-1
540
3931
3401
425
2997
4966
3299
4611
5497
3953
314
5633
2619
482
1985
5253
4018
4415
-1
2113
4011
3139
4665
4362
4998
5288
2200
4815
2367
5140
4148
3139
5203
4194
3139
3077
4407
1339
687
1152
-1
3556
5088
3308
5271
4075
3377
388
2785
4700
802
5028
4647
3439
5502
1857
2882
2551
-1
4417
792
482
2049
2593
3532
-1
2285
3290
5471
-1
669
-1
3139
3003
1601
425
3110
1751
3066
3943
2122
5062
1776
2214
1183
-1
3139
-1
3887
1601
5743
2762
2149
25
3139
3139
4820
-1
4196
5375
3139
-1
5349
3139
1699
540
937
5154
2901
1667
-1
425
3676
5133
-1
5504
3428
3507
2196
689
3139
-1
4093
3139
425
1017
5404
5402
2200
3955
4945
5165
2196
3931
-1
177
-1
3427
2196
3362
1746
3331
3139
3772
54
2688
3003
-1
4890
2328
3139
834
4162
5471
-1
2196
474
4784
3139
5516
5491
3139
3139
1218
2901
5288
3362
3875
227
4878
2196
-1
1902
2514
3054
5102
2014
131
5743
4683
4497
5381
908
5132
2825
785
-1
4226
2273
4801
3139
2941
5706
4720
-1
5285
2794
2939
2196
2627
1421
-1
-1
2383
1699
24
5402
4598
2285
2200
4778
218
2724
1313
1625
1680
3621
2123
4771
188
5549
4147
4890
25
5062
5518
-1
195
4265
1465
1809
5402
25
1598
3817
844
4890
5028
4608
5687
4482
719
3875
-1
1330
3627
5027
3139
1880
2285
-1
5236
3139
5587
5574
5402
3522
5433
425
337
4713
3308
4497
5696
916
482
5137
4298
-1
5496
951
2196
285
4105
221
792
4264
2164
390
2794
3677
2776
1073
2945
3308
55
3066
2200
834
2096
2146
1258
4287
3873
4412
4624
4453
1601
-1
25
5335
1829
4945
2285
1044
4647
1019
3308
3077
769
-1
1042
5362
5310
1480
4181
2773
53
25
1601
281
763
2267
2196
1313
825
25
4497
2196
1168
3157
3139
1583
1793
1699
2772
5326
3960
5242
1339
2729
2285
5488
-1
3917
5539
195
1913
3139
2882
4226
2196
5656
4545
4720
2196
5066
4945
2200
4896
2196
5249
3139
5304
2196
3592
-1
482
2308
787
4713
540
852
3139
170
5402
3139
-1
25
5740
881
1521
-1
4373
1848
3837
2800
275
3139
4356
5331
3621
3417
1820
3794
1269
2762
5093
3139
4491
2768
1528
825
4502
5630
2014
482
2617
2762
5015
3880
875
4720
4362
3810
1353
3631
5191
5402
4513
-1
3643
2197
1405
4403
4611
3366
3610
1407
-1
3676
2196
1969
3377
1057
3815
3496
3139
1564
2122
5111
1513
227
482
105
4647
2435
4226
1699
1711
482
1549
-1
5230
482
482
3308
548
1257
-1
2724
5546
353
1448
4611
2724
2285
5362
-1
3077
1619
1334
-1
5064
3668
1959
3597
1860
5402
4196
4634
1776
3688
4412
1300
1616
425
4890
2152
-1
1625
4294
1448
4998
2158
482
1042
4959
4858
4142
936
5557
1339
3191
3139
1012
4784
4110
5028
-1
3139
4713
3066
1601
4808
2785
3139
3139
3377
53
-1
25
4400
-1
2250
1017
2941
2332
1395
-1
4654
2196
-1
5109
3139
4650
2724
2638
3945
3139
1489
177
4431
2196
5049
635
681
3569
3191
1475
1041
1446
-1
4765
5062
4497
482
1101
3263
448
3086
3880
482
2438
1888
3004
787
1969
425
5472
1157
155
3297
286
5202
4024
425
1313
5136
482
4512
1314
5386
5361
1465
3380
3348
425
2886
-1
3955
3469
1429
2102
1688
4469
3869
2330
3139
1357
5556
1405
806
127
4665
4487
4039
5062
1470
4662
2901
1959
3139
-1
4853
3215
482
482
4914
5062
1044
2901
2165
3066
5046
-1
3528
1482
2470
2401
1193
3621
3072
4213
2196
1082
2754
2762
1179
4878
1069
-1
1131
3139
3964
1383
4771
3688
5616
1405
4226
4283
-1
5748
3035
5359
4494
2639
-1
5049
3690
2949
5118
2251
4864
2785
-1
540
1298
2146
300
2157
2333
4784
2390
2619
1468
1825
1017
195
3838
2762
1278
1475
2196
4896
1307
25
25
5273
3132
4937
2120
1576
3556
127
3003
5209
3412
4525
-1
4387
389
5441
967
2785
348
482
4922
-1
2908
1054
4872
3780
4771
-1
25
4154
1402
798
-1
3875
5749
766
-1
964
3676
2632
1073
5073
1044
5062
-1
1213
1959
-1
1230
2762
3139
425
4407
4358
1405
5587
5370
-1
3308
4967
5582
883
687
2697
4040
339
2144
2656
4993
2196
5049
2825
1729
1635
3367
2420
561
3479
4226
5230
3139
4142
5213
4792
4414
1778
1389
103
4255
3834
-1
5022
5017
4151
4080
2697
2390
2200
1588
2084
5064
4226
275
3999
4315
5402
1307
2285
482
5646
3833
1829
4776
5062
2196
3621
4945
-1
1601
573
4815
687
-1
5587
5280
2491
2343
-1
1750
1307
425
5049
1049
-1
3818
177
4891
425
2196
5191
3838
3139
4818
5217
2196
4713
719
2192
2411
2365
177
4603
3189
1185
2578
4496
2619
3139
3772
4039
3139
1996
-1
3139
5049
2285
1935
5087
1407
946
5402
3139
5402
930
1237
1075
-1
5613
823
2911
2200
971
2825
3046
5731
3107
3222
1185
1935
3139
4226
923
1155
25
926
1168
540
1269
2213
4226
-1
2135
4332
4171
5402
-1
4040
4407
5402
5402
1750
508
2968
4045
864
-1
1236
2196
975
2195
4595
3140
2838
1569
-1
3956
3139
147
4672
4603
147
1311
2755
5402
1709
2934
3139
5426
2776
2149
-1
3139
-1
594
3996
1788
55
1603
5545
1429
2285
1017
4945
1821
425
482
1019
4805
3696
1619
5258
3069
1800
1402
-1
2285
3297
2336
485
4759
3139
5162
1601
1054
5108
1073
1014
1294
2724
5049
4945
4740
2196
4945
2615
747
5402
1465
5582
4508
-1
3308
3139
1269
1583
912
5049
4945
156
3399
4801
2724
4039
414
388
1060
3139
5362
391
2285
-1
2863
3875
4626
2998
482
5502
1361
4226
-1
3452
3139
5062
2598
5049
4225
4162
2762
1044
2196
3824
2196
2488
3139
1298
4142
5140
3980
661
-1
5049
4276
1320
4363
-1
227
-1
2462
4718
4226
2939
3264
883
5313
3380
967
304
3931
4176
2365
2762
305
4332
3072
5207
1427
1429
5361
-1
4466
4169
195
2285
687
2196
5241
5074
-1
2785
2196
477
1759
3308
-1
1623
3139
2574
1717
1235
2122
1699
-1
244
5061
1446
2365
5491
3139
3886
2206
25
2838
4418
-1
3139
-1
-1
3095
2619
5144
4415
976
258
2326
3129
1298
4778
4039
3645
4626
-1
1307
2762
2587
2128
3139
5062
4226
2762
-1
2911
-1
4105
16
1583
2014
1465
195
-1
2135
-1
5049
3139
2889
1228
4060
1427
2762
4966
93
630
3049
2954
3139
3820
4418
3999
3139
2200
4750
-1
4713
4755
4652
5326
25
152
5109
3257
1381
2785
1636
-1
839
4083
632
2200
5013
-1
1268
-1
-1
3192
5384
5062
1168
4529
1871
-1
3707
591
2901
2285
-1
304
2195
5031
-1
2104
427
937
1178
5049
2269
4282
3921
368
3980
2825
195
1699
3165
5088
3880
1650
931
2739
2196
275
12
3467
4993
3623
5100
1465
2638
3308
1945
410
2107
-1
1527
-1
1907
4373
5313
2713
1553
53
4505
3858
1307
5140
25
5587
823
649
-1
3538
1901
3875
3985
3852
3578
5695
1719
3689
1751
3139
1379
3107
594
2196
-1
3054
4688
4472
5218
1586
4226
859
185
4559
4286
2724
107
2812
4183
1028
147
3057
3783
1402
3615
4651
1636
-1
41
1572
2200
2686
3136
2196
1054
1958
5402
2195
5521
1230
1219
2569
2122
1601
2352
2285
3916
3875
-1
4751
3107
353
623
3496
2200
4481
99
1323
5384
2762
2680
2465
4226
1307
2325
1878
1016
3139
5271
2196
2196
1757
-1
5062
2762
1765
2100
3380
4720
3139
763
3539
5044
3855
2120
3139
4621
3139
1307
2285
4801
4890
4877
1206
5671
5587
2196
1441
3139
5402
3069
3139
4860
1054
2929
2196
3139
1931
4408
5062
1601
5438
238
2196
-1
25
-1
4226
3875
3453
25
4992
25
2724
1699
425
227
3227
2196
437
3380
4348
1625
3139
3139
-1
3858
2058
1601
3051
25
5272
3343
561
425
687
1779
687
227
2135
1157
2196
1429
197
2615
3264
425
4287
5270
1452
3676
4815
2380
2196
3069
2882
3139
25
1636
-1
633
70
169
3592
3996
1893
482
2998
2200
3139
1480
5013
425
-1
2632
1354
4587
5140
1972
5023
3139
1056
53
1959
1298
494
-1
993
5062
5062
-1
923
5530
4373
4494
5133
1268
3046
-1
1168
3495
1017
3446
2079
4226
2989
2196
5402
3139
482
-1
-1
1809
3291
486
5232
1332
630
4974
3139
5304
2873
5191
1180
-1
2196
3077
2514
4943
1420
4431
3924
1636
482
5587
2153
423
798
5402
4021
-1
3139
3985
2308
5062
2989
4993
2887
3139
2029
125
1353
25
2553
1073
4787
2269
2285
147
4270
2196
2196
2390
1054
41
2285
5009
540
-1
3139
4713
5550
1850
-1
2572
3139
5676
4991
-1
1269
5122
4884
4768
834
304
1638
25
3028
1894
687
-1
5028
53
4332
-1
823
5393
351
2200
1672
4348
2810
-1
5402
5742
2292
1404
4887
3485
1800
125
1323
807
2206
1577
-1
3392
2206
1917
-1
-1
2285
5283
53
3139
3917
623
3611
5471
-1
1583
2882
1561
4945
3000
1376
5062
500
2196
2197
1073
5103
1800
2326
2380
3139
3586
239
4966
3621
931
4929
5384
5087
3339
1465
53
1504
4890
3139
3903
3049
2376
767
1210
5310
5062
5402
3028
1101
822
3377
2882
2227
-1
25
193
1300
5022
-1
3139
4784
2333
5062
1467
2762
125
3852
3800
-1
2719
3139
3410
5706
25
4226
4039
3467
443
4188
806
4513
5271
5028
-1
482
3107
3484
5687
5130
5509
3206
3996
1570
2332
1945
2084
3744
639
1315
1570
2166
3410
448
5402
5221
4393
1601
1465
5473
482
594
1696
2619
2196
1583
-1
2681
1289
1157
-1
2200
2200
2954
3682
2557
3822
3650
3750
1872
3022
1279
3139
3044
4713
1157
1681
459
2269
3139
1409
4890
5714
-1
157
3317
425
1425
4772
5413
1465
934
3170
1760
-1
41
2200
448
227
1725
604
4226
-1
3049
4773
425
2488
694
4513
5123
3521
4226
-1
4771
-1
5288
1313
2719
232
109
5405
2196
3850
-1
3139
3139
1313
-1
1571
540
1601
1409
4513
2364
25
3139
5545
482
1428
3003
5269
1201
1811
2085
1528
-1
4484
4802
2834
25
5171
425
5073
2598
2308
3880
5164
695
4162
3139
1210
4213
1465
482
635
5748
-1
5597
3621
-1
4212
26
287
455
25
1635
2762
1283
1659
3139
1265
1157
193
25
284
5336
4665
5133
86
-1
227
3943
4993
1636
3985
4363
1300
734
1465
4611
821
-1
482
5022
2285
1601
2977
951
4471
5049
4890
448
1185
1016
792
5062
687
281
1185
36
2365
3139
3495
5049
3139
5062
3465
3139
1298
41
147
5171
2084
-1
2196
4373
2615
1168
5402
3139
584
4001
4286
-1
53
4611
785
2625
2097
5133
1729
2927
1841
2285
5230
3521
281
4777
482
3485
5031
25
5579
3172
448
1206
1283
4070
4890
2329
2911
3139
-1
5695
4764
1108
1637
4598
-1
1058
5274
4177
5744
4900
2630
1891
4664
1152
5402
4968
1023
2196
5352
-1
834
1157
-1
1780
539
5582
1313
3931
4332
1829
2969
5384
1625
3507
3139
5351
-1
746
22
2206
5402
1238
4171
3289
2380
3759
4287
25
3139
1504
2989
425
2390
934
3467
1683
5646
993
5234
2243
1670
1676
2644
-1
448
3139
2681
1608
3139
5556
3708
2285
2196
3139
25
2515
685
1405
3884
5137
-1
4713
4497
5587
25
4718
3139
2233
-1
669
3777
1429
4647
3308
540
2754
4142
1598
2250
-1
1780
5488
-1
2195
827
5604
3492
860
4497
2652
1307
4689
4188
283
3852
3003
425
4647
3139
3676
2831
2285
227
687
-1
4907
3586
4533
310
-1
4114
5093
5365
4158
3621
1681
745
3139
3789
957
823
2160
1931
3139
4111
3592
4021
4045
3367
1168
3955
-1
5028
5576
2285
2321
1925
4363
3996
993
-1
1892
1016
4957
3985
2420
486
602
1152
77
1589
4484
3771
16
1307
3323
4694
5673
2196
2160
1095
-1
4350
3833
3367
3676
5402
689
3139
25
823
-1
4276
1298
1809
2196
4851
2122
5242
2828
4819
1307
2762
3139
4418
2455
3521
1324
3676
5370
2122
5402
4815
-1
1465
1699
3838
304
3139
3139
5035
4799
4110
3015
3139
4771
2882
425
-1
1083
425
3682
196
3916
3394
789
1803
3003
4200
931
3756
4599
2762
1542
425
4226
4598
3485
3139
2901
5576
2196
2019
861
5049
-1
4287
5271
-1
1853
1826
3139
1429
3308
4569
4774
540
2836
808
4890
5385
5616
3641
4619
4282
823
3139
3139
5487
1501
2058
1307
1323
2153
4890
1073
3399
3107
4526
561
4039
-1
5402
2178
2349
3139
5062
5402
-1
2754
3467
731
2196
5545
3139
4945
2195
2196
5279
41
3495
1776
2376
5402
5731
4039
5402
425
2619
2381
2202
25
2285
3949
1776
3326
3072
540
5148
1151
1145
3521
4629
4445
3278
3621
1307
2196
4142
4853
3139
5714
4497
1269
5269
3875
1044
127
1686
5587
1885
1173
1185
2883
4417
5719
2934
-1
2578
2408
1635
1201
4628
3797
2809
4497
4992
5354
3139
4240
-1
5587
4731
443
1244
4716
4945
1546
5682
-1
2102
2619
2195
4815
1058
2200
124
-1
-1
5049
3170
1180
4658
675
1800
3072
4406
3139
-1
1575
3139
3139
3072
2969
2200
5582
5374
3072
4559
3646
5003
4673
2380
881
443
4413
3943
-1
716
3139
542
2830
3386
4713
4376
25
924
485
57
2189
3960
3228
3003
2200
-1
5595
4039
4125
4753
53
1684
3131
2192
1285
4891
4002
5313
3139
4185
3139
2196
5475
4233
258
5619
4720
5402
4689
425
5540
5200
2652
3369
2380
1598
4853
630
2285
5164
2106
5685
5062
5384
5731
425
685
4431
3139
5064
1429
2762
3139
590
2133
2146
5587
2243
2522
-1
4158
4497
1016
-1
853
1513
5402
1546
2632
20
-1
1206
1894
5275
4469
3072
4039
344
2285
5178
2285
3931
3139
5160
5081
482
4945
890
482
825
425
3160
498
2200
2175
1255
1875
3224
5018
1959
4713
944
785
4677
1429
2122
5362
938
685
722
5733
4972
2200
2910
5504
5081
2189
923
645
1298
2285
4387
53
1206
3139
5468
-1
687
3880
3390
5410
-1
4361
285
3682
2983
1156
697
5616
195
-1
4497
5402
2366
4528
3621
2200
2196
5132
1583
4652
4740
2964
4418
4945
1307
2036
3076
3676
-1
5714
1283
3033
4438
1017
1194
772
5402
-1
2111
5049
2206
1564
5362
1313
3139
318
4283
5344
787
5245
5062
1861
1415
1397
2934
4190
1313
1300
300
5094
4611
4998
4878
1193
5062
2691
4792
2598
1407
3204
1699
4409
1049
425
3362
425
49
3804
4378
-1
183
-1
1465
3732
2724
275
2619
2281
823
2218
1699
3985
1307
1800
-1
1636
5273
53
227
1676
3943
1269
4830
-1
3139
425
1163
5313
1313
5058
24
3139
1083
3943
3931
3139
4226
1681
2195
-1
1594
4142
3059
4834
3772
482
3724
177
227
937
2863
2619
3289
2838
3139
1448
3875
4004
-1
4598
687
4090
926
3139
4356
3528
3467
4545
1157
3801
1624
482
975
2196
4906
3644
4884
561
-1
2214
1754
3927
3139
3495
783
2724
2781
3139
-1
4966
-1
2598
1185
2704
1081
127
3943
2966
681
5402
1313
841
25
-1
25
1699
3468
2602
5453
25
4896
1101
3139
-1
1800
4945
1429
3067
2749
1300
4298
2914
5384
1254
401
3139
5300
4676
1161
1304
-1
3003
-1
5028
5062
2196
3913
3402
834
2615
2085
2196
1248
-1
1465
-1
5264
3139
4857
3241
5163
806
4039
4237
1935
5678
1019
1564
5473
1759
4407
5133
-1
-1
1635
1185
-1
-1
1528
841
4393
5296
183
2326
1601
2043
4316
-1
4209
4226
4478
53
4195
1225
1019
5614
14
3139
3100
3560
3308
1095
-1
2196
1632
1672
3077
2874
3584
583
-1
5731
3480
4188
399
2780
695
2233
5415
5329
3728
1429
3507
3946
1194
671
1770
3139
195
722
55
1636
2364
3865
3139
4421
2882
402
4654
2705
2762
4966
578
1548
482
5471
1384
3239
2494
4160
1298
5049
5466
5133
1050
2762
5333
2196
3592
-1
3333
63
2619
3139
2196
931
4815
2196
5744
5402
1705
3003
1480
2189
5203
1849
3822
1475
4713
5107
2502
4097
610
5731
2964
1861
1777
2195
-1
3072
5402
2762
3139
41
1504
1658
5285
-1
1504
1042
-1
-1
4019
3308
5391
5595
5333
3358
3584
2809
-1
4576
3955
-1
539
195
2882
195
5003
4181
5671
1096
2049
2958
3139
1161
-1
4108
-1
3821
4660
1210
2993
5271
261
285
-1
2790
5402
3139
4142
3339
4917
1168
2383
3139
-1
3305
-1
-1
3503
3308
3080
-1
4992
3339
284
41
2204
2701
3996
25
717
-1
2200
-1
-1
3621
2267
2098
3139
1861
5521
2365
4175
3623
1601
2663
3003
3730
5133
2422
4039
5249
4426
2502
5409
5362
5671
883
4521
4890
716
1487
5388
4193
147
1475
3218
3707
4919
2762
4513
2196
1880
2191
1019
14
2919
1252
3139
1058
5062
5587
5049
391
1740
4966
3539
810
2826
5269
912
-1
195
-1
3630
3139
755
934
4039
-1
1583
-1
5471
470
746
1352
425
-1
-1
3139
2122
1180
3800
1793
3875
-1
5062
3067
-1
5745
2762
3708
3434
2619
-1
4713
-1
5049
1625
-1
2196
261
3535
5479
1210
1722
1831
275
1480
3497
594
12
4032
1298
-1
99
425
3985
3110
3833
3139
5587
5698
2825
4152
5497
5402
1780
1033
3139
1405
844
1611
5556
3592
501
2381
425
77
4654
196
1448
-1
59
3869
3676
5049
3378
5387
2196
3139
92
156
3139
5062
797
-1
-1
5402
2514
1284
2390
1521
3308
1482
2453
2703
5021
185
5085
407
-1
3062
4039
5402
2578
-1
4373
57
1636
1231
3696
1063
3676
4949
5576
5619
3139
3621
2885
3240
4447
2196
3696
4713
2200
1121
787
2554
425
3763
5638
2619
3312
1017
3107
-1
2587
4507
1206
-1
1185
746
2488
225
2762
2389
127
1290
5164
4966
2196
2085
4720
5381
3440
25
1829
-1
4356
-1
425
4992
482
1814
1298
4548
806
1800
-1
3402
3046
2381
-1
1861
2825
2615
4603
2673
-1
4823
4472
486
1168
5171
3875
3201
4373
5368
2085
1016
1401
-1
3139
1168
391
1958
2137
5062
1429
3595
2750
2326
2989
-1
482
5551
5671
3907
1200
2742
3997
2196
-1
1480
5634
4654
1429
2681
3986
4693
1183
1652
3139
2016
241
5402
425
1888
1850
4039
810
539
747
1703
4713
1183
4226
923
3748
4447
4907
3095
12
-1
3028
3139
4226
494
3139
4945
-1
3678
1315
4877
494
-1
5731
2124
4770
3944
5402
1298
-1
-1
418
141
-1
1825
5545
2196
5208
4540
5365
1178
425
4360
3139
4945
2762
2196
2196
1019
3838
1453
3139
4188
630
3165
4018
3139
2754
5589
3521
-1
3308
2724
4039
2122
3530
1297
3139
25
5493
5402
5244
-1
1180
1405
931
4713
2196
834
3139
4356
3427
4744
5206
5200
685
1979
3955
5128
4639
5497
1298
1044
1241
425
-1
1353
4484
1480
-1
5587
482
2722
3139
1384
3331
-1
1390
3946
181
1861
3139
1465
3139
2200
834
3139
1409
1725
1298
3139
701
1429
934
4185
3852
3528
5402
5402
3139
1793
-1
3308
3362
1429
-1
1095
1101
-1
450
5402
3139
4000
702
-1
3139
3591
-1
1238
5651
3042
4995
425
3615
1636
4118
648
3139
3916
3084
4250
5385
2189
2146
5690
4890
1914
258
834
2807
4623
555
2724
4431
5142
2365
5061
912
4825
25
4545
4777
3139
3148
1168
25
1814
288
1672
2170
746
1307
1054
1285
482
2652
594
3139
5502
4552
2619
243
62
3592
4890
2084
5354
4397
99
3467
4014
5195
1465
473
807
971
4447
1307
2767
1307
1007
-1
4120
931
2376
5587
2816
5511
926
424
1339
4036
541
-1
1117
4718
2857
485
5150
4142
3028
2774
3139
2439
3003
1185
4287
834
4615
2084
1252
1793
3772
1178
2200
5200
1235
519
561
-1
4142
1825
4193
1354
669
4000
2122
4945
2377
1601
3139
4890
388
4820
1044
5475
3662
-1
1405
1044
-1
3139
425
-1
-1
1588
4226
4815
2462
3139
1429
-1
3651
-1
540
-1
5587
425
1796
2326
4713
2196
147
2381
2196
4518
571
2954
1498
-1
2714
2565
926
2502
1073
2462
2943
3496
3676
3222
3000
1367
539
1453
1699
1391
2691
4992
3311
4137
3139
4502
4378
2263
4443
3046
1681
1858
1095
1307
3139
127
1313
2595
5595
3302
2934
3139
4363
4266
5402
3139
2911
1402
-1
639
4718
1030
4433
5387
-1
5583
486
1722
2762
3943
1829
805
5576
4356
4890
2122
3382
1959
-1
967
4830
823
5731
25
5062
3537
227
1429
3051
2233
5062
2749
4153
1372
3308
2565
2122
3139
-1
4713
4720
785
5123
3165
1101
-1
3283
2299
3139
3621
1671
3062
482
2867
3738
1452
-1
4771
2439
3768
-1
5402
4265
1323
2196
5502
-1
3271
5062
425
3139
3554
448
3003
1699
594
1702
3154
2164
630
2689
785
1405
1636
2826
3858
558
275
3139
5022
4075
3139
5068
-1
5164
2674
425
4878
4142
993
-1
4993
1453
1601
4074
2285
5231
1180
1405
1699
482
3093
2825
-1
2619
4524
1791
5576
1298
2598
-1
2285
3139
3139
3139
2200
2459
1254
1671
4185
834
666
2135
2390
1095
3621
5275
4478
482
1601
5255
3838
3000
482
5062
5618
25
1868
3139
5435
5587
3946
3139
2615
3139
5497
1298
425
2196
1180
993
425
1095
1269
4820
1286
3046
2668
3308
5587
1201
1756
3638
25
4955
470
5704
3682
3637
-1
4720
1619
2196
2615
4764
2822
2619
3139
1722
2196
3308
5695
1273
3788
1429
2042
5419
2285
2586
5610
482
5028
4718
1207
25
1468
3293
823
2524
1442
1044
470
1429
2292
16
4698
2200
2122
1690
3485
3380
62
4053
1914
2390
3139
2066
4444
482
1452
-1
212
-1
1465
3943
1152
4915
3771
1829
1829
1295
4027
2462
1465
2285
5384
3139
-1
5213
4123
4777
1598
2338
166
3092
4497
2941
16
3139
3870
1044
3943
5743
254
-1
4497
2390
474
1313
227
1650
1230
4513
5673
-1
1307
2008
4969
482
2285
482
765
3139
2189
2381
882
195
2333
2619
3139
4878
-1
3139
2972
5218
3137
769
1465
2615
1625
5195
2943
4718
3676
5268
2200
2196
1480
3737
3139
1749
4986
3991
5497
288
593
4396
4276
1470
3049
2809
2619
3139
1470
2698
-1
4995
199
425
590
2370
3728
4620
3994
2196
-1
2956
3254
3378
3951
5264
4670
14
3891
1626
353
2775
-1
-1
599
3268
425
5499
4335
556
3139
1919
2964
-1
1516
3246
4226
1485
833
4713
5370
-1
5437
4264
1905
2189
4924
2682
5049
3519
1475
2734
2308
2762
5518
62
5587
1307
3996
2411
5017
-1
5748
3003
4162
3139
3301
1273
2570
2762
5267
4718
2285
4792
3546
2584
482
2690
1742
2350
1955
905
3862
5074
3566
5426
1245
5062
15
684
3657
-1
3091
4945
249
4128
3461
3960
1429
3682
4713
147
-1
2523
-1
38
3291
4079
2285
4513
4884
3057
3003
1781
5695
4040
2852
2813
-1
1874
5477
-1
59
5587
5402
4142
3107
2200
1112
1601
425
1315
4992
14
2817
3684
5219
228
4582
5384
1699
4764
4945
4512
425
1480
4567
1298
4772
1073
1193
2154
5587
2196
3822
1243
3095
2185
3621
1809
2085
2021
5402
-1
2639
2724
2574
1218
2146
4570
2807
5389
-1
-1
3139
937
1699
4121
5061
4195
1925
4045
62
503
583
4949
1152
3996
1168
732
1475
5384
4913
3303
2381
3139
3641
2624
1220
3651
2825
957
785
2016
1452
1116
1298
3139
-1
2390
425
5151
4373
3139
1793
4742
3139
3997
1379
3080
1461
3729
4190
3749
785
4007
5402
4923
763
1448
1339
2979
1699
1413
-1
2146
2763
3702
498
2345
1636
670
1881
-1
739
1087
2196
3139
25
3028
3711
1204
574
455
4998
4287
5702
1800
2958
2615
5313
4438
3858
5491
4000
2198
4638
5313
5472
1452
2169
2615
5384
5576
3822
3621
4513
482
2345
456
5215
1446
4332
5402
5733
25
5034
3283
4318
-1
2762
227
4370
425
1606
2565
2365
482
-1
3139
876
1210
5402
3470
2196
2189
1429
1681
-1
3605
4079
53
4304
1282
1230
3139
-1
645
1757
425
3862
1919
450
1488
3072
4288
2200
-1
3858
3139
3139
3308
583
5499
3333
2196
1285
2230
615
1498
3107
5271
3139
3772
2195
1601
681
5402
-1
2376
5397
1185
4718
890
3400
2439
4429
2901
-1
3606
25
5028
1601
450
3139
25
5673
3676
2949
3621
3139
4987
3697
5387
5077
1624
4909
3051
4039
2374
578
4332
3501
917
-1
5052
1945
4142
1941
3139
3882
2619
4158
2638
4053
99
4553
2019
1583
1073
-1
2762
3380
4555
2911
2285
2842
2331
2146
593
25
425
-1
3682
1054
1385
823
4484
5587
1640
2728
-1
3049
3302
1905
4107
2285
1300
3630
1832
4142
15
5269
2333
4025
5062
4747
2813
5362
3113
2619
1083
3139
3139
1390
2390
3139
3544
1016
1019
3139
3641
2954
5022
3248
1235
2531
258
5595
2152
1022
3139
1185
-1
5402
4790
834
3946
-1
5023
4497
2020
2196
5164
4969
3768
4158
4226
542
2196
5173
961
4603
195
3139
3775
1429
2196
1874
5656
4060
2895
5402
1161
-1
1434
3685
-1
2164
1946
3139
425
5254
4484
425
3060
2011
-1
2196
425
25
227
1429
4217
1699
5576
4545
1180
3308
2085
5085
2143
-1
621
1161
5475
873
1429
1993
5402
1012
3139
4910
391
644
693
4733
2571
4039
4945
-1
1672
3139
1601
227
2754
2825
1475
5101
5077
1119
-1
1003
1166
-1
1095
3139
4170
4951
1998
852
25
1872
5125
2574
4843
227
3296
2632
5154
-1
4820
1482
1234
3308
2285
1636
227
4720
1300
2463
1847
5162
1273
5402
400
5402
3139
3139
3369
3028
-1
1307
5709
2654
-1
926
5062
957
16
3971
482
425
1180
106
2863
-1
2200
41
5592
5431
-1
1044
3302
1313
5176
2615
53
2619
3845
4836
2813
4039
12
1237
3139
-1
425
-1
5232
452
4053
425
1448
404
5530
2879
2698
2383
1583
5049
4517
854
3456
5062
1480
142
3591
2443
2882
3046
5671
4193
1298
4718
1294
3308
1650
-1
3581
5232
1301
485
743
704
2383
5493
3139
2200
2306
-1
4032
3301
1496
2285
-1
5503
5230
4213
2420
2306
2269
2351
5587
973
3432
3969
3077
-1
102
4949
5551
1017
3051
1800
3539
1625
4032
2517
716
4498
430
-1
2856
2350
25
1095
1210
1520
-1
4484
1119
1230
4034
16
3467
1313
25
5648
5109
628
1307
1470
4036
658
4815
3682
4298
966
3856
147
1699
4945
3139
1475
4507
1148
1800
127
967
4071
2084
5402
630
1180
285
2135
3139
494
2196
4720
16
1313
2794
3909
3838
1601
-1
25
3682
157
-1
2636
4150
2808
3289
2615
3930
5062
3171
4539
680
4689
5384
-1
5081
482
4787
-1
3302
5292
960
1407
2820
957
3238
3672
3994
875
539
-1
2196
3317
494
3139
1307
3027
1650
4911
25
548
3887
-1
2691
-1
4890
3139
1873
1601
4545
5396
-1
4250
4497
3308
3139
4713
4488
5408
541
482
2396
3421
1805
3308
-1
5402
5533
2766
2200
2153
4615
-1
1055
4611
482
1427
2848
4143
1181
351
2662
16
2619
3139
4226
5037
4039
747
2590
3240
2200
1750
-1
1298
-1
1405
2769
4158
1244
-1
5355
2439
3904
4513
1405
3754
4128
957
1235
1313
90
2023
1003
2196
275
1465
4993
3711
1944
1948
1583
5567
1379
3139
418
3139
1492
5419
5244
1760
2838
4507
-1
722
25
2724
2671
993
3566
4244
3139
2473
4034
1722
5225
-1
5362
3000
2227
5162
1161
594
-1
-1
5402
-1
2084
376
-1
4039
24
1681
482
2285
5210
1240
2531
2440
3293
2255
2196
1579
391
2135
4718
-1
1429
1465
4784
3238
2724
3008
4945
425
2376
-1
542
978
-1
-1
5254
2280
920
4638
2133
5062
4028
3584
3139
5132
1354
1764
-1
2070
5418
-1
3264
-1
630
2243
3139
3711
4966
3308
2572
703
336
5164
2449
4563
3622
3025
1313
4377
1313
1313
548
594
425
5062
160
1304
2292
1053
825
860
2850
5203
1095
2390
2304
3139
-1
844
4771
493
713
5011
-1
-1
2122
5062
3879
1465
1003
2603
125
193
425
3139
2462
-1
5671
4846
1843
1185
3875
1206
1452
16
957
4107
-1
2788
177
687
1183
-1
425
-1
3999
1350
5031
2615
539
2998
3621
481
3531
2189
5706
3113
1054
425
432
2762
2285
1830
2285
456
3946
5122
1347
4039
3113
2390
1108
4682
4232
2206
5497
-1
227
-1
2615
3139
77
787
3077
1429
1185
2269
2639
5086
422
4611
450
2066
5203
3289
427
1160
1549
1513
397
1827
482
594
2196
5698
5491
2004
2376
497
127
3110
-1
3506
-1
425
4639
4039
2285
3916
4276
5064
14
1427
3139
227
-1
227
2748
540
5402
3089
2764
34
2882
2189
923
5706
1303
36
4654
883
1632
4070
2285
3071
4611
3077
4039
2863
5156
3002
3113
4039
5678
-1
2863
1881
-1
1598
468
1586
2673
5587
3800
4576
3946
3955
5402
4472
4373
-1
4545
-1
722
2084
391
2882
3139
1117
5440
5616
5587
1608
1601
1016
3875
931
1931
-1
1429
1661
1945
5741
425
4718
740
4497
1113
808
2724
-1
5471
509
798
3139
-1
1480
1379
583
2382
1511
3838
355
5049
1269
4784
2192
3139
4718
4690
15
425
2019
4000
718
5271
1436
2196
1405
5295
4966
3337
1313
1776
4663
4114
482
3347
3682
3843
1210
4472
3730
1480
2964
1479
2463
4504
1044
2552
4078
1183
3139
4235
2196
-1
1269
3590
5125
2762
3003
3621
2350
425
3768
5521
4513
825
4019
1931
1000
4318
1201
2196
1178
3710
-1
2160
4945
-1
5322
4851
4105
482
5473
261
3244
4784
5213
5731
4654
3946
714
2473
2196
3139
606
2619
738
-1
1016
5384
3336
3158
-1
5097
3139
3139
1727
4180
25
3800
77
5049
2383
3875
275
1573
3411
4820
2428
4484
25
25
-1
5528
5712
2372
2195
5062
1813
1737
2053
2517
1619
2435
4110
4188
500
1095
2285
3700
4896
5238
5062
25
2196
482
285
3003
3980
2196
4651
3875
227
4231
2027
5401
14
1307
5551
3139
2364
-1
1354
3507
2196
3887
4400
583
2008
1759
823
3162
3841
5731
1405
353
1800
482
630
4555
3003
4771
5402
5671
4621
92
1016
2876
1409
4718
2206
1588
2089
4255
3880
3060
3996
2172
2440
2081
4853
4784
-1
5402
2153
2545
4917
2850
4226
4373
4039
2183
3738
3139
3682
882
2663
2681
3139
111
3838
-1
1675
4226
4545
5301
4298
2196
5471
1201
2306
4944
1681
1003
3838
1429
3264
1465
4513
1084
524
-1
2364
3222
-1
-1
3139
1779
2949
4598
2160
2179
391
1513
1313
5232
2038
3789
4332
4354
2895
1006
3046
3708
1699
3636
5059
2632
3139
3139
5616
2850
3621
2196
1942
524
2154
5140
4032
355
5378
1298
2196
5504
-1
3139
912
655
5426
-1
3862
4383
1832
657
2998
4771
4106
3710
-1
2189
4890
-1
1722
276
443
2592
3575
4713
1298
1802
2016
3308
249
1017
1624
3139
804
-1
2762
3003
3943
3139
923
5163
2376
2285
5471
25
-1
4763
-1
719
3139
3139
2146
1184
2014
5112
4463
1737
1099
4772
1206
3139
3506
96
3139
-1
5228
2911
5264
-1
2031
16
5402
4611
3521
4884
5262
3489
-1
3495
3139
4188
3621
2200
3000
1298
227
1612
4039
2200
4611
5731
2671
1230
3615
2285
719
5671
391
3074
5384
2420
5676
1699
5362
2638
4039
3139
3707
668
5370
1429
255
5198
5222
4070
2189
5218
1044
1951
2285
3931
4990
787
252
1407
3139
1054
1168
2196
2173
4327
1941
5411
5049
3292
425
227
3139
1885
485
4853
2153
5402
2196
4666
4890
4162
933
778
2724
-1
4468
4226
1304
4647
5183
1465
3582
5547
1619
641
4482
3293
3139
425
1800
5384
5087
5587
1185
425
-1
391
425
5028
785
4006
4447
1288
1469
5028
1432
1480
1595
1521
3880
1636
1547
4589
220
2085
4888
489
3676
5402
2762
2280
3507
425
-1
4602
2439
2748
2619
2615
-1
2196
3875
3660
1680
1546
5022
5643
3308
-1
5499
-1
2615
4830
147
1307
5385
4272
5677
269
483
3229
4933
3515
3641
1800
3875
-1
5667
16
4771
62
4771
2339
785
3139
3330
4373
3139
5047
473
596
16
18
4808
2461
3676
1821
5471
1608
425
4713
-1
664
1044
3139
528
-1
1061
602
5155
1919
4771
16
4718
-1
2778
2448
3238
1168
1823
910
343
3696
5191
5671
4426
-1
5213
5402
2187
3339
3645
88
1120
3315
3933
1465
2825
4945
3943
3629
1809
1800
4792
2292
3960
3549
2135
-1
11
4332
5326
3596
1610
929
5419
1307
4787
2285
24
5587
4438
2850
3808
277
4949
2196
1019
893
2200
3696
1928
2934
241
1502
2196
5195
147
2333
5587
601
2762
2615
4123
2196
2795
5493
2967
4356
4356
4998
5106
623
3875
562
2220
702
5172
5402
808
1201
57
4720
5162
1619
4545
1178
630
953
284
3293
2285
4556
2196
3479
3286
1922
3222
3888
4890
4092
2821
4751
4064
1190
52
5243
5109
4243
4896
4039
-1
-1
1016
2189
3032
2825
1152
2378
2762
5271
3721
5122
3139
1601
614
2511
4890
3943
4654
362
3139
1095
-1
2164
475
1044
833
350
4517
4609
5477
5062
4188
572
2497
594
2196
2120
195
1611
1016
4772
2243
4836
1601
3435
4354
1631
3866
2738
4332
1684
2587
3069
594
4975
1307
-1
1019
3583
3996
-1
4270
-1
2120
2148
4442
4373
1300
2374
983
1571
3139
-1
896
4812
3573
5028
1906
147
2041
3809
5062
1307
1583
5731
4371
3113
2241
2124
1166
1429
195
3985
5402
125
2674
621
2196
185
3139
1727
25
583
3366
5304
1568
1601
960
1185
766
1288
3308
4164
1012
3139
1528
3037
227
3139
3621
3139
-1
2642
4647
2619
1650
-1
-1
3991
4453
2497
102
4890
2697
4497
4443
722
4302
3264
425
5534
2598
3499
4064
391
5062
458
5325
827
-1
-1
5678
2196
2414
3800
1636
425
3735
3621
1429
1744
-1
1468
2505
2994
450
4657
-1
5156
1484
3240
2467
5706
2022
4125
3110
4875
-1
5446
425
4079
4771
2196
1168
1931
3113
5419
3980
-1
890
3139
5064
3049
253
1773
1230
5402
57
5099
713
2884
1809
4513
540
-1
425
1632
535
1601
5049
3139
5132
5133
751
814
5587
868
5491
2626
4513
5362
1777
1777
1733
425
630
3348
1160
5521
151
5472
-1
2066
-1
4039
1780
251
227
-1
2364
4247
425
983
25
-1
2196
882
380
4226
1257
-1
3129
425
3139
5587
5412
1465
594
1681
2619
-1
4945
4966
-1
1601
5402
4362
2196
5402
3955
3139
2200
2810
3934
-1
25
3264
3139
1777
5491
2127
985
3139
875
5671
4998
3338
1637
1464
4436
1231
937
1809
301
-1
3215
3037
1161
5284
2854
1160
2189
5342
5077
2376
2140
718
3308
3392
2135
5587
3264
4153
1409
1157
5000
3461
1286
3148
2750
2825
4608
937
-1
1409
1793
3676
2901
1178
4484
1185
5133
1662
-1
5094
261
2985
4192
4945
4494
3309
1475
630
2196
2934
5340
4513
1044
425
1297
5062
3887
1019
1405
25
2691
690
3761
2383
1632
4966
3296
1695
1042
1692
890
4321
1650
1448
425
5714
1651
1436
1794
3287
5198
1452
5062
586
223
5062
2122
2146
833
632
5473
1405
578
3139
3432
2826
117
5471
1044
3850
4945
1792
3139
2619
4541
5122
-1
2164
1861
2196
5022
5195
1684
5216
3139
2285
-1
2098
1185
1313
3072
2196
5096
4222
632
1185
2196
1583
1313
4989
20
213
4555
5075
3731
2196
57
-1
3985
3139
2834
3139
1496
4484
5419
746
1405
787
4603
4763
5402
3753
-1
1315
5061
5402
5402
3139
482
3139
3467
654
2619
4444
3210
1433
16
3139
3139
861
3700
5471
1210
2270
2067
2196
3401
3139
2122
4598
3249
2383
2863
482
4203
630
2259
25
3974
608
5497
4437
5049
659
2019
147
5587
4407
5419
-1
785
25
25
278
951
249
5028
1003
5433
2195
25
3089
4005
5233
3139
2122
4226
845
593
4598
2189
2196
3964
5062
3264
5362
1945
2035
-1
2561
5518
1897
1315
2200
3474
1016
3139
3139
787
3628
427
1465
4032
2196
498
5062
1185
3308
1556
4833
3139
706
2153
59
3756
3308
3139
425
5028
5087
425
-1
3110
1122
2825
3965
1331
2598
5576
2196
474
4340
3139
5744
1809
3194
-1
1968
1824
4469
2383
1780
2572
1405
1178
4966
4128
1307
2195
1853
227
5085
1601
-1
-1
-1
5477
425
4497
1433
594
621
2076
4830
2573
3080
4966
668
246
5587
1359
1465
2454
-1
2285
5218
5062
1098
275
-1
-1
3003
-1
2190
4142
1298
583
1460
2882
1465
834
1157
4416
2200
3495
3080
-1
258
2059
227
3725
1012
4771
985
25
3772
5070
2383
1271
1017
2615
4356
3069
1298
1429
5491
2376
-1
1684
3645
2016
1653
-1
1307
1880
3946
3139
5356
1936
1019
5651
2882
5498
823
3675
2164
1380
-1
1185
3647
4926
2364
2390
1453
1157
-1
1875
3072
3139
4452
1044
5419
-1
909
3139
2762
2197
1206
2444
4048
4949
5064
1429
2404
5062
1938
2016
5133
2156
-1
53
3946
1127
3749
-1
1374
5
4482
1044
4196
4188
-1
1178
2514
2164
5284
2700
4717
303
4494
5254
25
2876
2762
3071
3328
615
1339
-1
25
834
4142
3487
1044
198
3991
1533
3071
3139
4487
105
2196
-1
1611
2196
5410
-1
695
1619
25
4896
1475
923
3066
4443
4990
324
3003
4945
-1
3139
4834
3139
4945
2122
921
3641
2475
2172
3996
5402
2971
395
409
5318
3139
4598
2633
2605
4906
1210
1429
2724
4497
-1
4266
485
489
5062
1405
747
3781
2447
-1
4544
1618
2285
5238
541
-1
4903
4039
3325
5013
3346
4665
482
5028
325
823
1965
3139
923
2793
3357
2663
1160
16
1588
5112
2269
-1
-1
4092
1297
1307
1465
2052
687
541
4945
2047
4998
4836
1044
5167
4966
3764
1298
2762
5402
1522
-1
-1
1636
1475
53
4999
5402
4720
1898
5402
3139
5402
3139
2385
1273
4000
3843
2565
5671
2724
579
2762
425
965
1428
3139
3139
3621
1800
3914
3240
5402
4718
1161
2476
5362
4704
1016
1601
3139
3496
3363
4713
4598
177
2787
3449
482
3308
3003
1079
5062
1210
4945
1160
1539
2195
482
748
4771
489
2385
-1
324
1945
1821
1564
1429
393
1800
-1
1601
1116
-1
4047
1681
1453
5429
801
3862
2196
4373
3525
2629
5362
5146
2285
1583
1204
1244
2285
1269
98
5582
2196
-1
4497
1160
1825
1601
2196
5651
2060
3238
2565
348
2691
5419
1183
408
4718
3238
299
425
1465
-1
2762
4498
3887
2189
1230
1397
5402
2016
3838
3917
-1
3676
3139
4802
2693
2122
1802
2662
2754
3139
5164
5402
1722
5062
-1
1061
719
5619
5611
5278
391
1650
3822
3318
3139
3579
5077
3046
3676
937
3989
-1
-1
4226
5233
3080
3838
1303
4616
2615
746
1307
1506
2619
4315
1313
1478
5700
455
3610
4195
4070
5061
4564
5124
810
4471
4674
-1
3066
291
2869
727
-1
494
425
904
4226
2649
4331
3977
5074
25
4298
3987
2989
2196
985
-1
3791
1800
5402
3880
2998
3139
3139
-1
3113
3324
4990
4615
2285
4039
594
2994
425
4545
1044
3549
5468
2196
4842
4945
5203
2196
5499
5402
3373
5402
1153
2302
850
2321
485
2164
300
985
5142
5538
2751
1422
3682
655
4034
809
4678
1699
3723
5556
2008
557
25
5402
3552
5402
-1
630
138
5284
5237
3931
1042
1874
1699
5402
2895
4443
3549
4966
132
2200
3521
1307
1059
2122
2285
3623
1743
4125
3139
288
4935
3157
1185
5319
1957
25
508
3139
787
2454
4966
2724
4890
425
5049
4371
3887
5529
3308
341
931
3139
1168
3917
3139
258
5693
4039
-1
2195
3139
5671
583
279
2364
-1
5696
478
4355
5731
1945
1465
1516
5490
5493
2191
804
5278
4074
2739
2750
3153
5062
3878
4611
2122
5402
882
3838
4295
3490
4945
3549
1506
4158
-1
4255
1598
5442
3000
3139
2724
-1
695
5473
1003
25
859
5062
5362
1852
3770
1796
-1
2196
5140
5313
2393
5031
5278
2269
425
1601
3139
2365
1273
425
1429
1298
4890
4713
415
-1
2285
485
778
5074
16
3732
5062
665
1776
2703
1242
3592
3363
2861
4771
3139
5077
3077
72
1003
3496
933
516
3507
2824
-1
5081
3223
5264
908
3136
3139
2037
3539
1959
-1
4733
429
1465
-1
1180
1504
3863
1931
4874
1339
3139
391
2502
303
3687
3779
3139
2285
4243
2634
-1
4847
1482
-1
4007
1185
2825
4142
3308
4990
4335
2955
3970
3664
4200
5471
1517
630
2196
2811
25
5402
1168
3139
-1
2285
908
-1
450
5587
2285
62
2638
2146
25
5714
3732
2514
4966
5402
2843
3139
3529
4373
3814
5165
1269
3875
5402
425
4966
127
4073
594
329
-1
4889
3914
4045
3003
2196
443
1891
4836
3378
4787
-1
3682
1183
25
3887
5595
2748
4226
482
2762
2762
-1
5472
2954
4464
2285
4784
3386
1044
-1
5714
3139
5213
1860
156
4037
3139
324
5493
3406
1583
1077
-1
5384
4945
1452
-1
4667
1828
4079
25
3293
2891
1638
4720
1796
5269
916
-1
5132
3139
2220
2825
138
5733
4792
4298
25
3139
2882
5582
-1
722
529
3449
4305
5155
4713
4598
-1
2380
-1
1786
5497
2724
425
870
1056
2562
2641
4267
806
-1
315
456
4442
4064
3139
622
4878
4497
255
4683
3725
5191
482
526
1307
2122
3682
4778
2908
5725
-1
2978
3139
4252
-1
4687
3139
5671
2564
1273
2575
95
4771
-1
4927
521
840
1465
2333
4647
1119
4718
425
3998
3139
1429
932
798
1429
4144
1307
1429
4790
425
5402
3955
1969
916
676
5712
5077
2200
514
5292
3980
5049
5402
2539
3887
-1
1945
3139
2196
-1
1459
5062
1277
5582
4197
1427
630
5402
3999
-1
4075
-1
4936
223
650
3725
2882
3761
3308
785
2285
-1
1157
3139
3289
4568
-1
1354
5244
5587
-1
2053
4072
3294
2355
2473
1080
3317
4720
2639
5533
227
5576
4115
5402
-1
2265
2135
3729
2563
3139
3568
2724
5111
3225
3139
482
4945
1307
1482
5221
4158
391
4702
3139
-1
5566
3387
5402
3552
882
5402
1185
-1
4810
2350
3139
4966
25
4158
3530
3449
1185
4949
5087
258
3139
3139
1405
2879
5293
2826
2440
5118
2196
4966
3067
5621
4185
4792
1101
2524
2874
47
25
3816
5140
195
1619
1902
3621
3966
3139
5017
25
3139
1760
3139
1692
3139
4142
4566
2196
4039
5247
4188
-1
5595
4406
4570
2016
1298
2619
1405
-1
2390
4513
4662
1646
-1
3914
1298
4039
-1
2749
5062
1183
25
3240
2171
92
2950
5687
1583
1924
5412
4099
4626
3139
3139
5402
-1
823
5271
1273
3139
1195
5671
4757
-1
1081
4071
1252
134
4584
3497
3107
4878
-1
3139
5055
3003
1465
196
807
4912
3946
2838
4642
2435
2200
127
4772
-1
5140
3025
1475
3139
3106
3676
5402
195
2195
583
1298
4718
2895
2196
3323
1611
2983
5164
4226
2186
5022
99
5254
3621
594
5077
3192
4156
2285
5062
5087
3367
3139
2156
1307
1529
3139
5362
1583
5505
-1
3773
3139
-1
5651
4039
1307
1479
3422
4375
2682
2200
2196
1427
147
16
1433
3057
425
5247
482
4042
1168
3467
1019
53
2762
1872
1465
4865
2873
-1
3122
3308
4223
3738
5094
2542
354
1161
4039
3073
-1
3992
540
2135
4506
2619
1024
5062
2863
3592
4836
4384
4945
3139
3496
195
630
5587
3182
3869
-1
787
2196
1160
2285
1619
787
-1
-1
4647
3800
1298
1914
2382
448
1016
4907
1017
2826
3566
24
5062
-1
25
25
345
1480
2619
2548
4373
25
-1
1321
2829
548
4128
5037
1354
-1
5049
2285
1945
5687
3003
-1
556
2196
3308
-1
4771
2008
3422
5340
3676
3838
4315
2064
4667
5402
4998
138
175
1016
3139
2732
2156
324
5402
5204
1454
2196
1453
2762
2724
132
5402
2285
3072
988
425
-1
5402
5062
5513
5022
3621
16
5590
-1
1429
5491
482
1830
540
1699
3139
3139
938
3676
3139
5387
5156
5465
4603
4082
5062
3157
3634
1945
4142
5576
1931
5028
5707
2943
3080
1038
3404
79
2380
5062
5140
3496
425
4484
4030
2615
1313
4815
1601
2196
4040
1501
1816
314
808
425
2237
3955
5497
402
4054
2615
425
1371
460
190
5619
5402
-1
450
2183
5497
-1
2813
-1
-1
4865
787
5402
4105
4014
2196
3748
-1
5062
425
5271
2196
4497
2943
1283
4142
177
-1
-1
3929
4588
4772
25
719
391
2901
1919
5071
3580
2269
2934
4771
2196
1042
4890
3467
3295
4082
227
5515
2097
2572
838
583
3696
5037
3240
-1
2148
1513
3387
4226
5176
-1
-1
2993
25
1480
1016
787
-1
-1
-1
1962
2206
2561
1101
1298
3610
553
3553
-1
5532
3138
1528
1861
494
450
482
5271
1208
3364
-1
2724
1830
-1
2736
660
1116
937
3160
3139
4771
2196
4142
2233
3943
53
3139
1814
3139
848
1390
4545
-1
3087
-1
-1
195
1012
1116
4048
1161
1684
3875
2565
-1
3072
4287
4890
4802
10
1429
4363
785
2630
1971
4226
4104
2196
4082
2285
2196
3139
5419
3931
-1
4111
4978
3847
4039
5062
2911
1446
4270
4890
716
3003
-1
2615
482
1921
2205
3682
4070
1269
923
2122
4039
2975
1408
1044
794
3714
2619
4158
632
4890
2196
5248
5402
51
3144
3000
3676
5695
4337
4423
4435
2615
4226
1339
5499
3768
1959
224
2164
5149
1335
5313
2196
1722
3820
5402
4763
2882
3308
3291
3776
403
2662
258
-1
4371
5344
176
1083
4534
5473
4396
4127
425
1306
-1
3139
3570
2109
1692
62
2628
5402
1230
4801
540
2257
3136
2023
2269
4713
2388
-1
3955
2174
3573
5062
2449
1230
5271
2196
2164
470
5616
1269
1743
3139
-1
3247
5648
3524
-1
2098
3219
2177
1809
4188
4158
746
222
-1
132
3139
2825
1601
2938
5518
-1
5210
385
3139
2196
4007
275
5093
850
-1
3139
3604
3041
1636
83
3676
3165
1504
1624
2196
4366
2196
4158
605
-1
2146
4939
1997
3621
3162
3549
2971
2652
1780
1313
3364
1044
3628
2164
3306
3139
1650
4650
894
4188
967
3139
3073
1675
3935
1016
5574
3139
1354
1429
5402
797
938
4890
425
4890
5521
2285
2669
5705
125
1480
583
5304
25
3639
5518
645
1090
1044
539
3139
358
5744
425
2196
58
2122
3830
4966
2460
4196
3521
4332
4713
1522
4226
5050
3139
4985
3308
1379
3139
-1
-1
41
25
1172
3139
1504
5426
4875
1362
5521
1791
2465
1307
3139
3450
1902
1307
5402
1887
5062
2196
-1
-1
4332
3085
1693
1429
3139
997
1760
1042
2531
764
2164
425
2269
3139
2196
623
3139
5133
3761
185
3080
5402
425
1095
53
1814
3467
2109
2314
-1
4039
4561
1622
3569
912
4188
1101
5402
2724
3057
1206
2196
3110
3139
4654
5414
911
1677
609
-1
425
5062
3838
-1
1821
2121
5499
5594
4039
5295
1369
2285
1226
1044
2689
4908
425
792
2813
2165
1738
1874
2566
4226
876
1255
641
1619
-1
3770
-1
1297
3682
2762
789
1095
3770
4815
425
4226
4037
1230
1647
1172
4142
2196
3139
-1
3696
3573
5041
3598
-1
304
3395
1779
639
4422
2435
835
2733
987
1230
2196
-1
2148
-1
4792
5690
5648
2365
3139
3117
2290
1206
1083
2762
1572
3003
1632
2706
3467
482
833
4282
1945
1429
1044
482
5671
1480
5426
3570
3708
2994
4969
3139
-1
3072
4513
758
1809
1902
167
425
5183
989
275
-1
5504
1297
1171
3107
595
747
2196
369
1583
2638
3139
2196
1506
1465
4209
1759
5571
4082
1180
1031
792
4945
351
3139
3009
425
3139
-1
4941
3940
2420
2622
275
1919
1699
3682
3073
1313
4492
2873
5547
3875
2519
5156
2374
5238
2285
1154
5402
834
2196
716
5133
3985
1016
5271
425
3139
1089
4044
3139
5402
1116
515
1206
1716
2567
-1
2825
1601
1692
5271
3833
2722
1185
1255
4795
2196
1699
1796
923
3628
1320
217
-1
77
3139
2196
258
666
4890
4243
1197
-1
1465
2948
3710
5582
1285
4771
4516
798
18
614
-1
921
1861
1588
-1
1681
41
5402
1185
798
583
3139
4966
-1
4890
3139
4078
1692
5515
-1
4327
2957
4865
1178
1403
2570
4039
-1
5064
1776
3000
2295
4039
2674
4209
3089
1313
3621
1409
5271
3939
2385
304
3139
5183
1929
1448
3352
4373
5402
-1
-1
25
2285
4654
3485
482
4497
3054
-1
2994
1601
79
1230
25
3454
5491
391
3196
5062
3664
5671
1006
5183
3510
1482
5475
5384
3003
2620
1664
1465
1178
2326
25
3623
1016
1298
195
3793
-1
-1
2989
4474
-1
5619
3139
1016
2067
1379
923
2832
2702
4712
4092
2645
2482
1876
1777
594
2285
3968
2825
2385
450
1044
3139
5384
4629
4764
3057
4137
1044
3676
4162
444
722
2785
2349
5089
1874
4392
1741
4011
1625
3139
4141
-1
743
2615
1861
5280
1588
2200
4485
1429
3771
5271
1436
1309
3301
583
5062
716
1297
3547
1339
5062
5031
2762
3109
4371
4872
3847
3238
2196
482
3800
57
3242
-1
5077
2122
3284
77
928
1361
5587
4567
2530
3711
-1
4709
-1
2651
1682
1210
5402
1298
3139
1935
-1
4932
5366
1042
2825
4315
-1
2449
5190
5345
4032
3139
3071
695
5392
3139
824
5062
-1
25
643
3682
4226
2097
3057
2196
5491
3197
-1
4142
4578
3621
25
5577
4177
1298
3467
-1
993
4659
210
4802
1482
2390
4727
1792
5140
227
16
2502
3609
2594
1583
3499
3308
-1
-1
3864
1095
1796
4032
2034
4790
220
643
-1
5152
2727
4495
4431
2911
2196
2055
1769
113
2901
5402
425
3875
5142
5049
4107
2363
2200
4595
-1
5183
1894
2898
5497
352
4966
5700
4654
3049
3139
2717
5512
25
937
5062
2715
304
4158
4280
1297
2021
-1
3943
3139
583
2378
196
2338
3034
5528
4978
62
2174
3139
4867
744
3276
2903
3738
4324
223
4396
529
1700
4079
4760
1178
1673
3139
3139
4438
5362
3238
1583
2164
1150
1253
2981
1465
1153
2285
195
4110
2285
2245
2386
227
2233
1625
303
1194
2974
1405
729
5133
-1
3240
-1
2926
2648
3711
5013
-1
996
833
3139
1003
1249
1601
2196
583
-1
4168
2820
127
4023
1307
4067
-1
-1
3485
4945
1269
1044
4912
2825
1624
-1
1167
-1
5570
4039
3139
5402
2285
2759
4631
425
5524
99
-1
1183
3443
227
960
3682
482
1180
147
1439
5107
4082
2365
4049
4105
4763
1792
3139
25
5671
4364
2736
3914
2798
177
1269
3139
3139
1178
4438
482
5271
4012
3748
4497
3676
5713
25
2691
2698
1215
3139
1470
3160
4438
2196
2243
1122
1206
2754
25
515
1898
2724
3782
396
1054
2825
-1
1601
3302
4226
127
285
3139
482
-1
2619
3139
12
4158
5710
3676
4134
3528
5411
922
5062
5061
3182
1178
1313
5491
4900
3139
5402
2911
3907
1139
725
3741
4820
3139
3650
4490
2133
798
5497
1168
-1
3139
1044
2762
5205
3648
2930
3139
785
1619
4713
2762
4513
3193
1160
4057
5699
-1
10
2454
2651
1255
4274
1086
1297
1945
548
3317
-1
3838
5050
3879
1129
5402
3139
3139
482
4045
2452
296
921
5587
4188
4880
3874
1588
1001
3139
2160
2285
4855
3139
3495
1480
1722
3996
425
494
3139
2435
1927
1583
5085
482
882
2762
153
5611
5042
1307
2285
2075
2383
3139
1470
4972
909
4226
1798
494
5527
3139
3297
5497
1676
3623
1338
-1
2813
1463
960
3652
-1
1650
739
5510
3621
5466
2679
3591
5087
-1
5062
2691
1448
2813
53
-1
4929
1152
3017
4718
4662
1269
1853
-1
1352
1044
690
425
1976
3654
1016
3929
3862
1518
632
425
600
3613
4718
1429
-1
4032
488
2706
2813
959
2196
2880
3139
5068
2532
2697
5121
4890
5569
1416
5611
4226
1664
1298
5731
5301
2724
2308
4639
3139
4323
5471
2164
1601
2882
4865
3139
2443
-1
3456
1337
3139
425
473
768
1821
-1
3847
2196
2639
4647
-1
4147
4865
-1
4369
-1
3664
3139
2290
3046
3000
684
2167
3139
2882
622
2615
425
5362
-1
3139
2762
1231
4354
1273
5049
2200
514
5236
5402
4341
1425
5402
1872
5657
-1
3139
4348
3621
5184
896
4733
594
3621
2285
-1
2748
3943
-1
1617
2183
285
441
5062
4654
3960
1427
3352
957
4373
5364
3676
425
583
1315
4784
1769
1313
3029
359
1095
3866
391
3267
4188
5577
4158
3344
2430
220
4994
-1
5313
2615
183
791
4478
-1
227
3712
3017
1619
3875
2805
4319
4062
1692
787
178
1722
2370
3681
-1
3139
4654
937
1681
3980
4986
166
3610
3450
3139
2638
5466
823
3191
5216
1168
1168
5003
-1
5474
-1
1480
4458
4497
3139
1780
1760
3101
1168
2598
1843
-1
1458
258
2959
2578
5062
583
1561
1405
1405
376
3293
3139
2615
3878
3139
5402
3139
923
1809
-1
2462
1465
524
5475
4373
4099
3139
2016
5062
3139
2196
3570
16
3139
2196
2364
4418
521
5402
643
2790
-1
5744
5712
-1
3046
695
2285
3321
548
1313
3352
1291
5002
3107
2122
1183
2196
4574
2435
16
-1
3368
2762
5706
5133
2196
3838
957
-1
2285
-1
3621
4965
2803
3139
2515
4226
4082
2196
4986
3139
694
-1
-1
3113
3875
-1
768
1264
3645
3892
4720
739
-1
3139
2515
4890
5402
515
1083
3711
1583
2164
687
3139
-1
1601
1044
1405
5330
3139
-1
5249
544
1168
1945
2953
3139
-1
2196
3875
265
1429
2476
3863
1044
512
2196
5683
5402
3844
-1
2285
4912
4713
5402
865
-1
3978
3823
2196
1007
5140
-1
425
-1
5125
2974
2200
5402
2200
-1
3297
-1
650
4848
5242
3072
2122
4161
4830
1459
-1
787
3139
1298
-1
1754
3139
1268
3139
2649
1796
5491
4280
1323
3878
3077
3139
3182
-1
5362
5486
3310
1462
4497
2196
1095
2748
746
4136
2196
1706
5254
4713
-1
3003
-1
-1
4661
195
2503
2122
1019
1681
2285
-1
4708
2349
25
785
-1
3566
4208
3139
5327
630
243
4945
-1
482
784
4784
1668
4374
485
214
1206
-1
716
3625
3996
2925
5143
4079
3965
2877
36
806
3139
-1
304
1350
414
547
921
3621
3018
2200
5412
-1
1588
3139
3139
4984
4654
5304
1180
5518
3139
2196
5702
5085
1307
4443
5213
5497
-1
2901
379
834
716
2614
3362
1385
4892
3651
1083
3503
2285
2517
729
3139
2285
3139
5402
309
5364
5617
594
645
3101
1185
5285
4128
16
5587
236
4771
4408
1699
4453
2570
5576
2724
4823
1681
425
785
1003
2619
4511
3139
2762
3139
823
5413
1583
4373
2096
4407
5269
3875
586
2324
25
3566
768
92
3139
1919
447
719
3610
695
2269
4107
4622
147
2285
1949
1631
3139
2196
3139
-1
3139
460
425
350
2762
5714
5671
1601
5087
1532
3139
4207
5699
3301
5616
1269
4945
3101
2383
4705
1006
4276
2196
5674
1692
4438
4771
5156
4079
4371
3003
1244
3137
3641
-1
960
3061
1596
2122
146
5290
933
-1
3074
3116
2443
3139
1054
3302
2676
1183
1699
256
4949
16
1429
2196
3933
16
1661
3080
3129
5584
3136
1352
275
2863
1038
3946
57
-1
1019
-1
1157
5493
3985
5596
3887
1601
2243
4160
-1
5362
2638
5062
3945
43
2754
4011
1076
363
-1
2083
1405
395
195
4435
1300
3541
1980
2838
540
2196
25
5598
-1
787
5444
3467
4188
3979
5662
-1
3546
1429
3107
3261
2390
3756
3139
645
16
1601
1809
1809
3139
2675
3323
2415
2954
2863
1106
2505
937
5190
1675
-1
1105
304
2326
4039
4287
4226
3458
3467
3507
4075
-1
5012
2096
5180
1627
594
1307
482
2196
4251
4853
348
4048
2196
5183
3994
2196
695
2726
4471
653
2117
2016
5032
2196
5714
4827
4438
1800
1194
877
5362
1297
5122
1737
5362
4720
2762
1681
25
1510
4529
1183
2160
4511
147
5061
4419
4836
275
-1
542
1132
2939
4438
5587
1339
700
2435
3272
1727
3676
473
-1
4165
57
-1
1619
679
4000
-1
3841
2439
4315
5362
1588
-1
4467
3029
921
1583
5402
1082
1475
-1
4280
5339
-1
-1
172
4039
1800
4966
515
4801
1701
1206
