2730
4713
25
598
4713
5003
4438
3164
3678
5068
3115
147
1825
2875
5576
278
4945
5133
2867
24
1016
2745
4884
2196
3139
1282
3139
3308
4438
3925
3682
5232
1083
3200
485
5152
5349
1813
5285
4784
1429
694
5412
2934
5432
3389
949
3139
1699
-1
5701
965
610
3846
3087
1694
4566
5422
823
3139
304
540
3139
1807
2610
3136
5695
2196
3046
5232
2084
540
3139
4600
274
1690
267
540
3139
4679
4772
3695
-1
5641
540
900
1462
3977
2709
666
1646
4654
3139
5156
4884
4992
4600
2383
692
1690
3139
4713
25
4482
4000
5402
3222
5340
3443
1307
4951
4908
3240
3000
4158
4992
4217
1073
521
4992
1012
3121
3206
-1
3176
3609
4270
4992
2084
2289
1993
853
1350
1012
3158
5036
258
4718
5036
687
2277
3139
5178
5491
1556
5036
540
5466
4800
2749
1260
4348
-1
3066
4815
4884
1016
5232
1656
301
2649
687
937
1427
540
674
3139
2673
5714
5232
351
3377
1757
2255
604
5714
1656
5354
2891
2349
3611
687
351
297
5036
4884
5714
4037
746
1073
2973
-1
4890
4037
378
548
1961
1619
1692
3269
351
540
3377
5402
1586
4226
5700
3139
4893
4489
3888
3485
1949
3069
1601
5588
5671
2838
5497
2978
3822
4281
5254
5695
1770
2179
25
4298
5036
1210
3888
687
3176
1656
5466
1757
3495
1656
2060
876
1928
610
3272
4039
3555
2978
40
3439
1798
540
2882
2825
1017
3583
3257
2285
2697
3711
1057
3479
3120
3139
-1
4858
3834
3139
4713
5081
1298
4992
5402
3440
3139
2306
-1
1656
5402
5232
2430
161
1897
195
4686
4890
2349
127
2786
5036
889
2196
2762
2196
687
5084
3222
1656
159
5558
2349
1800
5615
4037
2196
3234
3139
1298
842
4160
4771
425
2196
1278
5390
2762
3139
4998
5616
5270
4373
3888
3253
351
1654
3819
2525
4771
3875
3888
351
2349
3665
3875
5499
5622
5523
3676
687
5402
4524
5082
1362
2850
5049
3682
805
2703
5402
2693
-1
4227
795
3950
2566
-1
5714
5714
5238
1757
2778
2122
3139
3139
223
4471
4666
-1
3308
1601
2911
3541
5402
482
2165
4851
2967
3139
4365
2196
722
5160
4047
1504
2691
1842
1206
1816
1598
5714
425
3105
1073
5049
3139
1973
464
5595
1583
-1
4633
452
1838
2196
4283
4555
4890
3139
3308
3326
-1
5036
3003
3473
3139
-1
3711
4397
3139
4365
2376
3139
-1
5402
2378
4142
2850
-1
2084
5706
2825
5036
38
4438
4725
5714
1339
2839
474
687
1595
5248
3947
903
4041
5402
5133
304
4992
3139
3091
-1
1298
3888
4992
-1
2444
2023
3888
4428
550
351
3821
1025
5036
740
2196
5402
5016
1213
2978
-1
240
5641
617
1298
5104
3117
1250
1175
4037
4992
1999
3888
2909
3308
5402
1523
805
3141
3325
2850
2759
1407
1656
1352
1692
5062
2875
246
337
1127
276
1842
2196
5587
3139
2882
5276
3139
3997
4792
220
1800
1405
903
5276
5402
3139
3352
5733
455
2084
5062
2693
2333
5606
-1
1492
1601
1619
4633
5062
4373
3618
5402
2196
4400
2724
2735
-1
5402
3888
1702
5466
989
1298
2911
5062
3687
5402
3363
4227
2164
260
1729
1874
4039
3888
1727
5066
5414
2196
555
4365
4992
5049
1586
-1
1220
4992
630
5238
351
5507
3139
5062
3711
1297
4565
2722
2349
4011
3139
2328
3095
3141
4000
3060
-1
3453
195
2287
4716
5623
5412
4727
853
1313
1213
1429
1425
1073
5466
3628
5402
-1
4800
1067
3862
2196
1475
580
5062
4813
4493
2196
374
604
2909
998
3017
-1
256
5248
4000
4438
2196
4729
1313
1659
1999
3881
3139
4473
5238
2850
2615
3363
714
2154
3689
4937
2489
3196
3150
841
1411
3863
3854
5238
1601
2125
1019
4037
2131
2095
3427
5402
3544
1323
4032
2719
3363
1601
540
2071
839
1259
1924
5272
2289
-1
1594
5402
3035
455
3595
1692
5426
5062
594
1841
5402
1206
36
4226
1352
5433
3308
5276
1313
5734
1769
923
4896
2850
2299
5466
3352
5402
4039
2931
5718
1362
1102
4890
3888
3609
3616
3916
2055
1137
482
2196
2507
4249
2638
5679
3139
3139
3352
1757
2826
3139
471
3035
4139
4795
5195
1210
1825
3253
1083
2154
-1
5432
3000
3037
1841
3028
4915
-1
3853
2390
223
3263
3139
3413
1429
4713
1692
4829
-1
3139
2241
5402
3139
923
5062
-1
3139
5697
3222
5522
1043
127
140
482
5000
3428
2308
455
3269
3363
4847
2200
5402
5390
-1
894
-1
25
3363
687
2722
861
5622
2662
1408
5402
3363
3996
690
-1
3218
425
25
195
179
2164
300
2144
1354
482
5238
4426
3139
2412
3900
1757
1157
2021
2986
5276
4438
766
5109
4884
1298
4039
5402
787
5720
-1
853
2650
3770
2321
767
1757
2378
4226
3139
1298
1962
3139
77
81
1313
4265
2526
4890
5451
1307
5062
1727
5714
3996
772
2140
988
3634
2196
2489
1709
3139
1338
1300
5432
1695
4497
853
3770
524
1610
897
-1
1148
687
3048
1601
1709
4890
5276
2383
-1
2196
5467
4654
4371
4030
25
4415
4365
3693
-1
5036
2189
304
4640
2349
2922
2349
2825
5242
2196
2196
5402
2159
739
4188
1598
38
1617
5402
2691
-1
425
-1
5499
3308
687
193
1338
3641
65
2762
3878
1298
25
3086
2856
5402
4804
3139
5062
5497
2762
2138
3875
-1
3139
906
-1
264
5495
1073
1056
2335
5700
3156
604
5402
3396
425
-1
2195
1616
376
3139
3165
-1
2390
5036
1516
1681
4960
-1
1429
3139
482
1480
-1
5333
1824
27
-1
2836
3750
-1
1699
4014
4761
3264
3139
4393
4188
2196
540
5596
1206
425
1842
127
3072
1320
2904
993
2830
5245
2875
1579
3269
4260
1085
5481
4379
3233
3139
4110
2833
1344
3225
1583
4329
5049
5062
1269
1078
3830
5621
2030
3939
1019
5238
4438
3139
2435
3363
3371
2830
5062
3363
429
5294
5402
3270
2482
1960
425
5276
5645
5272
1775
2762
-1
5271
1184
5062
880
-1
3139
3703
195
5402
2866
425
-1
2722
5081
5133
3360
-1
2601
5293
4623
1050
1345
5402
3352
3996
2163
1307
2830
284
3139
5062
3139
4226
4237
5395
2958
2349
4744
5062
2691
3139
3308
350
4912
2285
4137
916
357
1150
2947
3165
1523
4771
5561
5505
2830
4742
1429
1486
3374
1731
540
3139
4105
3442
-1
2826
1184
3313
1675
380
2971
2817
4039
2412
-1
-1
2795
2196
455
3031
2830
5062
3386
1188
38
3057
1583
1307
1699
4000
3768
3254
1767
3621
4315
4925
176
5036
3308
5402
351
2326
5402
4488
5638
5564
3641
4355
2830
2787
1168
314
-1
3157
2638
3729
425
4722
3224
1298
4878
1429
3665
687
350
1184
2138
1016
16
425
1008
-1
5402
-1
3609
3842
4110
5551
4499
3017
1480
-1
5507
5402
4861
-1
3139
787
3563
608
195
4884
3363
5062
937
2196
2416
4488
1738
4827
3930
41
3139
5049
2762
3043
823
5402
3401
3139
540
4000
25
1271
3699
1407
-1
3035
3346
928
5671
921
2693
5062
4347
319
3139
1429
785
4861
4226
3676
2619
2998
1405
3151
4433
1842
1659
540
1162
351
1618
-1
1168
540
1174
3711
876
4861
3024
3592
2722
25
4004
482
3139
1757
2830
4771
1187
3711
4878
5526
1619
2882
1033
2732
2830
5419
208
3137
3139
4890
425
3490
2056
25
3553
-1
2113
4004
5062
5321
3770
3139
-1
5062
3628
3806
4902
455
3139
3630
425
3892
4219
1598
2113
5470
5468
-1
-1
3850
4890
3308
2246
1486
963
853
5289
5413
1429
1842
41
5402
1647
1800
-1
446
1230
999
4397
127
2285
-1
110
5373
1168
687
5243
3139
1779
156
3806
695
888
2196
24
220
4052
127
5199
2614
1552
5468
-1
220
5402
1298
2826
4515
1136
4975
1563
1307
5405
3308
3139
4039
3139
2243
1522
-1
1702
5062
4771
482
1313
2164
3139
3165
1297
1429
1469
2945
482
5062
1178
2722
722
1913
5323
4438
-1
3841
2619
2698
583
2196
4229
1902
1794
4348
3800
-1
1201
324
3017
5062
3132
3069
2197
-1
4264
3985
4462
2196
4032
3139
687
3139
-1
3115
3887
2832
1044
4000
120
2813
275
4777
4771
907
3139
-1
3770
-1
4453
-1
3035
4754
5238
1405
4226
377
1571
2409
3139
1530
1504
25
1699
-1
5742
923
583
630
3841
3136
3159
1201
1277
5402
-1
425
425
-1
5402
4531
1297
2164
5062
681
5081
5238
5182
4365
5581
3139
3363
4713
3278
785
3813
4158
3608
4039
473
5038
425
-1
1656
687
2230
5241
2285
2440
5402
5712
1429
4357
1280
66
4408
4383
1692
5086
1332
1201
2383
2124
3676
2200
934
5232
1116
-1
3496
5254
436
1705
4039
4226
2349
25
4171
-1
3699
25
1429
5361
1016
897
4000
195
-1
1184
5197
4803
2958
3034
3979
5733
897
402
3369
4975
2196
2826
3629
4082
5587
-1
4720
4287
1405
1016
25
1298
-1
4471
1003
3411
4546
1620
-1
3450
3308
3505
5152
166
425
4040
127
2548
1201
5062
687
1313
2830
-1
2722
4871
3738
-1
3139
25
4378
2850
1475
592
2978
1523
2463
4327
1205
4816
1659
3628
4040
2762
3069
823
2196
25
5323
955
1598
4039
2664
5036
4571
3141
4945
5402
-1
-1
963
441
5062
2092
3880
3000
3139
3621
3139
38
3884
237
3139
5063
2148
147
3496
3046
4784
84
1226
3751
5466
1769
2034
3268
-1
1904
3770
4730
2762
1991
5497
3770
4884
1197
1475
1872
303
141
1184
687
3770
4771
195
1016
1819
3621
3139
4039
5049
3352
4945
3139
3489
2708
2200
3003
1187
3165
3711
1860
-1
1699
5402
1291
3139
785
25
4975
5085
259
3461
227
3676
2722
351
3228
5062
425
1601
25
5572
1149
16
3510
4007
3771
1598
-1
1659
5375
2762
1995
5500
4007
4733
1623
3139
2285
3363
2367
474
3182
540
3003
2830
1598
351
1201
1523
572
3628
3308
1078
3595
1201
1699
1003
3406
1405
3046
1473
1280
4032
3139
318
1480
5062
4494
5133
937
1298
5534
1354
2333
425
1681
3139
2196
1054
1298
3187
4383
3139
1829
482
1300
687
-1
629
2901
1297
3999
4188
3139
1636
3699
309
3139
3139
3699
3307
138
2830
373
4494
3104
1709
3139
2196
626
1588
5554
687
844
1429
3418
1281
-1
2911
3028
2934
455
3139
5036
4327
2746
583
5248
897
425
5062
4040
1056
5330
-1
3139
5234
3139
5251
3466
5674
5204
112
5323
275
4333
5313
-1
1246
3740
79
2531
945
561
2978
425
1506
4240
1583
3506
1523
374
4007
25
5587
3931
5195
2196
-1
423
3996
5133
2459
2746
2333
695
3139
3139
374
1800
999
3269
25
5014
1339
5402
5239
548
5473
5402
3139
644
1280
1201
1206
2084
1636
2196
5527
5402
456
2326
4956
3269
4884
856
1168
5402
2746
4771
2615
2196
1298
-1
-1
3139
3711
-1
1200
5413
2842
425
1829
390
3592
2225
131
1307
964
4771
-1
5622
5402
263
2122
1513
4941
5402
351
2811
1307
1652
68
359
4032
2858
3139
4589
4992
3814
1160
3605
-1
2097
1057
1300
1429
3352
5384
850
1073
5424
-1
53
2826
5497
2290
2016
1054
3139
1101
-1
3139
2200
4216
4992
5417
1815
787
2390
2615
195
3712
1465
-1
4884
587
1587
2196
3139
2285
1300
3770
3711
2603
2122
2792
2349
5587
3247
541
4327
16
2383
3970
425
1044
-1
1475
1201
385
5457
3303
5657
3139
99
1504
1690
1847
556
2691
3770
3139
3139
1475
602
4771
3139
1297
1601
5433
25
186
2780
3041
3419
4082
3785
2196
258
853
4226
1692
25
1331
3400
4471
2154
1273
5695
3592
5191
3240
3139
2882
1680
1601
1313
5062
3566
3295
1581
1297
2724
2196
2662
1201
2724
4584
497
237
5402
-1
3798
606
3770
365
3879
4484
3182
1527
1307
3996
3291
3557
2703
2285
3875
1163
4269
3891
425
3496
5239
261
156
1699
1636
165
845
391
5466
5062
2196
5402
-1
2374
2196
1429
853
1105
2978
3255
184
2326
1559
2830
156
1475
4896
425
5466
2279
5150
4255
4226
16
4652
2390
3340
3592
2376
3822
5031
345
1219
4082
3468
2075
-1
3380
4945
1572
-1
3621
4110
5062
5579
3003
1636
635
2157
1297
1160
-1
1938
4332
4302
25
3887
4658
456
1480
-1
1157
2347
1307
4373
5271
1181
3168
428
304
1219
425
5507
5426
2285
4840
2974
5408
4154
5062
540
3139
4557
2164
-1
2722
1307
3978
3057
5276
5466
2830
1944
1703
4642
-1
425
4938
2669
1313
2343
4763
2205
1682
3139
2113
4336
5518
4298
2364
5271
2376
2701
-1
687
4735
5164
457
1465
1513
1016
2465
-1
25
4884
4154
-1
687
3139
-1
2409
2788
3139
4611
2196
1651
1273
220
945
35
4975
4836
2326
494
425
540
5402
336
1197
5398
1777
3496
31
3935
3107
1841
4494
4071
3139
1300
2276
425
2219
1718
41
4226
2147
1501
5271
3139
5062
-1
5700
2377
2267
3838
850
1659
2823
4143
1791
536
-1
2407
4226
-1
2196
4771
3003
578
2746
1721
5466
3753
5269
1486
2196
2338
3598
5149
3139
-1
-1
2420
195
2200
2956
2937
2067
4053
3742
3610
2630
2565
1918
1475
1709
-1
1946
3153
3770
3389
4691
2196
1298
3139
1429
1809
923
-1
2333
4040
4535
5215
1300
3139
1429
4158
1487
1659
275
3139
3191
1824
3139
4884
3996
4571
2196
1598
1757
1551
1601
4226
4771
1945
5062
3005
920
2269
5354
904
3139
2703
425
3840
975
1184
1829
4158
3139
4273
1682
2315
33
4181
2456
2285
5077
1210
25
-1
5446
2196
3105
3352
1352
3139
5323
2285
3260
2912
967
545
1201
3435
1508
812
3518
1598
2307
5036
3691
1241
4446
2468
2285
689
-1
1054
351
-1
-1
5714
4657
3865
3640
3356
1044
3920
2830
1564
3676
5402
5587
2196
-1
5085
2830
-1
4037
-1
4226
4078
4878
3318
5449
5172
3038
2762
540
1914
-1
2285
2285
1452
3139
1218
-1
1044
5028
1206
1583
3066
1307
-1
5352
963
-1
1847
4849
4771
4677
1475
1568
2514
1480
661
1611
2825
-1
31
2845
25
4494
1980
1214
425
425
726
5714
3139
5424
5282
254
-1
304
3011
4127
1765
5384
1298
4063
3720
5402
5317
5228
3384
-1
2311
3479
3363
6
2724
1601
3363
-1
1619
-1
4035
521
425
1427
1465
3887
2850
5062
16
4282
-1
-1
1756
-1
1757
751
4209
4082
4165
425
5497
1465
3770
4088
5271
1830
3352
4013
3003
2285
4877
4992
275
2278
400
-1
25
366
3139
3139
-1
3139
4720
1465
3762
-1
4099
5028
2902
5491
2515
425
3980
2285
4045
482
31
2714
5402
2222
5077
144
2850
-1
3495
2703
3814
5543
2826
2333
2562
5184
-1
2928
3139
5548
785
1429
-1
4365
3933
1915
903
3139
2196
1429
4332
5426
4226
2920
1769
897
687
400
3183
5049
1876
455
2285
425
1184
4497
1374
2746
-1
3247
2333
5128
2390
2504
3139
3139
2565
2751
540
4158
5323
1922
4992
4453
3308
3363
4332
2374
1168
1564
3165
2619
4975
75
1526
1625
5599
5491
3996
1759
227
5191
4004
2398
547
4571
2195
3628
687
3308
2744
4956
4494
3496
2346
2681
24
-1
-1
2981
5402
2645
1872
275
1621
3456
2005
4004
5424
5502
5135
4226
-1
5236
-1
192
370
5384
540
4158
1280
-1
300
4992
1842
5238
1727
1405
3938
2722
3139
3932
-1
4243
4240
3615
4763
148
-1
4037
3139
1638
2825
2533
4655
3308
5085
2513
5433
4365
2224
4591
2762
-1
4255
5036
3139
5062
2285
1307
1081
285
3975
1147
2619
599
-1
425
4154
25
3238
425
4655
1465
563
3319
3308
1979
-1
3139
2617
4720
1759
3312
2285
4397
2978
2122
3139
801
2630
2830
1583
1003
1307
2285
-1
304
3269
2197
3918
1583
2374
3419
5402
3826
5402
3139
5081
3354
3139
1273
3763
5062
455
2370
195
5673
-1
4763
425
2285
5192
1818
-1
-1
1906
558
2135
241
4226
425
1703
5402
3614
2320
-1
2405
4392
3041
3511
5171
-1
3248
1204
1016
4244
2374
5475
1452
2718
1178
425
2062
3996
1300
1814
3592
1588
2769
5053
1360
5185
2424
4721
2149
-1
166
1601
5049
2285
4152
425
4945
-1
-1
4534
156
594
1452
1307
5062
3725
1551
1160
-1
-1
4763
3139
1583
2285
4718
2196
5384
3139
1196
1475
4004
3970
-1
4400
1286
2562
963
5133
2285
443
4092
687
-1
4846
-1
3382
3587
3308
3139
3185
3349
2605
57
-1
2881
3676
3396
4992
-1
3726
2724
4037
432
-1
5375
4082
3017
3149
-1
1601
1703
2326
1465
2206
3139
3139
3037
3696
3621
1583
2285
4268
114
540
425
1319
2196
2676
4890
2911
3072
1371
833
2724
5132
695
3989
2196
2615
1349
4039
1192
4571
4720
1361
2196
5239
3496
3329
857
4884
4000
5062
4937
594
5402
425
3931
850
1686
1219
1298
5525
327
3060
4188
3139
3139
2208
3182
4799
2285
4168
5587
2762
2200
559
1087
2349
4571
2230
3003
2086
5587
1601
3331
4571
2813
5384
3980
2830
2251
2196
899
3682
1798
2549
2798
1371
186
3748
5502
-1
2622
5402
4652
1687
3989
1452
2762
5402
951
689
-1
187
787
1719
4763
25
4276
5402
2060
5239
3165
3223
853
850
5415
2267
4341
5442
2285
5370
456
521
456
4538
1480
446
4516
4287
1371
957
2882
4839
1452
4945
4276
-1
2615
4771
227
3139
2954
1323
2884
3105
425
5156
1323
1157
1298
5049
-1
1157
2676
2113
3641
234
4759
2285
1583
1833
3115
1551
1829
5049
5062
498
1588
3139
4107
427
1688
276
5473
425
2826
4235
4158
1482
4397
482
1933
3800
3035
3518
4345
2830
3139
-1
53
5576
3996
5036
4276
5709
4082
2196
-1
5434
1429
41
4884
2333
1583
-1
3994
425
3800
2259
-1
5310
4929
3711
425
2901
429
927
-1
25
1079
3139
3996
3128
3139
1704
1119
2895
5402
411
2828
3770
1475
2200
3427
1480
1429
-1
1465
879
4659
876
3931
-1
3222
-1
4832
1692
2495
2978
2078
1795
5340
3864
3223
53
3040
1058
2285
-1
2928
4234
-1
1601
3948
3139
5690
-1
1448
4158
1601
2746
2142
1701
3139
5049
2825
2383
3883
3737
4494
5629
1160
3139
215
2607
4115
3139
3139
2841
5049
2770
4032
5744
4032
2285
1056
2724
2296
2285
425
1119
25
25
1588
5188
2390
2285
4713
4994
4922
853
2196
1307
4240
2016
2326
1601
-1
3485
2770
-1
29
-1
-1
2575
1152
2762
3139
1313
3219
2717
5719
758
425
1429
-1
1842
304
2406
3377
5547
5410
3696
3139
2285
2382
4720
364
1482
5518
64
191
1699
351
2392
4771
4409
2243
398
3139
666
3139
2978
3872
381
3731
5545
5432
2644
1083
4571
25
4984
3770
1914
4389
1339
1323
2381
-1
1482
4039
-1
3788
2285
-1
1825
371
4771
1184
2285
5507
4655
1588
4571
932
1588
-1
51
5238
2474
5200
5442
4836
2762
2617
-1
923
2195
1261
4228
4625
1307
2770
1286
774
-1
1405
2164
4039
3989
2196
25
3139
5085
3468
-1
3139
1196
4945
425
2194
2378
5034
1118
1148
3676
2383
739
-1
482
4648
3681
4373
-1
1307
2267
5036
3107
4226
147
621
1601
3139
437
4992
425
533
3245
2258
4188
5426
965
-1
3139
3726
1201
4417
4130
3139
4992
4039
1054
-1
5426
2026
2196
2196
-1
5287
3318
1840
16
3592
5170
1546
815
1641
3139
4039
482
3139
1684
3770
3139
-1
4162
5119
1080
25
3219
3139
4561
937
-1
5049
4569
5133
1062
4252
1546
1739
3139
2615
3139
3592
-1
583
1968
-1
4713
2825
3344
1611
1588
-1
4890
1791
450
1263
4998
963
3431
-1
812
3139
4771
2200
3883
1119
4397
3139
223
5402
5271
2326
2285
4992
3621
-1
2326
778
1832
5576
2615
3139
1709
5318
1300
2122
1185
2195
3688
5133
5248
5062
5011
4945
5744
2999
2285
197
450
3139
882
5402
1358
1757
2285
3680
402
1583
5172
867
4486
3165
258
961
2113
2565
1157
1297
2425
2409
5287
1285
-1
2064
2688
5092
3830
3663
814
2326
2196
556
5734
2206
3306
4771
931
3139
5587
2196
5062
1122
3003
-1
1170
5250
770
1547
1601
1787
2545
-1
3745
1298
5402
4380
3807
3247
4890
4828
1354
1185
4763
5062
2285
227
3456
2189
1178
1960
5133
3139
3592
-1
-1
1288
2200
2374
2401
5402
4833
1323
177
2285
5062
1759
5219
2826
-1
4771
5062
2023
1513
2819
5547
2243
590
1583
2762
2127
3358
2838
5362
5062
540
3735
5287
2989
482
425
5466
1969
4723
3071
-1
324
3139
1184
623
4503
737
3621
737
25
5205
2534
4823
1280
2196
227
1313
-1
1371
3735
2196
2349
147
4957
482
-1
3769
1583
4154
2196
2406
3223
482
304
929
1821
465
3139
2869
2122
2576
5062
936
5402
1551
425
2766
1311
5064
1699
2326
2285
5276
1601
1405
1800
2495
3616
3833
195
4379
1119
3963
3095
973
347
3139
1300
2762
1709
4707
5615
2724
425
3419
2838
31
3627
2837
5355
3309
2195
482
3139
16
5714
3845
25
4844
2130
5133
3139
3621
3139
5059
3139
4268
5714
1073
5097
-1
3139
5330
400
695
5062
5404
1747
2374
4181
532
-1
4634
1699
195
4131
1029
3139
5206
4222
-1
3869
834
1796
1538
482
5119
3139
5200
4144
1322
185
931
746
2196
3139
2113
25
3676
2196
5337
687
823
2349
834
5062
2043
583
460
425
5062
3161
3553
3968
4171
1692
314
1882
1885
1949
4945
921
1073
2200
3137
5471
3802
5062
1178
1681
2996
4896
3676
3139
-1
-1
1709
3139
5558
-1
1659
2747
4720
3139
785
2462
1313
878
3136
5271
4397
1044
2196
2792
2843
2628
248
1285
147
3324
1588
2231
1159
2285
25
3808
853
4998
1914
4226
1285
2033
5193
1300
2882
1482
2832
2762
5316
2593
-1
2074
1204
4335
4720
4142
2285
957
2504
3003
4204
3017
5287
2374
3165
1157
1788
416
2281
4406
25
1929
-1
4371
5152
1501
5191
5036
3651
1044
-1
3139
1298
4771
4154
-1
4578
2901
3139
1779
1307
5587
1275
425
4763
3139
687
3134
1482
421
-1
2285
351
2113
1307
1282
1119
4397
1757
3496
1949
-1
5604
425
2850
-1
2838
5743
-1
3996
4784
1482
5402
3139
1280
3989
4564
1429
3904
3139
2164
227
3139
3621
425
2285
1705
5402
-1
2206
4777
378
1178
937
1115
4890
5695
4194
834
2722
1955
921
4888
3008
4255
3761
4039
4399
5549
2615
5285
2196
2911
169
2023
2615
1045
-1
3488
1044
2954
-1
3258
16
25
4884
2390
3139
521
2478
485
2285
1504
4494
25
1583
2615
25
863
3875
1496
787
2196
991
2285
-1
2051
5617
2196
4578
3006
1699
3308
1095
-1
2876
276
425
2005
2196
3650
147
4998
2196
3035
25
4582
3139
4616
3623
3991
1897
-1
3223
4751
5408
5133
1583
3569
5340
5558
2045
456
-1
3887
2612
3139
2981
3139
3139
4226
5248
2000
2682
2122
3393
3336
425
1323
1779
5015
-1
4497
1298
2016
4792
853
5587
1307
-1
739
2317
3139
3623
3581
3641
1625
3139
823
5616
2285
4000
4998
2196
4647
2200
5576
4864
285
1800
3222
2388
5128
3139
3046
1297
5520
5264
351
4571
1196
1168
1465
3139
3461
2462
425
-1
1054
1814
3256
3139
353
4049
-1
5143
1465
2196
5402
5712
4564
3682
3179
3840
2144
597
1482
-1
1791
3311
2565
1115
5238
2196
5587
1583
1401
3621
-1
699
2746
3139
4004
4039
1346
4109
3139
5213
1653
3838
1482
1919
2285
1546
242
5627
631
4624
2374
4531
3875
2995
2196
4059
1264
666
2711
2146
5642
923
2619
2928
1914
425
5695
-1
2117
425
1958
41
3459
2269
3269
4039
3360
2830
3378
-1
1475
5671
751
2948
5213
3327
-1
1212
4209
4547
53
923
1166
3838
2826
4571
2124
3833
5269
4724
2196
4838
-1
2876
5068
3840
1016
1297
3350
5174
1298
1588
3139
766
-1
3170
3533
1608
4913
5232
4763
2269
1204
-1
5248
687
3139
1182
2613
5049
2776
4763
1504
-1
3943
301
3768
1152
3139
5719
3179
4975
4720
-1
4029
4718
215
957
5155
5414
1623
1429
5254
2196
3802
2426
2374
-1
2206
5501
3676
3139
196
3139
2196
4226
3883
4158
4158
25
1227
3776
3878
-1
482
3539
1588
4973
520
2196
-1
1083
4890
3139
4039
4618
2426
1523
3139
2275
482
689
2856
544
3308
1044
719
1003
2493
1300
2933
1340
1496
5402
3139
4397
411
425
185
5013
4620
5115
4884
1021
4226
3139
1482
3139
4298
4225
1480
4929
2084
127
1606
1692
1692
2113
4890
5312
1433
4497
4497
2457
1238
1298
3139
4039
425
-1
5402
5133
695
1448
4158
3676
2662
2196
2326
3802
1101
1185
3770
425
789
4537
2320
1152
425
2196
5587
3156
2722
1475
177
1119
5071
1117
-1
-1
4571
-1
3139
5499
4934
5062
778
2160
2200
2137
25
1699
5062
3552
5357
5466
425
3139
1422
470
-1
1405
3139
5062
2206
1878
3996
2196
2455
5191
2285
2619
1313
2198
4059
3139
4196
1119
4763
2285
66
3299
4850
-1
2173
-1
3891
834
147
1834
3139
3748
2122
2755
2615
1184
4800
747
-1
583
3139
-1
1465
459
4332
4092
3139
2426
4598
482
2484
3139
1107
3363
2014
4099
5746
5402
2958
737
1420
3445
1320
5384
5616
2876
425
427
258
1583
1462
3621
785
1044
823
1465
3139
4793
2154
2565
1349
2122
-1
1601
2876
3139
5671
3438
-1
2487
1218
3315
3846
4348
1601
1300
4365
1405
3139
3139
3218
2615
1032
3139
3415
5402
4998
3676
373
4654
3591
2399
2285
2145
1872
4008
5102
4945
36
1789
3139
3308
3436
4571
-1
3682
3668
3139
3077
5105
3943
3308
1583
3377
1323
2196
1831
1298
5239
960
242
1115
-1
3127
25
582
1201
4110
1307
-1
-1
4240
554
-1
5475
425
3139
5036
5648
5271
2200
1800
541
2879
4039
1095
1044
5402
2196
4494
5354
1045
-1
4562
5062
1606
5271
-1
-1
811
2988
3139
3139
5050
5699
1048
2724
5253
5062
4264
5402
5700
2999
1152
3439
695
425
2681
3139
3139
1405
2615
443
275
1800
1722
1482
4633
3401
1178
1025
4014
816
2122
1054
2198
3621
4004
4188
2117
2174
5408
3488
5594
3003
1201
2196
3111
5413
351
5163
3062
-1
2130
2958
1044
2285
1465
4079
346
-1
1427
-1
-1
3139
2978
1482
1119
425
3139
4458
3985
2086
1475
5743
1405
1532
4051
3569
1285
-1
1546
1095
5077
5357
2196
2196
4226
3003
923
1709
3115
4598
3676
1429
1157
2531
5673
3669
4945
1165
4720
1298
2189
4776
5226
4574
785
330
1624
5695
3284
4771
5232
-1
4154
3139
3057
2196
5129
2141
3621
2336
3139
3904
4394
304
3139
5153
1482
425
5402
10
1119
4568
3139
160
2117
4531
2876
622
3041
2706
4494
1636
2583
2746
-1
25
3682
1361
16
5726
377
2762
3139
5340
469
4110
5292
2046
3560
3139
3139
501
5062
4226
3641
5280
247
4571
4082
485
3931
2269
1901
2776
2200
1579
-1
346
3531
5743
5274
195
1601
2744
2958
3139
5165
3139
1307
1405
5466
425
5512
4598
1298
2089
-1
1298
4444
5471
1438
481
3996
1307
391
5254
3046
4290
1601
2682
3193
2285
-1
3676
1307
1298
425
2746
3980
5276
4892
5068
1636
4226
3139
2196
5049
5744
1717
1798
5512
323
4860
5042
5576
1944
5491
1452
3621
5491
594
4397
4226
1407
3280
4265
2196
3299
1656
1619
1149
4994
3139
1300
18
2175
2584
3391
5384
5402
1314
3000
2407
3924
346
1551
1157
1771
2746
4107
-1
2762
1465
-1
3093
266
1858
3838
1513
746
3139
5036
4005
2567
1753
2148
1366
3875
669
3003
5133
3139
482
1280
4999
4238
3946
787
3676
687
4771
425
5183
1339
376
2269
4731
5085
674
-1
5724
5212
3924
2285
4240
1003
5096
2085
2285
2420
4195
2196
1230
923
1699
1116
5587
5687
1814
281
4371
702
2285
3003
1012
2014
5587
2569
740
4629
3308
4413
5497
350
4571
307
2048
5685
2122
4444
4240
3770
4497
3380
1325
456
540
1757
785
3139
4509
-1
3223
2591
1585
5402
747
1482
2806
-1
2776
4884
2285
2724
448
778
5537
4771
3194
4491
2998
5587
4226
1119
3139
3735
2619
425
4270
923
4817
-1
2596
5062
5247
2963
3862
3895
1948
4471
3709
3474
3800
5412
5238
3139
1429
1313
4992
3160
1527
425
521
2206
1201
5491
5183
1551
3682
3139
25
3115
1414
5011
5482
931
-1
4270
4753
1371
4975
1583
4154
2999
325
5491
1300
475
2863
1546
425
2572
2762
2234
1152
3139
2196
1688
2196
1619
5576
3139
2164
1330
3245
540
2191
3278
3015
5616
5213
-1
4175
2390
4238
3468
25
4517
4750
1044
5695
4871
1093
324
5401
3139
-1
-1
5576
4603
4886
692
-1
-1
2825
-1
-1
2200
2290
25
5133
4571
3139
4226
293
4004
2830
2617
594
595
5646
1722
4110
1119
5402
5469
3139
1429
5316
4075
3597
4926
1298
3139
2195
1601
4669
5710
4871
4728
2642
3924
3139
1639
2197
2335
2290
2531
3191
-1
-1
264
1535
4329
3031
4689
1914
-1
1054
425
-1
2968
5062
1722
3770
5331
1429
482
485
3252
1016
1546
2749
5136
3469
5547
-1
5239
425
2864
2776
4771
5558
632
2200
5200
2122
195
1101
1427
4966
2697
5402
288
5191
3996
2619
4578
3139
5682
69
4494
2285
1201
5062
4966
4871
2925
884
3422
2321
5733
3139
4799
2084
25
2724
2777
4686
1601
4005
4188
2196
5154
5239
5209
1650
583
3139
4274
4972
3676
3139
4283
3051
5562
3980
5587
3222
4878
921
1650
418
4771
3139
4844
4494
2861
1676
4998
140
4121
2591
4890
275
3139
2762
785
1307
540
1007
5675
2697
3729
2646
124
5580
4633
-1
2285
5633
469
2285
3422
5528
3139
5338
5102
4485
739
3891
3308
2470
5062
4966
3726
5272
984
645
3085
1351
1012
1681
1829
3139
3766
537
2295
2615
3621
5402
2364
1002
3139
2746
5062
3139
1681
2391
1945
3139
1178
2665
1230
1513
967
4307
3644
1670
3139
4147
425
2615
4425
1269
1633
2285
2551
4975
2376
3139
291
3139
3561
-1
66
4004
5743
3499
2085
5001
185
4635
5491
-1
1616
4884
5051
1206
5022
1283
1465
3930
3139
3222
2285
1307
482
2746
2504
4225
3410
1796
4502
2813
4487
4975
4019
2196
5177
411
3703
42
4039
-1
1482
-1
2950
1512
162
1297
101
5195
1892
788
1843
4067
-1
2196
5408
5049
3768
4864
-1
2443
4398
5306
3581
3139
5743
5022
1475
604
1184
1601
1940
2689
3139
702
2285
4307
1297
2568
428
3139
4871
540
1619
2285
5571
4564
810
2490
-1
2439
-1
4792
1584
2619
2367
5538
595
2196
1044
4298
4298
1583
5003
1790
133
5515
4068
1482
5528
4771
2122
2200
1677
5402
5621
4507
-1
3139
4920
5077
5316
-1
1479
3139
853
3676
2590
4682
1588
4663
5695
3078
3139
846
3139
-1
1429
2813
482
5502
2253
2200
2285
2615
1680
4004
378
1155
784
456
744
3139
595
3552
3284
1619
4650
2195
5587
4590
1372
2878
2703
3046
5364
2882
4992
1297
3139
3456
1011
1429
5162
785
2317
2165
1371
1145
2285
630
1313
5419
4497
3996
1703
5062
2804
5191
-1
884
5126
5254
650
2746
5448
4449
3943
2011
3139
5518
4188
5062
1258
1482
3139
5691
3139
4986
346
4438
-1
3479
2557
1119
-1
4629
3869
-1
1939
812
1044
4045
4771
5191
1616
2285
3171
425
10
5445
2300
4985
482
4286
1619
2243
3139
3139
195
5466
1350
5671
702
482
4371
4158
3770
2243
94
3824
951
2615
1285
1382
1749
3628
5001
4598
2619
1056
722
3875
1297
227
2158
4331
3461
5731
3838
5731
-1
2762
2196
2511
-1
5001
-1
3989
1405
4032
1294
4497
2196
2587
873
147
3139
2100
1800
494
1081
3139
3676
4438
3474
2044
4923
1636
4008
4158
5009
525
-1
3915
-1
-1
2196
3139
3139
3139
985
1083
616
4226
2285
5156
3139
3382
52
3000
3838
3946
3800
2375
5402
5402
5566
-1
3240
993
3616
1112
4142
223
288
4207
1601
1465
4293
2196
3571
865
3139
2474
-1
4371
5402
1931
1570
4397
16
5003
2274
3796
3139
16
5191
3240
5402
-1
391
1888
1083
1185
227
5433
1405
-1
1330
834
5427
4188
1206
1913
4039
2761
4004
3139
3862
4975
1709
3259
5054
-1
-1
2320
4721
1670
425
3771
5359
632
2876
4600
3308
2285
3003
4732
-1
1318
5576
4079
3139
4226
50
5252
2015
4188
25
5216
1297
882
1831
5546
3129
3229
3008
5402
4578
5088
1480
4718
5402
5497
4884
2574
5702
5587
2400
3360
-1
177
1482
4998
2285
2826
5714
5695
1482
1012
3676
5077
5036
5130
5471
4992
4208
3628
3554
3999
3046
590
3139
4210
195
1434
345
1016
298
4039
4507
2619
3954
2170
3017
5444
2544
4023
1842
382
5671
3875
1405
4863
4008
696
3139
1313
1465
3875
3814
1950
5087
540
3241
25
1230
4125
2768
2122
5711
4080
4039
5062
5504
4588
1434
5466
487
3522
3768
4285
4077
2493
2084
-1
1230
2087
3456
425
1583
1108
3139
3712
595
3165
4945
2018
529
1201
2812
1945
1395
3562
227
5119
4264
1054
5172
3139
227
2290
1269
482
241
1313
3139
3999
2380
5384
2998
4734
-1
4045
5108
4039
304
3015
3139
4158
595
5472
5035
2724
3933
3621
156
1054
3331
930
5491
-1
2211
2691
2285
1298
713
4408
4457
-1
99
452
1914
610
5429
2196
1583
4042
5133
-1
4605
509
4072
3621
4792
3593
667
3017
2285
3127
443
454
1298
3682
1273
4571
2285
4779
2830
3308
4032
2390
1449
3139
1945
636
1219
2462
3737
3139
-1
1285
18
1476
2838
1230
2200
2285
25
3659
3852
3139
482
4209
1298
915
3770
5512
3581
1739
2813
2876
5402
5690
3139
1268
5062
3446
1709
1264
2290
3996
4802
-1
3875
2882
2290
1149
4270
1230
1465
5258
1398
117
2790
3576
1830
4226
1925
5450
1349
2285
1681
3003
2068
-1
5062
25
3139
2186
2156
3139
5062
5729
3735
-1
4521
-1
-1
1506
1670
2326
541
5155
2746
2240
787
2196
285
1285
5512
425
1168
-1
227
540
5673
4853
2196
1465
975
3485
324
3623
16
1337
-1
2615
5191
3696
3375
3139
448
5402
4836
1528
1601
2146
3696
227
3410
1304
249
2285
1285
306
4713
4039
3139
516
5671
-1
3192
1659
-1
1269
3139
3888
4966
630
659
2830
4945
16
-1
595
5362
3726
3037
1452
3989
1996
3904
3432
391
482
4571
2285
3363
5580
-1
5389
4865
3062
3288
3869
5587
2320
1201
1049
2762
693
4720
1501
3072
1722
1167
1115
5703
3924
556
4792
1300
1238
425
448
2016
1273
1482
195
-1
4628
5382
2008
4571
687
2838
2549
5049
3139
5402
5086
1941
5264
4158
5671
1202
5238
3367
1004
4318
3139
4032
255
2724
1280
3980
5019
2016
5062
5446
3735
2218
1298
2619
5200
-1
5661
1815
4771
4945
41
548
1928
531
-1
298
3148
-1
3105
3139
4778
590
4776
457
3139
5320
1157
-1
1178
4966
5062
1829
4720
1635
-1
5650
-1
1472
-1
4413
1429
5333
853
5426
852
294
290
5547
1676
5714
1313
3139
719
5288
3240
925
5402
820
5671
3539
2420
1381
-1
5609
2247
2615
4255
2196
4594
1393
2383
5345
4418
3139
3003
5487
25
4771
4598
5712
3223
2465
5576
3623
5062
2031
25
4890
2008
2521
687
4779
2117
4763
4655
2390
1016
5273
-1
709
5001
2662
4264
4196
3817
4672
4771
25
1744
5267
41
-1
5239
5062
-1
4903
4158
831
147
127
4327
227
2196
2196
4945
2475
5332
1323
4082
1139
391
-1
3993
3833
-1
3165
1755
16
3682
3488
5308
4928
482
805
-1
4615
1429
1429
1865
5402
1504
425
4397
2863
4040
2567
3744
4226
1405
2285
5710
5576
2762
3124
195
4820
5384
5576
3139
670
1115
224
4255
4188
3249
4158
3606
482
3800
1323
1465
2220
3139
4082
3904
1772
3399
3108
-1
1245
2196
1546
-1
3135
1793
5574
1240
2825
486
1506
4983
1266
831
2630
1197
4142
4332
-1
4763
2455
3800
561
4371
628
1339
2196
4410
3506
3139
2122
-1
1331
25
2830
1044
1699
-1
5402
5733
5322
323
3069
5077
975
1429
5025
25
494
5085
2762
5576
2903
1261
3996
923
3419
4153
3748
778
2562
-1
2884
2726
427
425
586
5587
2209
3338
2682
2958
681
-1
5597
5431
4836
3139
1407
5362
3705
1130
-1
3139
185
255
4946
-1
2762
4999
3569
1019
25
718
425
3017
3487
4332
3485
4954
-1
-1
4865
2196
1012
1313
2271
2285
3279
3139
2384
5521
4382
1349
1095
615
2196
1528
3274
2196
5402
2830
5653
2762
540
1206
2704
3441
2780
3308
5491
225
1829
5497
1675
5036
1482
1925
5077
3308
5062
4777
-1
3794
4865
3139
2335
3139
3218
1405
1157
482
482
3621
4713
521
553
5655
3522
288
1856
1686
2161
3869
25
1769
1429
138
-1
-1
5068
4799
1821
2612
1480
1452
4966
789
5465
2530
4784
5405
305
425
425
3789
225
3199
2825
304
4177
-1
540
3144
4158
443
1480
541
1994
2019
5699
3190
2410
25
630
2692
3139
3139
2404
5402
746
4680
1307
-1
227
482
2565
5018
170
5402
4032
4563
4371
5049
1354
3676
3499
1318
951
2609
25
2426
5402
2285
717
5112
3628
1586
425
2426
5431
2122
5699
4918
5587
2349
3717
3772
5222
3139
1073
3581
25
2004
215
2196
1429
3378
5587
5706
1115
540
5133
3139
881
4007
5587
4082
2406
4048
-1
5062
1482
4332
1354
5324
-1
836
353
4254
1255
5027
646
5402
-1
1482
3129
1213
-1
5384
1922
25
521
1307
2911
3317
1185
5728
4075
2285
4378
3730
3046
2585
3380
2328
1405
630
3065
2762
3139
387
-1
1465
1230
1186
4966
5077
3139
5576
3139
2998
4384
4039
225
4397
3465
3953
346
4142
-1
3072
5129
2588
25
594
5384
1890
236
3322
4226
3039
5576
62
5123
3139
-1
1379
3139
1598
482
2374
3072
3139
5408
3805
913
1185
1119
346
2334
3308
5687
5001
1754
4652
635
4287
2285
2333
2154
4771
2285
2196
5109
2762
5466
965
5278
-1
1178
1815
4004
5576
4622
4890
823
1902
5338
-1
5566
4039
4571
2122
4362
457
5656
25
1091
3888
4371
4438
2227
1141
-1
4571
937
3139
5505
2243
4771
5315
391
2333
4492
5049
1429
5408
5402
-1
5268
1194
3838
5364
425
3715
3139
2764
2269
4956
5078
220
1493
4609
4702
1785
3259
1811
5402
2195
25
5576
1157
2825
4945
2810
348
2178
2023
2196
5333
3432
4024
4494
2349
1044
883
4571
1044
2923
3485
425
1244
5288
1533
2486
5578
5322
3139
722
5102
1152
4004
4720
1429
1475
3139
2689
-1
4497
3139
-1
787
5616
1914
3609
-1
425
5511
1625
2908
5466
1460
5265
5713
5284
3395
5198
4818
835
-1
1160
304
2223
4371
5497
823
2724
1044
3139
2326
3518
3896
3139
1471
5056
5714
195
2098
-1
1116
2374
810
1307
222
2698
4315
1683
576
1297
1289
3396
5562
1167
3041
645
482
628
2882
5731
1168
196
2196
673
3317
2196
5569
2762
3139
632
1323
1472
3069
4494
1583
3308
2771
3051
3139
3139
1407
1119
2200
185
3946
2195
-1
5062
1608
1468
4912
5402
743
2231
787
1598
3621
3139
2184
425
-1
498
1177
2414
4158
25
1429
2196
3522
526
391
181
220
1706
4787
4028
1101
2927
1800
177
227
4444
3308
4188
5402
1480
25
4890
3045
1814
2743
2746
5062
1690
-1
5052
2748
3600
4865
25
3682
2875
3139
5433
2326
3676
4004
2371
3999
227
2751
-1
4890
-1
482
4700
2084
417
852
4226
3833
3771
3600
1139
3139
2724
3767
204
2724
482
3072
-1
5731
5695
1287
2569
1821
1429
2196
4974
2697
3951
24
1323
5731
1472
630
4631
-1
5574
648
296
5466
1044
5576
1470
3800
-1
307
4233
1517
3139
4327
1823
5491
4518
1044
689
5576
3584
540
-1
1313
1482
1016
-1
4668
2122
4861
4884
2876
2406
2685
3641
25
2332
4330
4157
2113
4226
5671
25
1119
276
5213
5671
2196
4739
3996
2697
1842
810
3869
823
2285
5062
802
482
2196
3269
4974
-1
-1
1506
5735
2376
2146
2002
2826
630
4812
1616
2781
1731
5362
1583
4647
4429
5402
2363
4829
3160
2290
3813
524
4529
1514
4307
3588
-1
3708
1796
-1
5384
5275
482
-1
3139
3139
5313
5424
4763
5509
2196
2196
2993
2830
-1
5518
4977
3748
1320
1742
1681
2349
304
1636
2196
5471
3255
1292
2958
1451
1809
326
4611
5062
475
4360
5100
853
3943
1757
1300
2193
3676
3071
2035
5062
2850
5466
1465
25
4004
237
3676
2882
1493
1073
5028
583
2285
-1
2111
5336
3066
3676
2893
4154
1095
4016
1349
2961
2574
126
3139
4444
4884
-1
3140
295
5094
4497
1583
1850
4224
3728
1598
2109
5099
3621
3623
4374
-1
4365
4201
1044
1501
5462
2196
963
1919
5022
3139
834
275
-1
1003
4966
4669
-1
414
4763
4440
3676
785
1201
2993
425
1221
3136
4085
-1
482
-1
2122
2724
4978
-1
57
5356
862
41
261
5384
2328
4667
2341
1297
725
827
1800
1056
1475
425
1722
1601
2998
4256
3831
5313
3139
4677
3139
-1
2665
2380
-1
4082
66
4673
112
5064
5744
4635
5254
735
1480
3041
-1
-1
1549
199
1583
1405
3035
689
832
1583
4420
1347
2863
991
1699
1213
2285
-1
3401
604
1381
1044
444
2200
4032
3433
1480
3950
2619
4720
2122
25
2531
1498
810
1016
4004
1153
5611
469
3904
291
3139
1379
1318
5402
986
-1
-1
3592
4771
4021
-1
630
1054
687
5336
2630
1524
2535
348
4419
5335
1636
5479
2621
1602
5177
3139
5671
5646
4454
2942
5706
1236
-1
3896
482
5402
2285
5047
1544
2819
3983
594
787
3581
723
2154
5551
18
1185
3073
2017
5384
1800
-1
3000
585
3139
1730
4231
2285
3299
5710
25
4501
5077
5676
1809
1601
1658
1384
-1
957
425
4396
4188
630
-1
4226
2243
2911
-1
2284
1601
746
425
872
1298
4335
5690
3397
3308
5402
5402
5414
4373
1339
3197
3308
2826
3613
3768
3682
1298
688
4884
5297
2869
1495
2867
2999
4039
4491
425
3996
4039
3139
2005
3139
2042
4992
147
3748
5028
1781
3139
4808
16
804
4945
2355
1750
281
195
167
4558
4128
25
1583
2780
1215
5658
4884
-1
1290
4571
3139
2420
1405
76
3931
1427
1307
227
3317
1297
4000
4944
1044
3904
-1
2196
2133
3848
4497
630
4558
865
2016
2476
5062
482
1429
5402
5155
482
2285
3331
1800
2510
5165
4912
1821
1307
5413
1352
2097
4571
2950
5238
1044
3504
5062
2196
2193
1724
3139
2669
2638
66
1054
967
3404
-1
2712
2422
5552
1350
3363
4274
186
3838
1119
5326
4188
1576
2196
1225
4948
681
2349
3875
1044
561
-1
5497
4291
2267
4484
4823
4975
1661
2195
5259
3116
2578
2196
5156
1016
1309
5402
2374
1681
2189
4656
3893
25
423
2383
1083
-1
2849
-1
5198
4124
1588
1867
2326
4420
3139
5388
3139
195
4039
5149
275
3730
4704
5387
3462
3039
3139
1295
3139
2285
5309
5122
883
1269
2317
1016
5032
3003
425
1793
1601
1405
4100
3139
2196
346
425
590
2196
3139
716
425
5340
693
2016
2070
3160
2196
4825
2350
-1
4226
10
491
2724
127
5587
3308
2123
-1
177
2285
-1
372
1044
4566
1867
5499
1786
1405
4781
2396
1429
827
2564
720
2285
5002
595
2665
4459
1429
-1
1313
25
3865
1298
-1
1902
3378
3059
3926
1608
1636
2211
3904
5683
4340
2762
-1
639
5062
2762
-1
2154
4637
1699
3139
3150
2189
5576
4876
5402
100
1699
1478
630
688
2857
3676
2762
5155
3711
4226
-1
3676
-1
3621
1453
556
5065
2958
1206
5152
2687
5362
5402
3139
526
4792
3851
3694
-1
227
3794
3323
3937
3682
-1
3893
3724
1206
5681
4555
2468
1298
2196
5062
195
618
2619
548
-1
823
5132
1598
595
2364
389
25
4039
5671
5402
177
583
5049
1313
5576
394
2146
54
1163
4489
2782
1493
2358
-1
3735
1030
5062
5442
1300
294
4778
5221
5706
1073
5518
2345
4332
1777
3308
2395
25
4438
3744
5671
3139
2196
1601
324
3139
5433
1119
1206
5002
1928
2600
3621
2160
5384
304
1269
2285
5310
672
833
5505
4771
2242
718
5271
-1
2630
1405
3139
4784
2285
-1
2200
3003
413
1462
3046
2193
2077
261
743
883
195
3021
26
4253
4240
-1
1650
1349
5366
3051
425
5545
3139
4238
1976
3139
3856
3448
957
-1
4553
3139
4787
3676
3396
4945
2285
1342
993
2390
594
5566
5587
2333
1465
1586
2762
1800
5614
923
-1
5609
2196
4039
5369
3478
3229
1337
2724
5156
634
1095
623
1452
1430
5696
5072
4405
2762
4125
-1
-1
2196
2435
36
2809
3139
3139
1653
4084
1044
2619
2587
688
5733
-1
3996
630
25
1112
41
3139
4226
3192
5595
3154
1601
1452
3904
2762
5667
5402
425
3320
1280
4720
1185
3308
2285
3676
991
60
425
-1
4571
4332
2196
4142
5402
515
25
4371
2951
41
195
320
227
2619
5452
5287
3160
425
5491
857
5022
3838
475
5414
4418
3943
4406
-1
1044
1523
3512
3683
-1
4898
2911
392
3046
4021
482
5699
993
2602
5468
2267
2876
5532
2753
889
5021
5070
2993
1600
954
4978
53
3308
25
3856
5574
3139
1185
3449
993
3875
2196
1403
4802
5062
2196
1219
5402
4945
3820
3139
540
4720
4685
3418
1017
4108
2058
2969
1273
3062
5405
314
4861
4406
4720
1925
2290
3519
196
3015
3790
1804
482
-1
3696
4059
242
-1
2407
1777
2958
4836
1288
5323
2619
1257
1419
3289
4465
922
1927
2196
1429
4039
1757
4039
630
1601
2425
1434
3139
-1
3317
3403
5589
1619
2660
1307
1681
25
2497
1821
2971
3761
3838
1185
787
4004
630
3139
2374
1083
1601
53
2350
425
5402
556
1405
-1
1502
1764
5062
3139
3747
1300
-1
3780
2441
1618
1913
402
4525
3139
1601
1821
2196
1405
3858
2939
5587
2285
4847
216
5466
-1
4341
2989
2615
1044
1553
3139
791
1601
1405
1611
3726
1653
593
1339
4348
5148
-1
1052
2168
1152
5003
460
1288
1249
3139
2499
600
3139
2662
4353
5346
657
5475
1119
1407
2196
-1
4689
4771
1201
944
258
2285
2153
1016
5609
2570
1300
288
482
1448
834
3752
25
1902
1298
3165
2681
2543
3289
1672
285
1750
4945
4196
4998
1981
2211
425
1157
2828
2269
884
692
1074
5022
2111
5402
2200
4158
3266
2290
-1
2427
2220
1044
2122
833
1814
822
2956
16
4644
127
540
1815
3676
5022
2196
1848
1307
2396
2649
1502
5671
2319
5591
623
2196
5671
4992
688
2196
2724
1172
2304
3869
5049
1982
3139
37
5587
4113
1206
3015
-1
3985
-1
64
2695
3139
2164
1359
3308
3139
147
1650
5062
3256
2285
3953
425
1318
303
127
2196
1347
2273
2462
1852
1288
1044
2189
-1
2794
1014
1498
-1
4021
4966
834
2948
923
4460
5254
4890
5155
630
676
3101
1530
5404
2913
4763
1016
4404
119
25
5518
3676
3887
2285
2519
1917
425
2042
4438
404
1054
4966
5433
1157
4020
4544
-1
5587
3139
2635
5730
4999
425
2674
1444
1304
3980
1597
5671
5165
425
890
1405
2876
1506
3696
1902
1044
3296
4158
428
3220
2619
4226
1339
2200
5205
5387
5466
4039
443
2892
4093
527
3676
1677
25
2016
3285
2813
25
1793
2285
1327
5362
4467
1184
2196
1821
3308
5178
638
3789
713
2998
2339
3468
2671
1071
261
195
3856
3772
5074
1327
348
2200
1796
425
4966
3836
2196
3209
3139
1608
775
-1
391
630
425
425
2826
3015
1518
2744
5100
3833
3223
4877
5687
1465
-1
1403
2813
1115
987
5704
147
4752
241
25
1313
195
3000
3139
5248
3696
177
5471
5648
1636
1003
3954
1821
5587
458
540
4380
1003
2122
2196
5062
3170
2196
3378
5062
9
5313
5361
18
871
4016
960
3308
3262
3139
4280
1361
5497
307
1546
960
25
3869
-1
2825
2919
-1
3139
2826
5662
2731
-1
5062
5724
425
5062
1054
3363
1373
3139
755
4082
-1
2304
4189
688
202
425
2746
500
3540
3579
-1
425
3139
2733
-1
921
3139
1095
195
2943
5062
3613
785
177
3139
1019
4497
1750
1380
3682
1120
107
3139
4878
177
3160
4082
4437
425
5235
5402
5235
3139
2189
482
5266
688
1636
5657
-1
4079
54
1734
1273
-1
1619
2196
291
1452
498
-1
3308
5002
4188
4240
4287
4871
3510
2200
3904
2055
4240
4134
4438
519
4264
3003
1472
3139
4945
5109
4348
688
3149
2189
3139
2886
5471
4773
2207
3066
4877
5699
1699
5511
3672
1178
5671
1436
5576
-1
3752
1885
688
3139
4884
3438
3360
5232
4369
1184
5152
1040
4136
3000
3139
5049
2830
482
2825
4066
1945
4662
677
2153
1475
4048
4371
2639
4633
275
2285
-1
5497
5402
1429
594
1699
1452
2882
1313
2762
2196
3621
5121
2205
2615
3139
1902
122
-1
3115
2565
1681
5142
4348
2624
2285
2189
1650
2880
4021
-1
4945
1313
4778
1885
54
2285
600
1327
2196
1914
5003
3035
4802
5518
834
2813
4966
25
5022
3610
147
884
5545
2350
1504
5201
2918
1119
3139
2008
5028
2550
2911
268
1661
3378
1307
2724
4170
5387
3315
3240
4966
1601
-1
2731
482
2211
4877
3139
4082
3875
2248
16
1280
982
3057
893
4498
3621
1335
3323
5068
2826
-1
4057
4005
4802
16
3139
4888
2164
960
-1
2374
2715
-1
4213
4226
2408
2095
1793
3467
2882
2435
5402
612
4945
4986
5287
1410
4598
5557
2263
1054
2986
3027
2146
3139
1625
543
4497
564
5502
3146
5148
5402
-1
450
1706
482
147
2196
425
5419
1204
4496
4090
3095
2752
593
2196
3139
425
195
4373
5402
4199
3045
2122
4712
1462
1601
-1
1313
227
1546
1475
1119
-1
561
3139
1230
2930
5001
1215
3162
1036
692
-1
5576
-1
3682
2762
4910
2867
5319
5049
4771
5062
2706
1003
1468
1647
1071
738
5402
4945
689
4788
4004
2813
3139
1429
3139
1479
1709
1777
4039
3943
869
25
3423
4943
5512
2700
3054
3604
2333
3179
2724
4181
2117
5238
884
2891
1793
3015
1468
4365
482
632
4669
4466
195
2828
3621
2338
3447
5062
1032
1313
2196
4408
4158
2257
2762
2760
147
2939
3467
2200
1323
3980
5239
2196
4802
383
2977
138
540
425
1827
298
4836
4890
4900
3057
4226
2337
3197
5030
3419
4376
3096
2333
1405
1780
1601
-1
3139
3613
147
1003
4606
4713
1800
649
5695
1793
985
3139
2213
-1
1185
4338
849
2803
3976
5562
2285
5474
1018
482
4142
3037
1016
3735
3528
2316
4629
1958
5642
1095
3240
5651
2146
2619
3954
3136
3496
3046
4720
783
5254
689
1504
2154
784
-1
1095
4238
5503
5183
3000
4397
3970
4316
2285
3139
-1
1019
2813
4127
5584
25
2196
425
2364
2196
2702
1635
25
3110
2079
320
611
3869
4411
4571
-1
4566
2320
82
346
2864
-1
4239
-1
755
2142
2870
540
1659
2864
2762
5031
3518
2706
1470
5362
2860
1095
5304
4844
2390
1023
4763
2338
3926
5402
227
5402
5396
482
4188
3139
5152
3139
5725
482
1688
3684
-1
1126
1361
-1
2789
1467
4153
4061
3838
5357
2217
2615
2153
630
-1
3403
2990
1324
2721
4349
3139
2200
3215
4213
1750
5402
1405
645
5064
2200
5362
425
4890
2200
539
4421
2196
737
3449
3387
1218
25
4555
41
3139
1019
2189
1095
1661
3222
-1
-1
1155
1722
-1
1636
1307
1937
-1
2245
4497
1520
3573
1079
2619
5176
1650
3040
2762
3317
2955
3996
2196
594
4771
1598
-1
-1
4142
3139
3097
574
4654
3139
482
3139
5133
5491
1465
25
2200
2135
5595
3139
540
2196
2200
4884
258
2200
2285
3540
2825
3139
3676
1318
1480
1611
5133
77
1095
1161
3994
425
4771
-1
3924
2196
3573
1681
5693
5113
3654
5419
2196
-1
4975
3139
5576
3139
3474
425
3072
3139
2200
494
3726
5155
3857
3458
1647
4158
5687
4038
3308
3912
3139
4447
3139
3002
-1
3641
991
5547
5133
1073
3641
2360
3495
1843
4039
3222
4808
5402
3996
4053
3433
4397
1681
3887
5235
3577
3139
25
1480
114
2200
5712
2196
2008
3822
2939
2762
5547
482
3613
4778
600
-1
1072
5671
2195
11
4209
5397
2826
1418
4763
2421
4000
16
2164
3139
5247
4875
883
4431
2451
25
1504
5271
4787
1185
-1
823
-1
3833
2122
425
1129
3139
5343
3987
2240
5087
2420
3595
4872
41
4713
3139
5505
2462
4887
5408
5433
3037
1638
3139
5385
763
1012
3072
2619
391
1931
653
2380
2825
4788
689
4553
1285
5706
3426
1168
1116
569
1313
541
5384
4497
243
62
-1
2629
-1
5471
2619
425
3461
2235
1185
5062
1019
2989
4237
3507
1598
1210
4074
5402
938
2813
4053
5472
3934
-1
3738
425
425
4039
4078
687
5433
2661
1425
2435
2243
427
3139
612
1313
4339
787
2462
4654
4713
5690
5731
2429
428
2571
5351
3888
5419
3467
1945
425
3160
3139
596
4825
-1
971
348
1722
44
3139
1068
2196
5227
4226
5062
3506
2114
41
5354
2620
275
3392
2992
5576
687
5399
1595
25
1601
5416
5550
3017
5362
3623
654
713
5362
2193
4777
482
2977
4396
5402
4226
5232
5359
1171
4039
4890
1811
5112
5222
639
628
425
2228
4004
3432
834
2615
2630
4647
4053
2637
2148
3069
4007
3139
425
5402
1609
2190
1475
3621
1318
2818
25
5111
589
3532
3139
25
3487
1727
4578
432
378
1722
1664
1588
3139
2689
1298
3139
5402
2196
1315
4571
1504
5547
2196
3057
2196
4771
4966
2266
3833
1468
1759
4142
4865
590
465
5475
-1
4771
2113
2619
2195
2196
1157
1681
3139
-1
3641
-1
1153
4226
1780
-1
5119
1298
1404
79
5068
3887
4001
3308
681
3422
5115
3162
2196
4598
3308
2016
562
632
3139
25
3139
1583
3783
5431
4358
18
2196
2196
3139
4418
1482
3160
1285
558
3139
4713
3139
25
5475
1466
5062
2825
1601
5322
2830
5641
1457
2757
3875
1323
3139
5002
5598
5672
4880
2868
16
2196
1183
-1
425
-1
4647
2724
3139
974
3863
-1
4431
2374
4181
5030
475
4689
1793
227
4482
2356
2016
1595
4159
1261
4705
-1
5323
3030
853
5743
2652
5583
18
787
5101
5667
1044
951
4708
3308
3676
3420
4978
411
4048
41
425
2705
1168
-1
3247
4763
1116
4771
2919
5133
-1
5281
-1
3467
3577
-1
4431
25
1115
469
3182
3875
3621
1864
2167
-1
1294
923
2196
5625
3888
5402
4373
2654
-1
4836
-1
4771
2587
346
834
25
3584
2627
1797
1588
1095
539
2085
2195
4771
4039
3408
1142
5028
245
147
1185
1891
5695
3958
3162
2189
1077
2435
5557
5402
1465
62
3467
3139
4373
4158
3073
5384
5033
107
2813
2746
-1
4039
393
288
766
4255
5471
2096
3139
2860
1288
5288
-1
5361
2221
1386
1846
3308
3556
1297
1095
5107
3139
2619
1902
-1
3139
2662
16
3833
5293
70
3062
2196
3317
227
2196
3139
3808
852
5674
1402
2439
4654
4039
787
4875
261
1523
4059
3875
5669
452
5421
4351
482
4718
1583
1493
348
228
1456
3349
3139
1124
4142
4060
1546
4520
2122
1019
3838
2146
5028
281
548
4330
3139
3662
-1
3215
1709
5248
287
2196
-1
2196
427
3040
4569
4373
2059
52
5062
5456
5566
1583
3139
4101
1601
3139
1889
2630
1504
4039
177
4373
3365
3139
5203
4966
1339
3980
5290
2200
4950
2285
890
3528
2196
688
25
1063
16
2476
4497
3875
425
3928
127
583
1184
2016
4127
4017
25
642
1482
2164
1269
2724
4478
3917
785
2200
1405
-1
1036
4890
5122
561
4409
5518
92
-1
2376
1168
680
1036
3991
2124
2285
967
1384
1495
1160
1757
5243
2164
2196
5402
1493
1513
2196
2189
275
5085
425
881
2390
7
3800
937
2196
2731
3139
2153
2936
1341
1313
862
4871
1800
5402
923
739
1890
5156
5271
823
654
805
1429
1681
5702
346
3825
2558
2146
5276
5587
1493
2934
3139
3137
3139
3197
3139
3238
1696
3003
1821
5203
834
3894
4073
1313
5085
25
92
755
3155
1632
3192
4635
425
1853
5132
2615
1183
3467
5490
4007
513
3139
1601
3308
5643
1601
1465
2949
5088
125
25
824
1384
3227
5583
1521
2390
2243
3582
1251
3484
3139
2290
5049
923
2285
630
1452
5156
4181
1936
5140
1178
1230
3126
2860
227
277
4890
3139
4567
4997
5748
2860
4654
4039
3363
1465
195
1405
1523
54
890
4226
1699
2113
3944
2067
-1
4039
5349
1702
1194
3316
3139
1076
5502
2200
1019
3764
4142
4890
4999
3003
1988
2196
3139
1338
4176
3139
1427
3943
4237
5402
5050
1792
2196
4154
3139
5001
4371
3003
1407
425
3904
2569
195
3623
5402
-1
4484
425
3399
3761
2102
3602
4181
4037
3136
4158
2762
1286
1468
5155
1318
2196
3035
275
3856
540
425
540
2821
1727
3139
1582
1193
3160
3682
1307
957
2090
3139
5402
1016
2196
5280
1511
2882
4598
54
448
5049
2691
3139
4988
4671
1776
4158
4597
323
1210
3357
-1
5558
1778
-1
5024
4142
4877
4890
1045
1184
-1
1223
2285
3057
1206
4153
4654
4074
5021
-1
3499
4396
3139
3803
1482
923
25
1567
2578
583
2037
3139
833
1298
1044
3139
2122
3838
746
4633
5611
195
2803
1782
-1
2200
4432
3139
2122
2212
4280
5587
2911
1166
885
3139
4007
5431
5402
5341
303
214
4611
4226
3139
5062
1315
25
2809
5302
1429
3924
3139
5551
630
1699
425
3833
4890
1307
4647
2813
25
195
3139
25
482
1631
1415
1893
4128
2297
1178
4718
4373
5504
4584
1185
3003
1054
5218
1210
4890
4107
2911
2374
4945
5402
5062
258
2679
1335
175
227
2200
4929
2746
1480
2196
5177
1215
2200
-1
528
1636
5695
1650
5062
4492
1635
16
391
62
5024
400
2476
3139
4435
420
5402
137
5384
4771
2332
1079
1183
1601
5322
5499
1391
16
4148
425
465
1349
5049
1269
4720
1407
425
4286
1505
1659
3139
1601
5254
5714
2104
2164
590
2189
524
5686
5419
688
1460
343
2285
-1
5022
2200
1692
1699
474
4008
489
1928
3323
3139
787
2423
3976
3308
1206
1775
1178
2738
1601
4884
4431
5561
3139
-1
1405
5473
4317
3139
3484
2333
-1
820
2615
195
-1
4678
4645
1097
3919
4014
3904
1516
1300
2200
2325
4346
-1
1829
40
1925
5402
688
2901
2122
5062
937
4373
4890
3139
4188
4763
1681
3437
5241
2406
92
3062
4592
3139
4015
2040
-1
4181
1506
5221
1027
-1
2897
3072
4992
4852
3139
3139
1665
3592
4287
3341
650
1307
3139
5049
1429
1073
430
157
3139
2196
2476
5530
3269
2269
5145
5293
5183
1681
2895
-1
-1
1016
3528
3259
1429
2762
1793
4890
25
1936
975
2149
1681
602
3139
4598
4529
1931
304
3744
4780
1116
425
4891
4945
4884
532
4611
4788
3139
967
2762
-1
1298
4082
25
425
331
896
5080
4142
2196
-1
3139
3923
5062
4158
2724
5402
-1
-1
1392
367
5087
5732
2122
1945
837
5440
1204
-1
1778
4852
5295
5625
2824
5547
4615
1036
3770
2196
1405
-1
4004
1572
937
3191
4158
5062
5431
5213
3192
2196
1468
1699
3896
583
2390
425
4777
5650
2426
113
594
2762
4920
1269
4612
1168
5488
746
5171
3066
24
-1
-1
747
993
5402
5326
25
2987
5316
3349
1809
807
-1
5587
5233
1452
2101
3064
-1
539
3003
2196
1402
2807
3139
-1
4086
2196
293
1452
3139
4906
5011
3139
3537
5045
4906
978
5022
4037
4265
5603
4615
3139
1429
1796
4996
5402
4815
2619
4586
4382
3569
5238
265
3789
3400
5062
515
2439
5077
4158
1759
4871
1269
5362
249
5402
5595
5018
2196
5722
5587
1778
1588
584
1601
2748
5688
1339
3139
2882
3139
3591
3433
392
5002
2196
4118
3139
5731
3643
5428
1601
2731
485
2825
807
1297
4027
25
-1
3240
466
5178
2285
1588
3650
1185
5441
4927
5172
3288
3219
4495
3139
1095
3139
1079
548
3875
2989
3994
262
3924
665
834
695
2196
1480
4237
2760
1504
-1
5335
1057
4775
304
1931
1412
5642
3139
-1
5414
1230
183
152
5426
4226
3429
2989
977
1307
3498
321
3770
1601
2122
594
2762
4332
5260
4080
2122
4998
-1
2243
5087
3240
3139
5663
1044
1950
2463
5402
4298
-1
5062
1339
957
5322
2196
1051
-1
2267
5402
127
25
-1
276
5491
-1
1298
3139
1297
4700
2097
4167
4513
2285
4975
2880
3139
5491
5511
850
1108
4598
229
2364
4135
3072
514
1898
2799
4836
3621
4978
1429
630
4371
1095
1429
957
1016
2453
3628
1185
1809
5385
1452
1429
4890
5133
1185
5087
5061
3098
1157
4418
3139
675
2374
2099
1054
5140
3697
3139
5587
3139
2153
3139
-1
2200
2460
3538
25
1020
4658
4438
4465
5695
4149
857
5497
320
1044
275
4993
110
2376
1601
16
1168
482
1681
284
1354
3139
4820
5062
4669
5497
-1
3739
3139
1843
-1
4998
5566
1468
5073
689
1829
1354
921
-1
1769
4257
2098
3528
2847
-1
4802
4815
4884
5497
4142
4240
4324
834
-1
-1
565
4289
4652
3240
1636
339
5419
585
4598
2285
3139
-1
3192
3308
4240
3595
1636
-1
2285
1528
2200
2463
4787
4646
2189
425
3800
4111
-1
2135
-1
4771
3954
1793
4492
482
3308
4003
4933
1601
2489
2148
1429
4770
814
1307
-1
285
2153
446
4222
1427
3191
4162
1300
4195
1480
3875
1126
1777
4039
-1
3139
1699
2200
3144
4387
807
1429
1054
1482
3139
297
1465
5587
5402
25
41
1298
1273
4955
-1
526
227
3814
2285
3139
3139
4544
151
2248
482
1459
4771
4890
3621
116
1751
2077
5654
3940
5085
595
3288
258
2911
1945
1405
1016
5364
1458
2195
1510
2390
3996
4240
3676
1036
2939
3139
1583
3743
2911
2285
2929
1725
5687
2135
5200
3139
3861
2618
1298
-1
425
4492
2724
3139
3816
2825
785
400
3630
2200
1616
719
283
2911
5155
-1
4871
4032
1405
804
3139
4966
5358
3188
2832
3032
1012
41
3139
1703
4651
-1
4162
594
-1
5036
-1
-1
3959
1133
1722
2809
-1
1160
1193
-1
5062
1716
2196
3980
2285
1101
737
5508
2345
5214
3638
1168
214
540
95
-1
5236
4181
1699
4039
3399
1234
2215
4057
1498
2965
-1
1849
308
1298
3240
4226
4756
4371
5162
2516
5497
995
1914
2408
4371
2196
2349
1588
2146
3999
3139
5062
-1
1036
2257
1523
5271
2164
2762
243
833
2200
2142
5062
5028
3721
5544
811
103
5587
1493
4226
5132
540
3623
5665
5408
3245
2615
16
1672
3401
3443
5240
1269
5587
1479
3136
2196
4039
5077
996
5507
1685
1298
5037
195
3730
3139
2160
1019
3858
630
5712
2606
823
4720
320
4689
5271
4802
5183
556
3676
2153
3450
4975
4571
1848
367
2320
1405
183
2345
2958
2196
4475
1298
3003
2724
5117
2164
1016
1588
5706
2200
508
2548
307
2286
1692
5402
2117
5062
5472
3054
1405
645
494
4497
4720
3378
4238
4406
957
4945
2196
2083
1116
2934
662
5087
2164
3139
4859
1468
2128
1461
4142
4771
3875
3974
1313
3015
303
3931
5402
2645
2770
-1
1784
1160
2383
890
716
4992
904
1005
1327
1300
2462
590
2312
2345
3323
4366
817
2363
-1
844
511
2196
5384
1269
1307
4805
1326
712
1049
-1
1480
2762
3447
-1
4786
630
4494
-1
3139
583
5574
4713
5174
161
3539
3945
4945
4326
3711
2174
1119
475
4942
1190
1664
4039
2901
1219
2390
3139
5551
-1
2825
934
3499
2393
2619
1378
5030
4028
-1
3830
54
4890
3139
469
4711
2509
5403
1429
1206
-1
1185
1482
-1
1339
5748
2724
2196
1152
2200
739
2196
4576
1042
2685
4311
2196
25
3349
3449
482
1699
3789
5486
3139
5062
-1
540
1452
3204
3496
2196
3613
3139
2619
5121
3595
3139
5140
3943
25
4397
5671
254
1465
2195
4123
2762
1313
5111
571
3095
993
-1
1151
5402
5195
3139
3069
5062
1303
1568
5181
5271
834
3139
2691
3139
1776
1269
2182
1271
5404
-1
2196
4654
460
600
1644
4393
2826
2565
4669
3485
2998
4983
4660
3139
2813
2285
4763
5049
1300
3139
4025
209
823
54
4502
3139
1573
882
1206
86
3756
5340
2196
2195
2164
1016
3308
4949
3392
2196
934
707
5580
5271
4039
5521
127
5512
3015
2328
4188
3046
4436
5402
2146
1044
41
3622
1427
2376
4545
1470
2196
263
1354
4564
194
5235
4949
5528
227
53
1429
5003
2317
5744
3628
1681
2017
485
2879
92
1650
548
630
681
1168
2645
3592
3308
1781
4783
3433
1394
960
1012
2993
2685
5612
2830
455
2088
5402
-1
820
2440
2396
-1
5241
1006
16
3139
4836
3500
407
5243
3943
4237
4509
2085
4226
-1
5587
1699
5122
2200
2495
4095
2345
25
4453
1098
5238
3622
227
1792
5387
425
1339
5687
2648
195
5022
2491
2200
2944
1636
515
4476
3210
2462
4863
432
-1
2196
443
3139
595
1206
3333
1300
3426
540
3308
4158
916
1307
3139
5271
1583
-1
1796
5574
3696
3222
-1
4264
53
1108
5639
5700
5497
3287
4655
-1
3139
3139
4629
2153
5402
4966
2127
3003
3847
3139
-1
4367
1636
4188
3641
3837
5287
1044
3595
4066
5402
935
4830
1036
5304
4865
1902
220
5049
3869
3139
5540
2196
1583
227
-1
3373
2813
3139
3682
5414
5140
2196
2724
4406
1429
3874
252
1211
5122
3621
5140
3719
3735
2615
3956
2916
5110
3869
2703
284
1168
5362
645
4975
1253
1328
5576
637
1722
-1
2450
5587
810
2196
2189
1465
5473
2567
3139
4966
2376
1339
5049
2402
1307
3636
3139
3317
1429
5402
5438
5031
53
-1
399
1601
3838
2196
2269
4966
304
4998
4039
883
41
4947
102
-1
15
4945
1429
3139
227
1244
2122
3485
3315
560
1294
5062
4945
-1
3985
923
4078
4945
1389
196
4992
4598
630
4966
475
1506
1945
716
650
4966
2200
2376
1429
374
5062
2285
1613
3139
-1
4890
4276
5160
1996
2245
1075
5362
1608
-1
2813
2007
825
2505
5000
1157
624
2364
5424
4661
-1
1509
3997
1671
3880
3308
3072
3875
425
2407
425
3308
639
5402
3650
3849
1298
1619
1463
-1
2285
-1
5262
2151
3139
4142
5558
2227
494
2294
2467
425
4298
3950
2211
3800
-1
2711
4438
1482
1951
1283
5208
2285
229
-1
2196
957
2882
2122
1160
5348
2283
425
51
1855
3247
1542
1206
1676
1405
5000
932
2338
3387
1947
5710
787
875
5362
586
2333
5402
109
4949
970
4482
2762
2084
2903
5739
1168
4226
99
4484
16
4309
2619
4802
-1
2882
2195
4995
3163
2762
1313
5062
5210
3139
4252
4651
5340
3139
1778
4906
936
1307
409
3139
722
-1
1207
4468
-1
1379
4984
59
1185
3852
1164
3308
482
3818
4470
2193
4250
623
3842
3343
5598
769
1298
5249
3671
2390
1101
2196
1300
5497
5513
4986
4079
3139
3308
3480
1759
4536
5107
2814
4231
4712
3139
3862
2882
4064
3592
425
244
5327
2838
4764
300
1468
2196
338
4000
482
4004
5547
4039
425
425
4200
2383
1307
2838
1123
575
890
392
1756
2285
4571
1298
1703
1776
1673
5191
661
3139
540
5475
1185
1313
2848
4945
1359
-1
2376
785
41
4836
3139
937
1185
2615
2314
1161
2146
975
1230
3139
3870
5077
4991
3810
3139
3139
1452
975
195
4188
1978
3053
3817
3139
2552
2333
3069
-1
3107
2021
3645
5647
1601
5714
5576
1313
243
2420
2465
425
4066
-1
2435
4040
482
938
1222
788
4586
1283
-1
5061
3241
1823
1860
5408
594
425
-1
1465
4992
1472
2574
1427
4272
4602
4692
1493
3580
1497
1601
3139
3003
1775
2470
-1
-1
41
852
2976
3025
469
686
1551
2515
4272
-1
835
651
5028
1619
1634
2731
1230
3832
514
5362
4825
5223
5062
5576
4039
502
590
1601
4332
2016
1219
3094
2187
1058
1377
1167
3675
-1
-1
1076
5587
5000
1144
3513
4332
-1
989
3886
3139
957
2960
3139
5402
2019
1800
3833
2196
1429
3725
1210
1636
425
1194
4373
3129
-1
3875
25
1294
5069
-1
3317
4873
1850
2196
923
1750
3621
2585
1583
1736
25
1298
1429
630
781
1001
425
1466
1307
3039
3222
1465
1583
4497
4393
2196
3966
3707
356
540
5062
3296
1183
4240
-1
3946
1429
3139
-1
1238
2703
2934
5507
4733
1757
2838
1842
579
425
594
1116
5714
3139
4028
3628
2354
1815
3580
5402
1161
3139
-1
4311
4507
402
4266
4966
1044
2103
3242
4114
3139
4097
53
3933
5472
2189
938
3291
2196
1095
46
4571
3650
485
614
3139
5049
1793
2982
-1
2167
3139
5402
3139
4694
787
2189
2196
2756
3139
5714
1173
2261
4647
4764
3139
4096
-1
-1
2328
206
3113
25
1606
-1
1670
5402
2306
2331
-1
25
5062
743
-1
414
5587
2750
-1
590
-1
938
3760
5028
1967
1588
5497
1124
3937
3308
482
1378
4884
-1
5287
25
1635
3139
1084
719
600
3820
2016
4437
2988
3595
1529
1313
5642
3676
1230
4877
2024
3969
5287
275
3139
3067
5062
4801
3139
4226
2406
1453
3974
2320
778
427
2516
-1
5123
5093
5402
1044
3139
4912
2414
3139
2374
54
3851
3672
2772
688
1699
1636
4220
5162
5239
3144
5616
3136
1677
230
25
3838
5420
1452
-1
-1
5496
1300
4720
1028
5062
3139
91
3430
2401
39
4172
923
1780
1313
1307
1793
5431
5385
4693
3139
1450
3139
695
465
1307
2595
5132
3046
3621
1193
2328
827
5402
4348
3625
604
5082
3554
5419
452
2351
2551
2467
3954
5646
4771
4004
2285
1185
4802
1625
1681
4615
1300
147
1307
3139
5472
3238
1720
258
1583
2652
1850
1699
5746
3526
3296
4569
923
1583
425
2196
2445
3510
1591
1012
3115
3954
5334
2220
787
196
5254
5098
1625
3528
3139
808
-1
1113
4807
838
1887
2462
3916
1095
425
1668
545
1588
1513
4225
-1
24
3240
4999
1210
1730
1267
5122
5402
1429
2505
4772
3954
3595
4944
3580
5587
1229
-1
482
3113
3548
5022
3833
3470
979
5587
2854
5003
2671
607
4226
852
3820
5652
834
3139
776
3139
2366
3590
3139
425
249
3139
1796
3139
2722
1777
-1
1493
3139
2486
147
739
1902
2326
3139
5062
166
-1
1931
1195
2860
5497
946
34
1104
4039
3308
4825
4337
1271
4240
1932
5028
1044
5402
-1
4332
2360
923
1631
4514
1776
524
5049
-1
2350
1781
2882
1757
2196
5453
1036
22
5524
2134
2777
3205
2489
4571
-1
1178
5062
-1
4529
2635
3139
3692
4211
149
1185
2872
3067
5311
5742
5304
-1
2285
5087
4978
395
5062
158
1168
211
1056
2390
3139
3907
5062
5087
4197
2285
28
1206
3621
1661
5062
1131
1307
3028
2269
5254
1297
2615
5362
3107
2794
706
1044
5165
5146
911
5616
3139
5170
4792
1628
3139
2801
265
3308
474
4792
2153
-1
425
3615
1117
5004
4154
5565
3072
3139
4790
2953
3670
482
787
4373
2016
4966
1019
2196
3838
2160
1452
1699
1964
5611
951
16
4543
2333
5587
5587
2190
4998
3833
1481
2085
2196
1945
4482
1475
2420
3308
806
1405
890
3139
4111
5497
4455
369
2196
303
2885
4986
1323
5504
5218
25
1598
1546
4998
1303
4857
1428
4720
4493
5271
5742
4840
4004
526
2762
1309
1429
5558
2548
438
2122
703
3069
882
2649
5235
625
4890
2200
1622
1681
4015
778
886
132
2630
2797
5742
3797
4226
4287
1429
1459
1307
5678
3139
182
3986
2285
227
1664
4890
3139
2595
252
25
3139
566
4758
2862
1101
2965
482
5254
5050
719
425
3308
5177
2009
-1
-1
3688
-1
995
4140
2196
2762
4177
4900
4125
3495
-1
24
716
586
138
258
3628
2196
304
5547
177
3139
3566
425
5419
2196
5082
4482
425
3317
1240
3702
4576
5049
586
2285
3781
1354
1482
3066
-1
25
540
482
1709
4993
2156
1288
314
2164
1800
4334
5725
2476
426
5510
4311
4484
4007
556
4721
1992
33
1861
196
-1
5271
5333
3139
41
25
3656
4635
2196
425
4494
1722
-1
1452
5062
2548
3139
1054
3139
1265
634
358
3035
2196
3330
5419
1870
53
975
-1
548
1776
4720
1044
3485
1809
1323
2569
4966
3621
2865
4890
4012
5030
1482
1583
1016
4497
348
1793
-1
1650
5587
1707
3139
4718
3046
2512
4844
77
2390
3139
5326
5493
2382
5587
2615
2206
1269
1444
5000
3003
2762
590
1307
2830
3946
1706
1304
3139
2548
2719
3651
258
3139
86
4048
-1
411
3726
51
1262
4767
3839
4802
5124
2196
288
3570
1462
479
-1
4415
3871
470
4431
3833
1861
432
25
4128
5146
4747
693
910
3718
285
1661
960
1230
4064
-1
997
5587
2825
2871
630
2374
5571
2697
3139
1793
3215
25
2164
4181
5280
1699
3139
540
628
3057
5133
4045
4771
3136
4158
790
785
2588
5683
2183
157
5049
427
425
1429
5062
4039
2285
3711
3139
5013
3595
4226
3974
4865
2660
269
2132
4617
724
-1
3875
1908
4110
425
5313
2314
1427
2616
958
3139
1429
3072
2971
2096
4396
2196
4508
671
3139
4365
4615
3015
5385
1178
425
4287
4154
4572
2578
5378
25
-1
408
1313
2396
4027
2383
1465
1619
5062
5721
1711
1710
526
2364
-1
583
5132
1636
4185
3139
923
5271
3297
288
5384
4564
-1
2292
4129
5587
3139
622
3139
5609
3139
4856
4337
2146
1298
4158
3293
4334
1583
1095
57
4439
1313
3107
-1
2554
4969
1095
2998
5000
293
1167
25
3427
5518
4541
2196
2269
-1
4966
2057
5563
2029
1405
3136
4966
3485
4280
4852
1427
484
5674
2008
5721
890
1101
4763
2383
5087
190
1429
1697
425
1269
2669
1313
1157
482
2195
4332
3485
2781
2249
3507
4396
2748
4548
-1
4431
3238
2829
1244
4561
1291
3139
3520
3364
4226
448
883
2890
41
3139
3139
719
1215
4517
2245
1434
4082
-1
3191
4004
3427
1307
4718
5336
547
4746
3878
1681
-1
3676
4328
526
1016
785
5402
3308
1945
2762
1583
787
5402
3004
1945
1963
482
3369
422
5183
4458
1327
1408
1888
1261
5269
2615
4015
993
1583
1184
1370
1095
1307
4777
2149
3139
5699
425
1445
934
2196
2196
561
2164
5183
5612
2673
2321
5062
-1
3139
2762
5483
5202
3113
2615
425
2196
3887
3446
1482
1899
-1
852
3139
5286
2146
425
307
3657
5160
1579
3768
5402
5183
4092
1405
883
3074
425
860
425
526
5410
1598
630
2383
1313
1315
425
3139
5402
1083
-1
4287
4332
4352
16
-1
1036
1261
358
1541
2196
2873
2280
5254
3335
5471
4654
5497
4039
4430
4598
2196
1563
2997
1997
425
4919
2066
2802
4158
4891
5313
3480
660
3114
3139
2195
3139
1427
2083
2285
3480
1776
3164
4156
2196
1228
5402
875
453
3283
1352
4944
3502
4771
3800
4884
3898
25
2196
3294
3768
5061
4007
1100
-1
1429
5733
3308
2630
3480
4855
425
3139
5712
3188
4564
5433
494
4332
-1
1307
4802
73
4200
1433
5326
3139
4802
1918
3656
127
3468
1539
-1
4390
3308
4431
2666
1452
482
3240
5443
1036
3140
3467
2122
1201
4245
3139
195
-1
1315
3139
2364
5587
1737
2196
391
3772
5046
2016
5225
1407
5235
3407
3581
4181
4833
5418
164
2269
2615
5687
2285
3621
-1
1155
1578
5333
3044
3496
2200
3439
1313
5402
4356
5075
2036
2851
1588
1044
3286
4226
2762
1069
3039
4039
1036
852
4039
2929
695
5094
4098
3308
3139
2390
2619
3139
2686
1971
3139
323
1354
2135
4238
3088
1269
1821
4720
-1
1699
1307
4277
4809
147
2076
288
1793
1082
5210
3873
3569
1706
4900
4365
4038
2200
2038
1210
1016
147
3139
3369
3139
3308
3828
3308
882
3053
5587
276
411
448
4883
5576
5508
4188
4718
280
1861
2113
2196
2763
2196
25
4689
4669
4420
681
3592
2524
739
1858
4183
2283
1044
1572
1254
1313
-1
25
1172
2994
4869
2365
4178
5277
4200
2153
2476
3869
4615
2901
2376
2204
504
-1
1044
3822
1081
2762
3830
2122
4638
4287
5067
1468
1475
1183
391
2196
2882
2196
3672
1496
1131
2122
5362
2160
3875
4497
5387
5402
1327
5521
2185
4966
147
195
5402
4713
425
1405
258
25
2882
3676
