2196
4787
5518
5402
5235
5402
2067
5100
4927
425
4065
1395
5402
3139
2286
2196
360
5595
1016
5104
2974
4065
2150
3572
1704
2067
4585
2073
3139
5327
448
4616
720
3139
195
353
2196
3308
2092
739
2561
5009
4438
3289
4900
3139
41
1594
4730
2333
276
4065
5374
4966
2882
2196
778
5486
4253
4720
3154
1661
5466
1004
5588
3476
938
5402
5410
5354
4065
1723
2073
425
4466
1411
4515
5062
4966
41
2196
3579
2103
5410
1011
4900
2825
258
2182
5155
4065
5595
2196
5402
2183
2285
1487
672
3139
3174
4934
5687
1425
1350
3689
2390
2196
4287
5293
1944
3676
3163
4158
1571
640
4662
2196
4065
4539
3959
5352
1794
5143
734
4099
425
640
52
3658
118
3308
1583
2200
2693
5280
1301
4078
1699
3139
1116
3387
4825
3139
4378
3708
3308
1752
1307
425
242
3139
2333
2196
3174
1106
1876
1407
4731
1902
2248
2414
2081
1811
4563
1616
1496
703
5566
5621
3653
540
3337
3946
5140
485
3363
3139
1070
2150
3596
4975
2243
2974
4487
3427
368
2882
57
5111
3308
2021
5691
3667
1868
5594
2719
5587
1300
5402
1401
3139
1072
1996
5655
2285
2809
5695
1391
2401
1954
324
1976
4644
5497
996
360
5111
4833
5402
5111
945
1680
3448
4087
1157
1050
2196
2267
1480
3738
531
5545
2196
5402
3139
3139
263
483
1954
3308
4265
25
556
57
5402
494
4822
3118
57
3139
25
1876
89
4188
425
3376
3614
3503
763
640
5545
4065
3139
1841
5111
1598
357
2762
1720
2306
739
5587
1016
4039
3497
1362
1969
5087
2068
2326
5254
4188
2288
25
5177
2489
1925
25
1828
2243
1337
1452
4763
4378
5271
-1
2503
5153
3387
784
2251
3781
1462
1313
275
1352
4877
1819
425
3874
1168
2499
2150
1848
5587
2364
5486
3139
1452
2154
3448
2196
3457
1019
4465
1307
3139
5402
1352
2354
-1
195
3448
3621
5254
485
2243
3887
3904
3289
4900
1410
474
425
627
5497
3676
5671
4226
2623
4654
1552
2285
3308
2583
4769
1661
1095
4158
1427
3139
4181
2196
2591
3308
4079
294
2825
4771
2150
1787
3875
425
4411
1167
2531
2285
5513
-1
2665
3003
5313
2762
2029
3634
3457
743
5545
5499
2150
4572
2285
4420
1824
5587
5152
3591
4287
5254
118
482
3139
4771
2720
4822
4890
1816
2949
1619
3423
3308
3139
1079
64
3308
4831
2469
2150
425
3308
3139
5642
3139
5119
3383
520
3821
2016
4109
1849
5254
1468
1307
4966
1342
3139
16
127
754
4265
1530
4173
5611
2825
1307
5163
1445
640
4209
4525
1897
5272
425
1040
4564
2196
1811
5466
275
187
2285
1840
3139
78
2410
2314
1160
4905
5111
2196
1331
425
3676
2619
324
462
3139
440
2984
4206
2096
640
41
1085
389
4662
4884
4226
5319
1028
4829
5402
5561
5500
3623
2720
3682
1665
1873
4133
2779
5271
285
834
5384
4225
2150
4223
5587
5085
3139
4210
5062
2825
5444
3393
5136
3676
5471
275
382
1976
3139
1016
3840
3139
1931
1842
4065
645
288
4158
2838
5133
5088
3382
425
3139
956
3254
5176
2150
-1
-1
2200
3139
465
761
4132
704
4497
1178
483
5240
4226
2105
1270
425
1876
2200
982
5495
5587
5566
485
446
3308
2949
2761
1238
4628
4132
5692
3335
2903
4825
1932
2503
3870
1972
3139
1398
5271
2119
5111
4616
2911
1681
4103
5576
1429
906
2441
1608
4566
3482
2043
2196
1721
2285
2196
403
5528
5194
776
5077
1269
5009
5587
3837
4490
3377
2949
3505
5457
5288
508
4939
2882
5497
5402
117
2813
1876
419
425
2615
5271
2685
2153
5185
2196
9
4053
5257
1231
1054
645
3499
2236
425
2243
640
2196
5595
156
1178
2977
2873
5232
4215
5156
4662
2290
1429
4506
2293
25
4776
1482
5402
2619
3690
1224
4946
3139
561
5232
751
938
623
982
4945
1823
-1
5047
2898
2196
1944
494
5587
482
-1
4966
25
5558
5402
4226
5497
5402
4905
2196
1073
1443
1496
3259
2957
5729
3040
590
2245
2390
1588
1323
3448
2307
3139
2122
477
5720
4280
1811
1579
41
4903
-1
249
1443
4998
4654
3139
5086
348
918
1093
5160
2544
2084
86
2122
732
1307
630
1691
3448
3139
4215
2067
866
2780
360
3562
2851
25
4019
4215
34
425
2697
3999
5497
3579
2691
5250
5062
114
3240
227
4158
127
5067
5554
4876
3138
5576
1137
3032
540
2841
-1
5313
425
4795
147
25
-1
3139
3163
2390
3796
1019
5012
496
2762
823
5085
64
2122
92
482
1480
3334
4711
4890
25
1990
425
5269
2720
64
2330
1480
485
5491
2459
2799
2615
1664
2843
3568
2105
1552
4763
2849
2200
539
2184
5326
4158
3027
4053
5402
2067
2949
5278
5402
3416
5402
5402
1480
2015
1054
2762
5544
1200
1184
4951
5445
3829
3139
5497
1172
3392
1470
1958
640
1681
221
1632
-1
-1
3139
1016
4010
2252
4945
5729
1810
5133
834
1138
4890
1903
3880
4771
2246
3139
1429
5288
3139
3139
2609
3139
5171
3139
3242
5402
1044
2084
25
4945
3139
3657
425
2886
754
1044
-1
5402
425
3800
4798
-1
4893
4616
425
5077
3682
3139
4134
2196
3095
2957
1429
2326
5049
4908
4929
-1
3269
4717
3139
4265
254
4662
4438
1313
1269
3621
3074
1313
1157
1876
1429
3139
2974
1099
5402
4770
4049
2691
4400
3139
4366
539
1276
299
3308
2096
5595
5104
2724
127
1243
3825
3139
2016
2762
1794
1480
1331
5111
4827
425
249
-1
4649
680
4493
383
1996
5062
3746
2364
4420
5467
1851
3880
1240
5062
258
4226
876
3074
3752
1273
4808
3308
3389
5466
483
302
-1
1845
16
3334
1945
2394
1003
2150
1664
3066
4378
1616
2975
2694
4194
547
1616
185
2523
694
-1
3139
2463
781
1240
5111
5518
1298
5165
3377
5250
4007
2906
-1
2849
4562
5426
5558
682
3139
1595
469
162
1240
2761
2052
2645
5254
1207
4753
3139
2776
5085
2096
425
-1
5177
3458
1869
4905
2196
1157
1401
750
3792
5402
1928
3482
-1
1427
1313
640
41
2243
1273
3540
1470
3139
2189
3139
3215
3621
-1
3835
3040
3946
3455
1715
651
2269
5741
41
1254
400
2849
4390
4039
2934
556
3139
5037
591
1429
1775
694
3139
2191
3139
1016
3066
3462
3139
4463
294
4621
4567
5387
1195
1168
4669
1243
4848
4421
3723
627
2973
5195
2091
25
1347
232
5111
57
2285
1429
79
3363
-1
2115
3308
2562
3456
2720
4486
5254
-1
425
5087
3763
1427
5062
1095
232
4132
3212
2149
1370
3139
4295
5049
2943
2762
3139
1044
2899
3534
3749
5125
3139
4856
4912
787
594
3676
-1
5542
5402
2892
594
3308
936
638
756
3650
2949
2328
3835
626
3497
-1
5730
719
3139
3439
3079
674
374
5333
5587
1699
4484
1213
1366
1168
1598
783
465
3095
746
5111
1429
4538
2719
3139
5521
1714
482
5353
-1
4019
4815
2196
5347
482
5497
1313
5491
4226
2390
1425
4877
4014
2697
2010
2285
1601
4997
25
80
2243
5122
3711
5153
2165
722
3317
1313
3990
2084
412
109
1376
2285
1664
4290
640
425
425
4616
2825
1665
1184
5232
2326
5250
5402
3591
3003
25
2297
3428
3887
852
1888
5022
4893
566
3474
4065
521
1429
1794
2285
4576
2768
4226
2920
1336
3800
1171
3740
2267
4884
1443
2857
4122
3880
5431
1054
5087
1044
3183
3666
5402
594
1844
1822
1178
5289
3139
-1
5587
4884
1600
5497
1699
2995
2194
1936
1366
1536
2948
689
5647
2285
3977
3139
2285
2724
1850
2101
2196
4226
4226
425
628
3334
741
469
3483
482
2974
1178
425
5254
1831
599
1722
888
3086
263
5123
41
5062
4188
521
5566
353
4225
1601
4497
1876
275
428
4332
2124
220
5015
5600
918
5142
2243
3308
1178
4771
920
4390
4718
2469
3139
3585
3139
872
3139
832
482
4577
482
316
5162
2150
1269
-1
5049
1083
945
4717
2548
1095
1116
2853
1330
138
2196
3862
5733
4523
3139
5566
1106
4265
-1
2372
92
2200
2585
2762
4397
1466
3139
1429
5384
2196
2390
2891
-1
946
4224
2589
3840
710
4567
3074
2196
275
1071
252
3114
4515
227
3139
5574
5581
3139
1673
25
3093
932
324
5714
3139
1429
3139
2189
2786
1465
3485
2199
3139
2540
177
-1
4903
3723
473
4092
5528
2196
2326
1016
2285
4844
3139
5587
3530
4196
2196
1019
3000
5575
425
3139
3887
367
2638
3258
3212
5518
4259
2196
2321
177
993
21
5333
276
425
90
3158
448
2489
227
1567
2842
2255
-1
2406
3139
304
5221
-1
5326
5062
4901
1793
5729
1945
3543
-1
5140
-1
4564
3752
1480
5402
1465
4287
3139
-1
3875
2263
195
1044
2706
3139
4900
2957
4626
1054
3591
2873
2285
835
3589
4529
-1
3296
1477
25
3788
3308
4047
2196
918
2601
4713
2369
2218
1583
5747
4973
5402
4222
3838
583
1379
68
1273
2282
2196
1588
2593
5547
826
2762
4529
3139
1429
719
425
4082
2285
4720
2834
5049
4836
2196
195
776
4539
1307
5599
2691
4945
3725
1583
1204
1168
4549
5695
314
2257
2084
1106
18
2285
-1
4713
2164
3621
4158
968
540
1178
25
823
594
482
1601
3308
1869
556
2531
4287
5587
7
4975
2762
1016
3592
3377
36
3087
3752
5402
1636
1679
3139
-1
4164
3139
261
2196
5051
5726
2650
4390
5729
5744
1157
1429
3634
2390
4890
5313
2333
3933
5740
1069
5160
2195
2583
2975
323
5122
5288
3803
4913
25
4270
3289
3139
482
4662
3139
3591
2619
5049
4219
4215
27
5049
-1
2382
4213
4905
4986
5019
852
425
688
1313
4316
3779
16
275
4718
3003
3945
1601
92
92
2517
1425
5587
4564
1166
1429
3139
3595
4482
2122
92
4225
5605
1429
-1
4848
1016
5457
5738
2998
4881
594
1939
3167
1692
4444
3139
2989
2372
732
975
56
3534
1351
4834
5077
4226
918
4412
41
4405
5012
400
5402
1322
579
3308
5430
2813
1273
982
2285
3814
2084
892
425
24
3558
-1
3308
2304
3621
4417
1030
4453
4966
177
356
5742
3097
4576
3139
227
2285
2132
5505
3238
5600
4675
3139
3629
4893
3139
640
5111
3996
3003
3979
4471
937
1313
1160
3139
3809
3039
2196
3676
1095
2828
113
1619
4158
5049
508
3308
3928
3139
2287
1185
5153
425
5248
1606
3593
92
918
4987
4844
5518
3139
1185
2191
972
3097
3139
3136
2762
4392
5111
4232
1647
2578
2637
2285
4961
2150
4100
275
1979
4538
482
5497
1913
249
5085
1307
3621
4616
5163
4937
4226
5733
3139
2706
1003
2659
2196
5254
3875
2355
1407
1040
3613
473
3838
2285
747
4229
1016
2837
5278
4390
5402
2122
2220
5497
-1
4833
5402
2949
285
2724
3139
1095
3676
3433
3946
3653
3139
4158
4226
4017
2196
508
1307
425
5225
5637
-1
1876
425
1583
743
3139
4884
2087
3139
3027
3534
962
1480
4088
1178
2285
1307
4393
3139
4209
5400
-1
1480
5326
2196
5173
5571
2523
3139
2662
3240
3139
5402
1095
1429
5378
3534
3072
3949
5062
1042
5662
2285
1993
5571
1226
4196
2933
3139
4742
630
1167
3829
4197
1876
59
2376
3072
3082
2750
5009
3325
5671
3389
136
4148
-1
465
5469
5454
5737
5457
2697
41
5062
3115
5287
1928
4912
3691
2574
4437
2354
263
3651
5213
2615
-1
3762
5402
5402
2161
2196
2762
923
3895
5133
1307
3003
3139
1179
4039
3689
5006
249
1836
5402
865
1892
560
4905
2164
16
3877
2569
3427
4222
4039
4529
2306
314
823
3238
3244
739
1943
2619
3139
3139
2615
2431
4222
5714
4313
275
4912
1775
1050
4887
3238
990
3887
4912
4890
2668
2815
2200
3829
5271
5062
2196
1298
25
630
4634
3920
769
746
1388
785
4616
4834
2615
545
591
3800
482
482
1313
4017
1313
425
5156
4315
5587
3115
4226
25
1554
1360
5200
425
477
2619
5281
569
2619
5572
139
1793
225
409
3800
3240
3139
2619
3581
5177
5123
177
5405
3139
258
3499
4497
5049
5652
4497
1462
3839
2911
2196
5062
5402
1298
2372
5522
5706
3139
1874
3082
5714
1352
3221
5650
-1
3139
4215
3139
4412
3682
3534
2949
1664
3618
1106
4158
5505
2196
5228
3139
2516
823
4956
3139
1230
1405
2027
5487
2286
5491
716
5402
5140
533
169
2853
3270
1405
-1
5133
2194
25
310
2084
4134
1101
2813
4944
1313
4688
1269
743
3139
384
5062
2191
2285
583
3641
3139
1185
5650
1994
5077
2285
2883
5588
2196
2873
25
4393
1897
110
227
1429
2333
3334
2196
4654
3222
1661
5474
3139
4842
5671
4373
425
195
1210
4195
5384
5554
4977
4497
4529
1313
5540
2121
583
2891
4448
2882
3643
2376
1234
1319
4848
2615
5744
1427
1016
2092
3139
5402
810
5642
5037
1727
4580
1538
3177
4392
1709
5642
5111
1304
5502
4
4025
3139
3139
5497
4039
1298
-1
2958
3139
4630
1831
5430
185
4270
4039
529
823
1225
4315
540
3003
1897
1608
5395
1352
5674
3880
961
2619
4478
354
1558
1883
2122
4720
195
285
3676
787
5595
5254
425
3139
3634
5363
2269
482
3506
425
1240
5729
3767
1777
5628
1101
25
3772
3528
41
5518
4718
-1
5402
3086
2285
4945
508
336
833
2950
1294
5400
5576
2834
5213
3139
5419
2746
2096
4822
5733
2196
276
-1
3401
4369
383
4497
4209
754
1661
852
3139
2762
5502
3139
1354
5472
2153
4944
5393
4196
1044
425
4945
3218
5547
1388
640
2934
213
3284
4934
1486
3875
5062
4412
3215
3139
5177
3139
4181
852
2200
2384
5547
3139
1832
5703
1648
4718
5271
-1
4890
3139
2279
2902
3139
3786
1588
5598
2330
5729
3139
3903
3606
3057
3139
3334
3713
1168
3139
1168
304
1874
2196
630
3139
2285
4787
3086
2615
4386
1601
4654
5486
4633
5140
1269
1856
1352
3222
2189
716
1405
1269
4606
425
1673
1323
3264
1298
2196
2834
209
10
2113
258
1945
4428
5576
2174
2111
3975
4743
4373
425
4688
4833
1354
5062
3139
1044
5313
974
2153
1636
740
4720
5269
3875
2306
3139
2355
57
3840
1577
1137
3139
2167
1699
680
572
4304
1692
2809
4912
1764
5518
800
2619
1429
2615
5087
4269
241
4226
86
3069
2819
719
2957
4975
2196
425
3534
4959
5213
1541
4107
3139
2016
5703
1388
2200
3641
5402
2975
1462
3518
1601
177
4222
3815
5357
2200
5695
2629
2833
3139
583
3139
3996
2468
3095
1856
2084
425
5133
2196
1586
4945
4519
41
1876
4158
3469
2957
494
4487
5062
-1
3884
5402
3139
3852
2972
4482
5587
3444
3139
5671
5733
241
3104
3448
4381
3390
-1
3283
2196
-1
4890
25
1462
77
3520
3139
4390
4825
1117
276
425
4815
1699
25
5269
1429
540
2367
5232
2882
571
25
3177
3038
4226
716
5015
242
5587
4661
4856
425
4039
4147
2638
25
4654
4688
2196
1529
2200
2372
4039
4819
5286
2084
1793
4386
1636
2552
5714
5413
4007
-1
3057
425
3139
4195
1307
4250
2200
5087
2724
3238
227
-1
5303
3987
2228
2374
1452
1722
3781
3428
4569
3028
4662
1820
632
2825
3528
766
4986
1443
770
1601
982
18
5111
2285
1300
1206
4833
3139
2283
1564
3538
4215
5037
2151
5545
3093
147
5587
241
-1
425
541
613
3139
3055
5402
632
2354
4807
4158
5062
4674
3538
3963
5650
25
4787
4238
3139
2281
3308
1238
4383
1495
1681
3684
4158
4118
1673
938
4601
2200
1935
28
4633
5451
1189
3042
4371
746
25
2474
2325
3864
2539
1414
5078
4327
807
3752
4695
3838
3738
3308
3869
1598
1373
1388
3057
3139
-1
536
425
5062
3139
4196
4893
4488
2462
540
2248
-1
2285
3139
2825
655
4280
3139
329
4763
2285
3621
-1
5049
183
4944
5471
5547
227
1273
1931
4884
1405
227
594
4753
3875
1054
4884
1313
425
1185
167
5726
3833
1793
938
127
2813
5289
4566
2102
3621
1054
4497
3623
5644
2269
2162
1798
906
5671
1709
5499
4573
3139
5576
3538
410
3203
4884
1342
1405
3240
2376
378
3757
648
4718
508
3139
4929
258
1083
4337
1274
4371
2364
3676
5263
-1
4280
4771
5254
3139
4226
1054
36
1583
5641
1157
5313
1480
-1
630
1804
5087
2276
4854
2383
5405
3153
-1
1313
2122
5152
4615
3714
1885
1996
4645
3687
195
2121
3838
-1
4280
980
4480
1016
481
1636
1405
2081
1307
1230
747
2462
5156
1171
2958
4390
482
5499
5104
4615
2196
195
1435
5512
258
2196
1601
661
425
2420
1681
1830
2140
3139
1152
2975
2863
1601
227
2370
1811
1101
1796
1230
4158
5612
2196
4039
3115
2905
4886
425
2196
2196
3139
1313
1320
5429
3330
5545
25
1016
2096
1479
1601
338
2333
2196
5714
1796
3139
2665
2383
3003
4966
2615
3139
1931
1606
2825
937
2102
3080
3139
1331
685
4763
1465
3139
5547
3878
195
1768
3187
2023
5147
425
1298
5062
735
1601
3873
3592
875
746
5183
5340
5130
2224
4433
3139
4394
2360
2314
2777
275
893
1168
4412
5165
3406
2957
4643
5133
4890
53
5336
4017
2615
800
4332
2762
3139
5402
3139
3337
3745
4564
5695
639
5466
3875
2196
4691
1604
1699
3838
640
2762
402
5213
2196
304
5545
1546
1462
4226
2619
823
2327
5343
2196
425
-1
3222
2792
3518
3875
955
5475
5022
26
1407
3873
2196
844
1342
482
5558
425
3139
3086
2691
1277
923
3051
4833
2196
2200
2825
485
1307
1601
5466
5466
1601
5471
5419
1206
4787
3003
2813
41
3374
1725
1504
1404
2372
-1
1636
3028
2127
425
3072
2196
95
3218
5254
599
49
275
719
630
4373
540
1692
3462
1044
873
77
1474
4713
3264
2267
425
1949
3162
1244
2911
946
2562
4398
1307
5491
5431
1152
800
560
2205
3139
1087
255
3072
5681
320
4807
3288
25
591
4890
3848
2126
3144
4631
3689
3139
2196
2332
5370
146
4998
5134
2499
5155
1429
-1
2531
4444
583
258
5664
3139
3561
5293
1054
5497
5671
2266
25
1307
3021
4529
3875
1699
4945
3222
3849
5491
4226
1294
2055
1588
2130
2243
2813
1405
1583
1692
25
16
4941
-1
2998
736
1570
5555
5451
3334
425
4771
1121
4890
5671
4611
4743
4802
5457
3139
3308
3822
1830
3139
5714
1438
1307
1903
4371
513
4134
3996
3139
2949
2164
2196
810
1269
5179
1297
1193
2196
5466
5384
425
3924
2257
1429
1148
3139
4336
2196
4158
5126
5555
927
2618
5587
5471
1714
5062
3139
5644
-1
3875
1073
4265
1601
2285
2196
2196
389
4890
4315
3676
1313
3308
5411
1307
3880
4086
1665
4039
2838
3139
695
4036
3688
2196
2825
787
3676
1110
425
5085
1465
4488
2333
4007
3470
2385
5224
4415
4153
4373
195
3493
267
3875
2163
147
4348
1791
-1
1710
63
2551
3258
2051
2196
3139
2200
5402
3427
1354
3392
4408
5573
927
2084
5671
547
5728
3317
2350
482
4489
494
2531
3562
3192
3878
378
1273
5062
4280
1782
3308
2327
1095
1601
3875
2127
4158
3139
127
4497
2285
2285
2296
4226
2390
619
3318
3447
3830
1429
2813
1498
25
25
5662
758
508
2958
315
3931
4598
4890
1298
1935
5164
1800
93
3923
3139
1298
2890
1583
41
119
1722
4188
1902
5055
3139
2412
932
5089
4053
3139
4947
5647
2200
5652
3800
5226
4986
1603
2354
4371
5402
3506
4654
3139
4890
2645
1406
425
1016
1320
1465
5254
1405
4437
482
2795
4065
4497
1388
131
1796
3996
4735
4898
568
5600
4
4393
2196
1016
249
1486
2279
2863
3139
4065
2097
695
1843
1601
1765
3069
4017
1588
4397
-1
2420
4007
4196
4966
4654
746
4626
4720
630
5466
4651
2196
2612
3160
3139
5585
-1
-1
2196
234
304
1274
5028
1016
5491
1681
4879
1185
2724
5548
705
4106
4521
4408
3240
5340
2882
1314
2285
2975
4586
3139
4945
5714
4226
618
3401
4660
59
3887
4763
2856
2474
5374
1161
-1
3621
2850
4966
591
444
2196
5039
5043
4265
4355
3248
227
5598
3115
2697
5433
1472
4945
3730
4890
3717
25
1294
1945
3435
4890
4330
25
4134
2517
2370
3136
5075
389
425
1967
2957
4229
4665
373
5140
1168
3139
-1
477
1601
3139
3027
425
482
1675
3240
3126
5385
2285
4615
457
4007
3621
4373
425
66
2762
5322
4232
2326
1011
633
5405
3355
3621
4945
5133
3139
2762
1307
3139
2067
5402
2762
594
3673
485
5402
1044
2149
425
2975
2333
5007
1465
3887
2164
721
425
2958
5088
4039
1083
1935
1407
1570
2243
482
3064
4127
5176
540
3003
2200
28
1570
1949
5491
5605
923
2269
2122
391
2975
1699
4860
4226
2196
3139
1230
3676
3682
5110
2197
41
3413
5413
2122
191
3381
195
1916
1479
242
1161
482
5062
1763
3139
326
4315
1506
5505
5587
425
2813
2626
2146
3629
2196
4280
1664
5268
2372
1897
1350
2122
3715
3046
3003
4945
4567
4145
1297
127
1782
4720
3288
3426
2619
5587
4238
5133
2388
2380
4695
-1
1852
2016
3139
5028
5402
3738
3676
5699
1185
1579
425
-1
214
1975
3676
241
3516
4998
425
4330
1307
3676
4158
3238
195
1331
4438
4998
3139
4183
2167
241
4128
2332
2463
1019
4378
2376
3139
1472
41
3682
2619
425
1297
2196
3875
447
227
172
1044
1429
4713
4959
1722
4997
2196
-1
82
503
1269
3838
3139
594
3800
427
2292
3139
5402
3148
787
4705
4497
4890
5629
1016
482
1583
3875
2200
2825
5402
2781
2383
1056
1793
2149
4536
2156
2854
4905
3139
4482
3696
3822
5616
1307
606
1003
2998
632
5497
3682
5552
3240
5061
937
701
586
640
1152
5665
3246
5010
2453
2269
5402
425
195
4070
4332
3139
146
5491
1313
5452
4508
5402
4280
3841
2903
4263
304
2196
3046
3139
2196
5183
223
5062
485
3830
5402
4511
3162
4332
1074
2285
496
1073
2019
1273
162
5723
4017
5062
905
2971
2095
295
3841
4353
3269
4763
111
1776
2662
5183
4471
3230
5584
482
425
482
3730
4226
425
2269
4347
4158
5576
545
1594
2124
2266
2285
1631
3139
754
4587
4825
1874
2146
3139
425
5472
1504
5475
284
5472
4905
3822
3139
4966
4800
483
3049
3139
3402
5276
2586
-1
4664
4373
1137
2196
2374
3366
1879
4307
4450
53
1183
3707
3139
4965
482
2304
4945
5164
425
33
1776
4226
4998
2196
5726
5497
1323
3041
2196
3369
1601
4368
2154
4158
3238
5497
1949
4373
1811
2064
4373
2382
3887
1848
630
2575
957
4720
3139
4848
5322
4039
3717
5251
5233
1482
3949
59
5049
4089
598
994
2615
5062
4968
3139
2975
4436
1206
1307
719
923
1705
787
924
4070
5671
3768
1601
4690
718
2838
5587
281
411
2813
1722
719
-1
1508
62
3931
2338
2515
3800
5497
3887
3017
827
3074
2285
4437
3074
5250
223
787
3139
2196
5133
5547
3735
3099
2998
2633
904
2515
4853
4497
303
5650
1681
5576
3139
3624
3875
670
3139
1839
4884
66
669
3377
4298
2059
1262
1362
1637
275
1502
5402
1269
1230
425
3000
1580
2196
1465
99
2390
3029
5384
5497
2413
4188
2838
4892
2266
3139
2975
4067
324
3139
425
5586
5471
4966
5530
1429
2894
425
1830
5136
425
2724
2615
4005
-1
5062
3139
52
2751
3071
4
4534
460
-1
4602
1307
2508
5387
2102
3003
2196
2269
4717
1116
2093
127
2455
4238
229
2378
2164
3621
2122
425
4392
425
5062
1583
24
3139
4884
4966
4847
4225
485
550
3980
4182
3139
2615
3139
675
3139
1699
1624
5284
3139
3676
268
3289
4763
-1
3190
2328
2723
5129
2600
2084
800
3682
3676
1298
4965
3257
2042
4194
3386
1429
4022
876
2848
1922
3308
1339
3041
3592
1611
195
285
4222
2069
2174
-1
695
2698
332
1456
425
1405
2762
5191
2321
1443
4420
2285
2196
333
2122
3820
4742
425
5576
2130
3211
560
798
482
1636
2751
4008
2474
2724
4793
366
5566
524
1418
3103
-1
3308
1512
2196
465
5155
5621
3231
2366
5313
5077
5671
1431
1681
425
5336
25
3358
4188
5587
4945
3223
3983
1355
5276
2124
25
1692
5062
4945
438
3550
185
3317
1210
25
482
1185
1588
5668
127
1782
4890
4092
5139
1465
594
5538
3139
1352
2674
2195
2196
3139
2724
3139
1607
4827
2633
3090
5583
3139
2349
5214
3967
1405
11
4104
1405
5133
1405
3456
5644
503
5402
4814
258
4998
304
2067
4792
1444
1012
4914
227
4718
1636
179
2122
407
425
2196
254
2097
425
934
4195
5402
1287
425
1331
3139
920
5398
1850
669
5497
1618
4046
3682
2266
-1
5062
4555
3296
2762
1902
3139
5598
4383
3945
2390
2187
2999
937
5729
391
4014
1480
2516
2688
5538
1125
4287
993
1472
5232
2146
3069
3800
521
5060
586
3115
1702
4966
4944
1269
2974
5457
1661
2196
4226
484
2619
1699
2196
3445
33
443
1546
3993
5111
3139
3069
3139
2462
3838
2762
3051
536
4630
2164
485
2533
-1
4438
2189
5569
3615
1076
3270
669
1821
3192
1751
800
3164
1323
746
5584
4771
4039
844
4615
1384
425
4723
4797
3139
4348
2762
4733
1800
3467
1809
4110
2164
452
3422
4471
5419
3887
3479
4298
1405
448
890
4188
1583
3875
1172
1452
3787
4890
425
3139
2007
2267
5062
5487
1371
5402
237
4720
1192
827
923
1007
127
4259
1405
2619
1044
4487
3139
4611
5062
5156
4374
2866
5106
4307
4619
983
3592
1429
3289
1178
2196
4192
3538
3139
4438
4014
5687
5198
82
2891
-1
-1
2315
3115
3896
5402
4781
4456
3991
294
2113
3238
5195
719
1570
1283
4158
4635
-1
1506
2112
3139
1788
2751
3460
1429
214
3051
99
1304
243
2724
423
1989
4582
4048
2146
594
2206
3731
4720
2841
4356
25
4305
428
4654
1935
5196
3257
1023
2196
1288
3875
57
1793
855
2447
1104
5538
710
2196
2724
4390
4521
5595
4959
1636
2949
556
3139
719
2354
1601
3676
4966
3308
4255
1017
1178
3887
957
4877
4998
4225
1019
2255
3139
2606
3139
3115
4969
555
3139
4209
3419
474
482
25
5062
4890
5558
5695
3616
2327
4371
1083
25
4672
3165
1407
4513
25
5062
4645
4831
-1
4690
4188
1194
4976
5364
4399
3188
3621
3139
5049
907
2189
977
4929
4453
4912
3688
5111
2414
4039
5333
4848
4315
636
4497
1535
2195
3875
4385
3610
462
5085
5345
3139
227
2390
1722
444
4534
1302
138
486
5733
4014
4194
3994
4043
4039
2400
5725
1465
2724
5022
2944
4371
852
1636
3825
4280
1083
1313
2813
5436
4192
195
3107
1184
1407
541
626
25
425
1283
254
4390
1625
53
3378
3139
1737
227
5448
3618
4720
2834
2569
2196
5062
82
2196
5062
645
1244
2285
5166
2462
2194
1429
2269
4720
3717
2801
4373
1927
934
5200
4963
1444
2285
1429
425
4945
1331
5384
2269
1465
332
3676
688
5587
2619
1660
2011
2846
5402
2189
2122
4713
967
195
3177
5068
46
2122
2285
5062
4158
3931
211
2652
3400
5587
2762
2612
1426
5304
5686
4986
332
3139
3139
3991
4791
425
-1
42
1724
1152
1793
1384
2029
639
1452
3139
5426
1239
3296
630
1958
3539
5094
1016
4226
4564
5402
882
3139
1961
3840
3887
3149
54
1313
4134
1809
5698
3242
3210
1249
5318
2196
541
2637
92
3308
5362
3830
540
2285
4624
425
5133
2645
1018
1796
3139
59
964
3139
1012
5264
5177
5119
2682
4513
1561
4159
2924
2374
2269
1681
1429
2153
1044
1424
3139
3139
3139
3341
5402
2813
3139
1334
4598
3832
2951
448
4390
4215
2673
5598
5155
5117
183
220
3396
4506
3439
3377
3139
1339
11
1429
2196
787
92
5547
3591
787
324
2285
4736
4944
472
4158
3308
618
482
3759
482
787
681
4489
1429
982
1405
4007
2196
2076
5142
1230
5671
303
1608
2772
5108
1986
2325
2949
2364
2099
177
1429
3139
5140
1407
605
1405
3316
4923
540
5271
3000
2825
3139
594
4998
5062
-1
3139
1809
1427
718
5616
1601
2882
2160
2825
2762
5695
4039
2364
1597
1073
2921
2390
-1
5648
2257
4
494
5424
1575
2440
633
2200
5573
1931
3274
2384
3346
4240
4646
2146
1362
4
5654
4642
3139
1579
2217
787
2285
2871
5164
3061
5210
908
3139
2453
2949
2197
425
5387
3820
3315
3308
4392
5650
177
2813
4986
4747
4202
4890
2627
2196
2435
2245
159
5087
4287
5160
3139
4469
1405
1157
3145
195
3592
425
2333
3157
556
3046
1194
5596
2742
933
1427
3768
3194
119
2724
400
3046
4718
739
2714
1405
4763
1405
2153
425
5292
2332
1230
5732
1788
3789
4209
4188
5232
5402
5218
3800
5402
3587
2085
1128
5473
3139
3919
951
2196
2939
2051
2241
3243
5576
3139
2838
5587
3028
425
2196
227
5592
2615
5028
5402
3916
3581
3139
1185
2865
4038
5485
2196
485
5402
5138
3139
535
3177
2882
3139
425
3139
3641
2462
4998
5062
4181
2911
5123
2333
4890
3875
3485
2302
5537
3139
3139
1914
1984
5254
425
1304
2333
5740
24
1776
3361
1313
1664
119
1429
2029
1095
3980
312
2557
3003
425
5062
3139
2345
2697
5690
2122
1156
1224
2285
1588
177
5707
3139
4929
2153
3255
3072
1601
3066
4125
2993
1885
1680
5062
25
3773
5015
1583
1830
1958
739
1506
4825
1185
177
2659
2365
5616
4998
975
5313
3616
4226
540
1465
927
4978
5362
3069
5410
2768
4835
590
5271
1434
3139
5387
3240
3139
5098
2603
556
5587
3968
185
-1
1161
4847
4714
3595
2326
3139
5714
476
1471
5279
-1
425
-1
425
4371
2196
2196
245
2477
4188
3989
4004
785
3506
5571
425
427
3781
5111
5450
1042
716
2390
1300
258
3069
1588
5402
443
2084
3591
5362
2213
632
5605
420
-1
3838
1699
25
275
5466
2122
5235
1405
486
5366
4014
4808
4194
3113
3139
3346
5087
5538
3571
2462
195
5466
57
2160
5402
25
2643
3427
4492
5235
482
1055
1405
1250
41
4011
4689
2345
632
5178
1475
3128
5502
3139
4188
1681
4266
4000
1185
3308
5254
3682
3782
4367
1935
2420
1588
1517
2378
4226
5643
862
4959
4616
304
3448
1892
3222
5364
852
3139
5433
2882
2196
5387
4386
5616
1681
4004
5587
5558
4634
4158
1230
5207
1545
2420
3139
3641
1583
1298
281
5062
1804
3867
1699
1465
2882
3569
5031
1601
3003
5336
3629
219
1699
5160
823
2712
1152
3646
1054
41
4332
94
227
5512
3682
2275
127
2213
1095
1471
425
2196
1637
438
4513
640
4108
2243
4484
4966
3139
4584
1480
24
2060
243
1758
2196
1429
2285
3139
5729
5292
4935
5154
1019
3003
2196
3031
3240
227
3139
3367
67
4986
740
3308
2435
2266
1876
5052
4763
4720
4720
425
3072
5583
4153
5330
1427
1879
285
4868
1674
3388
2469
2196
2796
1044
4693
3003
3046
3743
157
2200
1699
1405
2948
594
4251
3139
4280
5122
395
2380
3139
2196
5744
3910
3029
2684
1405
3308
2601
1049
521
1313
2196
4615
396
4032
1777
5087
2285
3449
732
1193
5432
3641
1161
482
5587
5587
-1
3456
3615
3139
5062
1095
2762
2038
425
2962
5419
5049
5073
3139
722
4634
884
3139
2208
923
5595
4655
5172
2864
57
2195
1872
3696
1311
1475
3139
3805
1955
1461
1429
4390
934
5733
1429
4373
498
3838
4589
859
1793
5673
5402
4142
25
3267
3435
178
304
5735
3228
425
5183
5340
5118
3592
5049
3139
1132
3401
1945
1429
4598
3139
4978
1003
548
3225
1949
3587
3676
3139
3676
4158
2193
2160
2196
-1
3771
2724
1405
1638
4695
3139
3057
2195
3139
2764
4237
-1
927
3676
3538
25
3479
4226
1388
3257
1690
4999
4188
1206
16
3069
4185
3960
1597
5517
639
5402
1870
4317
513
53
1205
5271
2872
4111
612
2200
5614
-1
2285
4011
5122
4777
5062
2122
4298
4497
4412
147
2726
669
3921
25
4702
2825
3003
2227
4689
2383
177
3485
2195
2196
-1
3057
3000
-1
1823
4720
3139
1339
2243
2949
2286
5548
4844
4158
1254
5657
195
349
4794
-1
4890
-1
3437
1601
5224
5030
4331
3363
1347
288
2934
4712
425
4880
3159
2697
2269
2376
4784
53
4966
4602
275
2943
999
2196
2308
5538
1323
2196
2867
4373
4182
1158
2327
5062
4720
3550
401
1501
740
66
1902
3139
5062
2880
4070
4720
861
127
2345
5346
5232
4093
3641
1622
25
1583
2442
3327
2762
5565
1664
2473
3817
1512
2694
3621
2629
293
3308
3197
3279
873
2378
1809
2196
2196
5050
1230
3113
2164
1732
3003
827
835
304
1004
243
3139
2911
5544
611
2285
241
2122
5402
5551
5587
3880
3139
2510
5687
5107
5133
2016
3542
5649
25
1482
5616
3604
3817
1610
4078
615
4513
562
5183
25
4365
1583
3597
5615
396
1629
3507
4717
3621
3139
5214
3996
5489
425
2399
315
4
5611
4966
2662
750
2920
1742
886
195
2757
1823
1152
5229
5238
4039
2200
1776
1131
2122
4945
2692
1556
5354
3552
2345
3577
303
3738
4771
1763
2619
2660
3458
2739
5558
650
3781
241
3139
3139
2196
3462
1681
2714
4864
244
3962
1429
2195
473
4787
2749
2762
5442
5652
285
3895
25
1619
2462
2370
1330
2196
4818
5664
3003
4771
5609
3003
5419
4950
5049
1167
2472
4776
5491
2196
1987
3181
2196
5471
3507
5049
3781
5402
5545
1800
2622
787
5060
3121
2877
2333
4547
959
2983
1707
2414
3766
25
5049
4890
4158
5402
2882
5433
5471
5609
195
4944
4373
-1
2327
3003
2697
5426
3878
348
4513
4945
41
5094
2890
416
2127
3499
2133
5714
857
2673
5022
2167
5587
25
3735
5595
4097
-1
1661
4215
1405
1452
1016
3308
3875
4993
3282
3975
5466
3139
1497
1549
3283
4720
4555
1452
5313
3432
852
5062
5068
5747
5086
5671
1206
2551
5195
25
147
1407
3066
3400
5547
3990
5706
5671
1185
2196
4255
4521
3855
4435
1699
4911
4188
778
227
5402
4884
2723
2285
4966
-1
5049
2269
275
3139
1434
3139
844
147
4356
5087
5576
425
2328
177
5433
2147
3139
3554
2085
425
1300
4435
3496
5107
25
258
1157
2303
5688
1352
425
4136
1945
1737
5041
-1
2102
3091
3377
2338
482
556
2008
5062
195
1608
16
4039
4142
1583
2691
2943
3139
4938
5086
5049
3595
2059
4570
4774
2724
2196
448
1054
4599
1902
183
418
3240
695
3984
4113
2164
1949
5059
2067
963
3992
1178
1759
5651
5576
3929
1244
1388
1241
2011
1313
3800
25
5402
2259
3072
5410
3766
1012
2861
900
41
25
2333
448
2967
2507
92
5413
5322
3139
1510
785
1123
3320
3139
4890
3139
2877
4453
2420
1157
1016
3139
4487
5497
5402
500
4934
4393
3110
5729
831
4000
1378
3139
3743
5333
1091
844
2112
1297
281
2196
5031
5667
3139
4643
3139
3139
373
5132
166
5551
3449
2416
5195
3413
5451
1625
1661
3991
1044
3820
785
5172
2060
3309
1583
2621
4280
5290
25
2403
2285
1462
4007
548
2691
1178
1300
3931
967
232
4966
5570
1323
2200
2164
5183
4820
1661
1313
1016
212
1210
823
3000
5385
4720
1206
3741
59
25
177
5271
1403
2196
92
5559
545
25
2196
425
140
993
2270
2189
5574
1762
5112
5706
3377
195
4635
746
425
2762
2762
1893
4197
3388
396
1183
3139
3822
5293
2200
4280
2196
623
4137
1429
1429
881
3485
227
4216
1033
3003
5156
4075
3534
3308
5049
227
1352
3471
4222
3228
489
3682
5109
3487
4196
576
2196
4371
3999
4238
446
5446
2435
3249
5114
3753
1914
3577
3192
1044
2973
4713
1913
425
92
3139
1429
2200
5258
3862
5402
3136
1508
2444
425
1405
937
5354
25
3007
3003
2324
2196
5547
2327
5387
2576
4771
3293
5165
3997
-1
1601
3621
1793
2440
2196
1681
5744
4442
623
3838
2383
2619
5340
3955
596
4959
540
25
1427
1320
3380
2350
3682
3946
2838
5108
2230
850
1595
5491
3033
1832
2767
391
4576
1016
1452
716
1016
1601
1050
640
1183
2196
4074
2773
642
998
2200
3139
1931
3794
4772
2539
-1
4825
1583
3139
5062
4215
-1
2285
4966
1722
3591
16
2333
2178
138
1796
82
5062
5271
4158
1073
4945
5238
1586
4031
4654
1462
583
4977
3139
1307
5362
2863
4065
3506
2675
5362
4975
4222
3115
1902
275
1845
482
957
2133
2029
2644
443
3139
275
957
1465
4158
754
338
3139
1405
2056
556
2380
3504
4398
934
3003
2325
353
3139
2021
2975
3615
3241
4226
5402
4191
212
2364
4825
4904
1664
3153
5057
644
2122
901
2828
1312
5078
5062
5062
5062
1945
2619
16
2148
4733
41
2285
2911
3139
4039
3139
1699
4332
3028
5385
4998
-1
1443
4017
309
3139
4539
4562
889
4280
4039
5360
3136
1230
5695
4392
540
1170
2527
5671
640
4598
4945
2770
3139
2030
2370
1584
857
1208
5156
5576
4718
24
5254
4406
567
650
127
2197
1468
923
3537
4188
2084
1300
4348
425
4039
5538
304
1847
1343
425
1429
583
4078
4097
3139
460
3043
5049
2196
314
504
1057
25
-1
2775
864
3139
5576
1012
2662
5402
2016
2751
460
5022
5174
976
1137
1588
4007
1683
5587
4238
452
5275
1636
425
2072
3461
2849
1759
2146
5132
4425
435
2428
2122
957
2934
5062
2195
4615
1588
5417
5411
1230
5213
540
4945
2825
82
1586
2196
746
5278
5029
3939
2724
1757
4484
1195
4362
3738
4158
304
304
425
993
1459
1699
425
4325
4332
2292
3768
1480
1429
3422
4978
2013
5545
425
1807
5616
4966
271
3980
5286
2154
1429
2615
785
1452
261
681
3532
5695
3004
3293
1945
4756
1206
5545
3139
2398
3003
2685
3139
4109
4348
2759
5402
3139
-1
2219
5085
3616
5426
1583
4000
5466
2016
3882
3683
346
2024
3875
3139
3838
4814
3068
227
2548
1307
2220
1307
3875
2634
5464
2196
4417
2813
2195
2196
4877
1323
808
923
1044
5521
1511
93
482
2762
5049
3139
5156
195
1506
1780
2228
4698
677
3825
4763
4966
258
304
2821
5433
5402
1230
4718
3308
2196
2321
3985
1699
5068
57
5133
854
1783
5671
3439
1201
2196
412
1541
25
4492
3258
2311
923
4890
5068
1044
2090
4801
4884
331
4158
2196
414
1763
41
1777
1393
4082
152
3949
4195
3139
3838
1914
5313
3139
5587
4073
730
3139
4158
1638
4484
2966
5117
-1
3791
3139
3599
4904
1388
5410
1757
2435
175
2196
4017
2484
2515
1501
2257
722
1365
425
1722
957
5062
5156
227
2334
2195
4959
5451
4032
1475
5271
4298
3467
993
5077
1926
778
487
1123
2383
3241
2724
5049
5133
2465
4032
3139
2200
1601
1646
5304
3315
5441
2226
5548
486
1431
2389
1313
950
5731
4392
3648
3711
425
4158
1699
4111
174
62
5576
1776
1428
3139
1167
1088
24
4812
4497
4998
1313
1051
1354
5402
3847
2269
1675
1727
3949
1619
3717
4541
2615
5014
1913
3267
3242
695
4616
57
1636
4906
5235
4266
3986
4457
3139
4004
4869
4633
3651
1482
1168
2691
3139
1269
1452
3651
2989
2153
1097
3880
3139
2164
1183
3228
5177
1388
2044
3447
5402
4453
4902
4516
4896
1309
4266
1629
1300
5423
1300
1588
3139
3717
1601
1041
836
16
4853
3830
5183
1504
5140
3003
2958
3711
1157
3925
5132
4712
2825
1178
442
1473
1468
177
1313
4717
4075
1987
2778
3139
834
1539
4718
2762
3591
4080
1544
4484
739
4693
102
53
1768
5491
3781
2633
147
3107
497
425
5013
3028
5195
1405
2825
2174
25
18
792
-1
4044
5549
241
3296
787
2122
378
4000
314
957
524
2158
3275
5087
1688
3449
4298
1029
1588
5706
425
787
1583
2196
2200
4945
4130
4830
2189
1168
16
3623
242
1833
25
2135
4823
4579
2200
2680
561
1323
1588
5488
1283
1601
2196
5271
3072
2132
3000
4354
2983
2615
2454
2154
4039
1157
4919
2697
3696
3139
5729
716
343
602
425
4110
2974
4697
3396
1092
2000
425
785
1583
5267
5402
53
464
591
4671
5726
2561
2583
2615
2216
5269
3768
482
356
5142
3800
2196
4226
1728
1339
706
5094
4373
2200
5571
3139
923
2234
4696
1213
5402
5402
5375
1902
2019
2243
482
4255
4311
5562
4808
2195
777
751
1504
2551
1185
5205
4494
4196
4521
1949
3581
3395
3086
5652
2387
2196
3592
5491
1457
1863
5402
5362
425
1210
4691
2762
3139
3410
5183
-1
248
1740
3003
3980
42
5412
1636
527
1106
5062
1517
417
3238
382
1277
1653
2333
2333
4928
1405
4301
5387
5419
540
3945
5648
951
4695
425
3072
4829
3139
3396
2196
1976
3726
4799
4998
425
2813
3126
2146
3500
286
5362
5205
4142
923
1155
1298
5160
1521
1038
4342
844
2241
1269
3489
4603
4235
3955
2327
4132
2615
571
2575
1518
1429
1185
482
1313
1168
2619
2510
681
674
5419
3553
5576
-1
4418
1298
2990
4487
482
1800
2924
1083
1017
1185
3315
275
3293
1731
2530
585
4998
1149
1452
2189
4082
1185
5158
2285
3989
607
1681
4262
3230
4226
2146
482
1583
4975
3442
4493
2686
5313
1384
1791
5049
706
973
630
2173
3139
4128
4689
3139
204
4104
1808
4142
-1
613
5303
5022
3294
225
1622
5714
5410
5029
4790
220
1772
5049
2189
2211
1465
1038
2724
457
5502
1798
1737
1297
3139
1465
3139
5550
3139
4032
4966
1705
5238
1916
4975
5077
1725
548
1168
3846
1533
827
1639
1185
5402
1854
1601
2181
2196
5077
3461
583
3822
3725
3396
852
4265
4718
425
5497
1631
2697
3647
5465
882
1073
308
3139
2571
4142
1178
-1
3139
5062
52
2838
1843
5725
2548
1854
2605
2146
2935
4600
3337
5109
2455
1178
2438
4884
3139
2150
4966
763
2697
4188
3308
2200
195
1269
1722
909
4733
391
1116
3974
1532
4775
1054
2285
1583
2762
681
-1
2008
4945
1290
3688
2538
25
1905
5166
724
595
3139
2196
630
1405
5049
5049
1388
1206
5194
1168
5671
3139
3922
4611
2992
1897
2383
1949
4157
4054
5695
1145
2390
4528
4241
4849
1653
1673
2
5172
5497
3461
4497
3838
5491
1785
1606
1183
25
4792
2517
813
3003
4567
5164
4915
11
4763
2420
3851
5587
5438
25
1542
5015
402
3832
1583
1123
594
2153
4553
2285
729
2148
318
3682
4015
3139
4438
176
3592
2267
2539
1432
4841
5580
602
957
5402
5062
639
4884
3139
3115
3553
4945
2691
725
2949
1427
425
4454
5200
2339
2762
3139
416
5269
195
2314
25
2619
1133
4978
2380
5062
2548
2325
4497
25
1298
1396
3139
5402
1471
4039
3139
3139
3716
873
-1
4910
2332
1178
4182
2825
2391
3046
2195
886
2936
3621
4221
2327
3095
2724
4080
1167
3317
823
375
4444
2248
2911
3480
4983
1330
4755
2456
1149
3852
5104
2146
2333
2294
890
2619
1339
5576
155
3139
4720
5466
5200
4471
2285
3485
4645
5616
689
4007
5571
1647
2643
4065
1579
4225
425
3324
2619
3139
1405
2615
1157
5671
2285
1664
3553
425
1549
1727
482
3621
2542
2290
1429
1206
4564
3257
425
1383
5745
5587
1347
161
2843
1273
5022
4998
3338
3449
4398
1083
5431
3139
121
1561
3139
835
4390
3830
2934
2669
845
196
1354
5648
1297
923
161
5165
1429
4767
1173
5617
2383
2673
25
1861
747
5046
1356
1584
5746
2517
1057
59
1785
138
3139
947
594
630
4032
2989
1213
1817
3838
3975
4332
5587
2616
2142
1407
3682
4900
1186
5712
482
3139
2560
3139
25
1829
2241
2408
196
5068
3906
3317
2781
5402
3139
1298
1976
1550
3139
5587
3443
2620
2472
5566
2084
2332
5028
881
5525
1720
166
2539
57
3621
5491
2294
4082
4413
3798
197
4720
1153
4890
4877
2269
3291
25
3057
4039
3046
1081
16
5292
834
2306
1582
3256
1209
5082
4298
3346
51
2556
5402
1461
2285
3096
3676
5085
2021
3139
2814
5547
2662
3139
3095
364
3970
1269
25
5053
5384
1044
3003
1160
3046
127
1583
5402
5628
1429
4785
1044
4562
4598
3489
5049
3781
1886
515
3139
4809
1044
3434
4116
1475
5142
702
1408
1269
1809
2329
2673
1997
2241
2768
275
5378
2323
5712
3139
3191
5113
16
3139
2515
4760
3070
2932
1809
2485
3378
1148
3380
2462
4348
1168
5475
4226
425
2948
5466
3240
5062
3822
3139
3109
1583
5499
3240
1095
3240
4884
5497
1839
2867
2762
493
2122
3139
3887
3139
5632
1307
5304
5154
4725
4765
583
2196
2200
-1
3139
1313
5345
4489
228
4387
2562
1891
5284
3487
5293
4
5292
1386
1288
4125
1583
-1
823
494
1157
2196
1847
1296
623
4740
1894
1488
3575
1542
3946
347
2334
2073
4142
1249
1664
4890
4720
695
3623
823
3908
2268
4703
1095
4890
2724
540
3139
2308
721
3067
3308
541
2196
5062
2939
482
915
3896
3805
1821
5062
2285
2285
534
3418
16
2699
4776
927
412
4231
3692
1786
3595
-1
1889
1738
916
4365
16
4906
4039
378
258
2691
1429
1448
3095
3139
3997
4720
2383
1352
1149
2695
4720
4615
3139
5254
792
303
1178
2473
4654
4461
5587
583
390
5419
5178
2762
5521
1019
1588
4051
2269
3449
2689
3389
785
425
1914
4039
2285
3317
3865
2986
4282
3308
336
1722
2236
536
1452
4975
4861
2882
4396
1198
4986
421
242
1672
1636
2196
685
3067
2016
4598
573
2462
3308
5706
818
5339
448
2531
3436
2196
5706
3942
3139
4129
5402
1876
3139
4879
3920
1119
2447
4652
1365
4985
5409
3072
4809
5674
1763
540
2840
485
2420
1800
421
4371
5587
1583
482
5402
188
-1
4231
25
1480
5003
1827
2245
5063
4497
2164
2176
626
1636
5524
1083
5362
3377
452
3751
1759
1921
3439
4117
4621
548
1843
3641
1506
1044
4708
3142
1066
1601
1073
1016
3015
5133
2810
3716
1339
4039
4320
4820
2227
3046
3139
3905
3180
3037
1144
1338
3139
3724
3395
4497
4778
16
227
3387
4900
2873
4945
1619
5109
1783
4689
1031
1047
1335
837
3238
2882
2122
425
2055
1891
5402
4311
4494
1095
498
3501
4255
5576
1044
4792
2164
2196
785
5247
3798
4099
5524
2122
1297
1300
1057
635
556
1909
3917
885
3937
3238
1475
2574
4371
1370
5717
4237
3139
4733
923
5384
646
4778
3862
1931
2615
2702
2619
3263
-1
2798
1830
303
3139
2308
3067
4039
2838
53
3139
2606
2978
2196
4945
5376
5133
3139
2376
2164
863
918
3139
2615
5292
4884
1178
3072
4267
610
4406
3253
18
4442
5648
1352
4740
876
3651
2196
1734
4497
348
4238
1100
1694
3139
4038
1703
25
1410
5383
2327
2912
2285
4972
25
2811
4378
4171
5546
465
1885
5148
532
608
1240
2948
635
4371
2873
649
1131
4825
193
3688
4615
2195
4438
5037
3251
2354
2146
1699
823
2817
2247
4975
3393
4406
5687
2285
3139
695
5062
2327
3220
1339
2828
4038
485
3039
1494
5028
556
4720
2202
3240
5414
3996
1664
432
4373
3880
3725
482
2195
2196
3139
1101
4890
1945
5169
1817
636
3443
1388
4036
1081
230
4945
3776
2762
932
4311
3865
4417
1407
1475
2546
1725
-1
3193
4650
5107
3996
3797
25
4712
4039
3362
1452
4715
3280
1405
5402
2813
1307
5370
127
4348
3139
127
2196
3923
4763
1001
3380
41
2189
2890
425
3676
2196
2703
5695
1429
836
3003
288
5491
4966
3139
4127
1192
4093
425
630
441
3813
28
147
2247
2122
2333
3317
2762
3465
1452
2269
2515
3139
1937
3139
4276
586
981
2911
381
2971
2146
1588
3618
4693
3219
5210
5529
5122
427
1054
4689
5402
4215
2122
3139
314
3780
2136
2196
16
3888
5171
1429
1482
2993
53
4966
5062
-1
3371
2571
1772
5526
3564
2196
765
3959
3139
2195
5300
2016
350
425
5122
1897
400
3139
4608
1381
5587
5587
425
241
3430
2647
4125
1155
1583
2189
5512
1185
5213
2583
4188
4142
4966
1821
3261
2309
4188
400
4896
5271
5206
-1
5191
2160
1429
137
3227
2962
4484
3139
5690
190
3980
4296
2836
2813
255
827
1307
901
2380
612
-1
284
4438
1251
92
4784
1417
3468
4668
482
1854
2196
2762
5587
4032
1453
4330
1630
988
350
1354
3602
3422
3139
4526
2201
540
-1
2489
1931
539
4127
485
881
2196
5033
5111
3875
591
3139
4111
2085
1522
25
1269
2266
1800
3139
1564
3139
16
1945
4182
5584
3965
3139
3676
4332
5610
4017
2269
2174
3678
810
3003
3139
2882
4008
2885
3892
4855
3292
2910
3496
4188
3874
4373
3513
4720
5574
1475
1251
3139
2858
1564
716
2196
2462
305
3644
5419
1185
1479
3037
5699
3008
1800
803
5062
1527
3528
1598
3139
3412
1452
2836
5197
2548
2462
5313
2700
66
5286
4689
1900
1000
3377
53
485
470
3621
5438
2682
2168
510
5121
1482
5587
5377
1429
5062
3735
1287
3629
1323
3139
1019
844
4978
5475
3139
4865
3688
349
3308
2285
427
2531
1782
3676
2364
2692
179
5218
2100
1307
1095
3573
512
3139
4252
2274
4778
775
2285
177
2196
5171
3499
1157
1480
2762
5269
25
1016
1429
2867
2662
3771
950
3401
3621
2196
827
3591
3139
3621
41
4435
1608
5333
425
1448
3139
1813
3139
4966
96
5049
2285
1832
700
288
4690
5280
57
784
724
4497
3150
25
4884
1598
5087
5265
2370
2067
1709
393
4936
4142
1405
425
36
630
2660
3489
1090
4966
3592
1157
4926
482
1938
1300
2164
3139
4287
3404
1857
5470
3676
3676
1708
282
1405
5661
4801
5121
2881
4993
907
5003
4998
5387
-1
3139
882
5362
5133
5616
1307
639
5426
25
2196
2615
2226
3401
2399
3139
3139
1348
5733
1576
195
1298
2164
4392
5349
2698
3296
4349
2350
-1
2813
5087
4998
5425
425
425
1737
3139
3875
2196
5005
2175
591
2102
1126
4756
4900
275
304
-1
2154
4280
2619
823
951
4718
1699
3013
3003
429
1874
5272
1313
274
2196
5419
971
3554
5579
1601
5293
1381
482
1834
1624
229
1139
5022
2196
616
5682
508
1617
3615
2628
1371
-1
4491
4238
4979
5009
3139
5077
5521
3762
1095
4007
258
1206
425
2489
3139
3046
5571
4986
2716
3308
2619
2314
1139
1722
1429
425
3139
2055
1405
2462
4373
4966
4162
4438
1307
3265
1776
1601
2724
4732
1047
1945
633
52
25
443
3262
3255
5340
2724
4397
1210
1739
3139
41
1313
425
3581
3512
273
5362
1298
5040
3880
4406
1902
3676
41
2328
2462
2084
5062
3991
195
3808
4342
1283
465
3904
2271
4855
5049
-1
2350
5009
4390
1354
1157
1601
1931
5133
195
2122
2165
5080
261
5062
4016
5025
147
5032
631
5466
4226
425
5497
3264
1044
1619
3139
1154
637
5133
2200
1429
51
16
3640
376
5191
1581
3721
4792
2363
3037
5001
2149
1016
5304
1579
4400
1235
4884
2989
1425
5587
275
1229
4720
4406
4400
1713
3695
5512
1178
2978
4372
1571
4654
2196
1778
1584
425
810
4718
1619
2911
34
4007
2083
5070
1022
1979
5587
5085
1686
4390
16
1655
1429
5402
2159
1085
3994
5402
1298
1429
3405
3240
1588
2098
3813
57
3790
1650
1915
4398
4763
1549
2098
57
3887
77
5547
1817
4000
143
2703
1420
2882
5739
2200
378
4188
2870
3931
427
2196
4558
1480
-1
3495
4345
395
5521
5062
4912
446
2813
3139
957
2880
4292
4014
4840
5719
2196
3331
5387
4902
315
5062
4332
5235
689
5037
5200
4358
2671
4689
5276
1183
5049
482
1512
3139
630
1095
2065
2057
1298
5062
1583
1583
3754
2023
1779
-1
4392
5638
3139
3139
3379
1949
2376
4855
1637
4884
3676
1489
2285
632
1475
3139
3017
2196
25
2196
2122
1496
5466
3748
3880
2196
3139
3139
1602
5497
3139
2098
2390
5551
3139
144
2619
3029
5159
1699
887
1288
3139
2050
3148
1672
4193
1813
2196
4007
3139
1155
584
1800
3833
1230
4721
2196
2934
4028
2196
1437
3642
4720
540
369
1601
3401
5714
2697
337
3269
1928
3139
3003
2754
3083
1019
3447
73
3929
288
2196
2387
5402
3139
25
4743
2196
3507
5402
-1
666
804
576
1339
2418
3840
4373
542
4586
3949
2014
3139
3822
3139
3308
41
5191
3696
3046
3308
1820
1298
5714
4458
1082
3756
4557
4720
5574
2164
1480
1681
3139
2966
4041
5362
4890
5062
4158
494
5238
3793
1178
2895
2071
2697
1466
1112
3139
5077
2123
3139
1339
2364
444
5263
834
2122
5177
2615
1941
5390
1601
5571
4158
1570
4722
3072
2762
1244
2691
195
2882
1836
1016
1356
3717
3396
1371
3139
5271
4188
703
3217
3875
5099
1601
2196
2691
5213
3139
2196
2156
1945
2838
4014
2514
3284
2153
5473
1185
1408
5280
1429
378
432
4057
5497
5628
5595
800
3511
2147
1145
4060
4373
1737
1916
2200
1492
1016
4182
2762
2974
2572
785
1405
5474
395
3139
5362
1646
478
5740
2931
3519
5547
3396
2913
2189
5049
2196
1719
1575
4478
3139
594
1601
2345
1429
3106
2813
846
1339
2911
425
4339
957
3139
1681
1475
3095
43
747
3238
2312
-1
2196
5333
2825
1606
78
2062
1703
1546
3468
25
5547
3139
195
923
4732
4890
5214
985
470
140
5333
1405
425
373
957
1003
2309
4559
2762
3466
3863
3139
2911
4280
3910
4494
482
5496
2322
4720
3139
1206
4354
5402
4131
1441
4528
275
5062
51
2615
1185
1339
3240
2825
425
3184
3139
3072
314
3139
936
4467
5499
3220
556
3460
172
4792
5043
1781
3863
1624
2196
4855
191
2830
1914
5457
5313
790
1976
284
1168
4497
5033
4836
411
1914
1983
2784
1800
429
1681
5062
2691
5318
1287
1583
4890
2673
1619
5629
2470
4364
3308
1583
1356
66
4482
2242
4682
3581
4280
5461
6
3322
1675
3190
5587
4645
1101
3205
4654
1016
4337
1003
1583
3139
3139
3934
1012
3621
5600
1765
4408
5062
872
-1
4978
4497
4549
3139
25
3003
695
3317
4618
82
3082
2794
1300
4068
2067
1429
2122
2882
106
1016
2383
2615
3139
482
5062
1300
2934
5049
1673
2196
2129
4196
5094
571
3580
4045
5402
4438
1101
4853
1938
1123
364
5112
5426
5733
3139
3625
4378
787
4335
4201
425
993
3054
3121
1273
3139
3308
1081
3862
3456
4203
486
3302
2664
2619
2762
339
5062
1210
66
1800
2958
3828
5624
5068
5164
3139
297
425
425
3641
4890
106
4564
5068
5243
1945
275
1897
5652
1145
1307
1534
3724
645
5402
5714
633
2345
2724
2196
5587
3529
747
3621
195
1427
519
4338
4702
4437
5211
1546
3396
835
480
2279
4718
5473
3333
5062
4773
5133
4771
3369
1123
2164
3682
5003
5015
3580
2473
3048
958
5362
923
4158
258
2709
5547
2976
4482
2724
4633
2160
4615
5062
1116
1405
3615
4214
1781
5595
3651
2328
1468
62
5195
2338
3734
2097
-1
3139
3036
4513
3308
2514
4454
-1
5515
2697
425
625
2553
82
4082
2505
1504
1230
4890
452
2761
5022
627
4951
5258
3332
5062
3385
3308
25
548
2986
2022
2863
3240
2818
1387
1071
4994
3980
16
3139
5154
1067
4226
5155
3139
1282
4695
275
4060
5149
5049
5382
1410
4415
2390
3924
2367
3003
3595
25
951
4000
2895
1354
1106
1681
1612
1025
5523
1429
4548
25
4130
5062
5082
437
2671
258
4196
425
747
5328
3139
3813
4162
1985
4444
4884
-1
3702
425
747
2376
2196
576
2910
3418
5293
810
3820
3761
3811
1496
4111
2354
4804
3878
2615
3139
-1
4032
3072
654
1880
2016
4032
1530
3485
482
4829
5177
304
857
4373
494
3866
2146
1073
4772
3923
3369
2465
177
5094
4226
255
645
16
16
66
1706
1681
975
3139
1013
2336
2285
81
5062
2615
3037
-1
3349
1210
950
2418
4111
195
5059
482
38
2860
425
5402
3020
25
2872
1298
3553
2196
1829
1244
2697
-1
1016
4444
2285
425
484
2196
4383
1945
1583
5689
5229
3116
2904
5413
4815
3418
5260
1374
1875
2974
391
1353
2196
2660
4626
2196
3732
4851
5402
2290
3396
95
5254
4131
2196
1298
1280
3628
4392
3428
5674
1782
3506
3308
5132
5414
4142
3496
5133
482
3139
1215
1496
3915
2522
2939
1809
2878
1439
1307
5402
3251
2195
630
2333
1504
2644
4373
4763
2070
2122
1405
1259
503
4808
967
3937
92
4896
425
2250
2146
4005
5616
3879
1680
4142
526
732
4142
425
3592
275
482
3485
5096
4184
886
4397
2327
1095
2548
3046
1504
2164
1339
-1
3139
3040
4110
5696
4226
590
3904
3198
1902
-1
3139
5129
3736
3289
1116
3139
57
901
4651
1230
5547
3474
3818
5671
1300
425
857
3496
4626
5277
1692
3136
5742
5000
3401
2004
2857
5412
4447
3717
5049
1313
66
2196
4763
-1
3838
3996
5183
4564
2285
5155
3219
4110
5475
2326
425
2691
951
5497
5062
1692
3139
2777
3041
5062
2246
5667
1185
5133
4915
195
1038
5742
4188
2369
2135
3676
-1
5433
-1
1681
252
5402
2919
1936
4410
1429
1410
3484
4559
810
4767
1465
677
1178
3139
1588
5715
3930
634
5362
822
5154
3732
2548
5238
3857
3240
2189
3126
16
3598
425
2961
3222
5709
2697
2934
4000
1601
950
1703
4045
2718
1821
820
2573
227
4544
4390
3108
5731
1475
4561
1044
196
5241
118
4348
4398
2958
1800
1083
2195
161
16
1638
2364
82
1355
1796
3139
18
1509
4731
3240
5088
4945
3996
3949
4949
425
3851
1746
2023
24
526
2574
1501
1931
303
1313
3902
993
4
504
5026
3056
515
3285
3349
3401
1016
3045
2205
1854
2911
3030
1699
5491
1044
1168
1082
2417
2473
5671
630
1647
1811
4255
3760
227
-1
427
2971
4004
1313
3264
5387
4282
258
1123
2285
5093
1821
4598
5221
1453
2762
396
661
630
1183
4943
5589
425
2196
2114
1708
2097
4772
1330
4777
5215
2882
934
1725
2260
628
1307
5155
3745
1501
540
2649
5254
3066
5156
25
3139
1744
4277
3293
2228
4966
1161
5702
5159
5293
2012
4392
1564
482
1598
5477
3072
3139
4181
2818
4213
4162
425
2605
3139
2078
627
3139
3139
4032
2316
5254
4717
3003
2825
148
303
4042
4695
5103
5402
3222
1468
3392
808
1516
722
2196
2390
1749
4815
1636
3933
5318
1339
2200
5621
5414
215
4513
1692
1881
5402
982
4272
5285
4110
4291
2724
1452
2825
4014
5062
16
4039
2669
2845
294
2698
2189
4127
1624
3903
5316
127
2762
5062
3388
2200
5062
5155
3139
1272
590
1809
1359
23
382
1230
287
25
586
5402
425
1021
5235
5176
1307
1985
3139
2200
3160
3086
1286
4570
719
425
147
2377
5062
3682
3015
5262
3347
1668
5062
215
5587
4855
2189
4984
4986
1307
3609
2864
5479
5235
4944
5687
4153
1024
540
3820
382
590
4373
1702
1082
590
3107
3800
1044
5566
2146
5340
1016
1504
1596
5062
3081
5213
1206
25
5431
630
5502
4074
177
3139
3377
5173
4180
951
763
1049
275
5049
3351
4524
5446
5402
5402
1352
1854
391
834
266
3910
4890
425
4158
5384
4585
2825
1601
1899
4497
4298
3113
5587
12
5062
1316
4960
284
882
857
1829
1465
1722
4020
1480
4720
2958
4075
5695
4125
695
3651
3931
233
540
1291
2122
2196
4188
3136
5355
2517
5419
482
5499
1307
1157
1298
1664
3139
1619
2383
2383
4438
1206
3725
3139
4584
3308
1829
3989
1232
482
25
841
5402
4598
4576
2196
4482
5062
2269
1012
474
4945
4163
41
3139
4184
4378
1379
348
4785
4792
25
1465
1016
5576
3066
2196
610
3840
2831
3686
3139
1427
2469
425
66
2122
3725
4611
3247
5651
787
3770
4513
2200
3136
3139
3996
2467
2196
59
3240
5503
-1
-1
3139
482
4196
4406
2058
5691
1206
3139
3306
2200
1731
3676
4801
41
5587
2562
2619
5132
3062
3845
724
5402
3432
1158
1183
3650
993
2762
1405
3139
1598
391
3007
666
2462
4816
1757
5050
3107
1269
3066
2630
4293
5433
1286
957
2196
485
4815
4330
3212
1595
3291
2938
2673
275
4993
4576
4999
1044
-1
2135
630
5616
3682
2146
1681
4004
5197
1770
4591
4266
3933
275
1650
2996
2724
1298
94
5155
4497
3139
1608
785
292
2434
1601
324
3146
4406
2000
5123
2322
3017
4438
1588
1706
1807
3569
25
5402
2994
474
1681
2724
3496
425
2656
3139
3139
1854
595
1792
4718
2824
4292
5587
348
987
2281
1329
4158
1307
2196
3696
2148
2943
3074
5702
2719
4751
4923
769
2122
3139
4226
583
5109
4734
2619
425
3169
5022
52
3308
-1
3442
285
2115
3580
1002
3293
3139
2958
4594
4135
3139
3991
4287
3800
1307
1355
3630
3565
1095
4763
3528
5746
227
2762
3360
2021
5587
993
3139
217
3838
5472
1448
1287
3496
5384
4777
769
2948
3139
4176
614
425
787
1650
1185
122
4004
5028
3151
1731
5583
548
-1
1928
1606
3139
2435
4567
5667
1206
3693
1769
3257
1504
2089
2196
3308
4890
195
5203
4438
5247
2317
5491
2043
2190
2196
1242
3139
5547
5712
482
1465
1178
722
3916
3077
4602
288
-1
1215
2694
4397
5234
2673
1076
2462
3139
4287
5155
5439
2239
2566
3748
2269
2435
391
5271
3964
5402
5218
5433
2286
625
4654
70
5742
3485
3676
243
2200
1481
2314
4994
5402
1589
3137
5085
3317
5497
5313
5384
5037
1830
3147
1703
3069
1464
2364
1429
1429
2635
2619
4039
1776
4435
4175
127
4906
861
-1
314
3676
3269
524
4458
3017
1475
1465
2156
2131
1206
5702
1711
4332
834
3450
1832
1579
1798
2200
4851
1429
2986
2146
5402
4989
753
5323
3885
5269
4387
2691
1361
5195
1601
4473
5077
2762
3057
138
2769
5712
681
5048
5714
1800
2304
4884
4625
2649
1374
5497
1800
2003
1143
1482
2825
4763
547
1388
25
4718
1775
2164
3139
427
5362
3783
2327
2100
5499
1837
-1
1215
1117
5368
3139
4900
4945
4351
482
3139
2435
378
3831
2867
5466
3139
4255
3139
2989
1313
2196
4025
2189
5419
4569
4592
4815
1636
1718
72
1681
2682
3552
3840
2196
4596
4890
4792
4771
2370
3479
4128
4226
1443
2724
1598
2762
428
2724
18
937
4761
4713
810
2167
195
3711
766
1480
4543
1163
1478
5180
4226
3139
5595
1434
5402
833
3139
3107
-1
425
4677
3139
4966
1354
5582
3139
4966
5431
1636
265
632
1071
1255
2605
285
823
2843
2390
4226
4777
3676
3367
4155
4750
3072
5218
4890
5209
195
3880
4158
2055
4713
3054
3139
1465
51
967
785
425
-1
-1
1681
719
3069
126
3139
242
1865
95
1405
4331
1475
4956
5404
255
5061
3177
5673
5320
2462
2290
2435
1307
3141
82
5216
4654
391
3331
3623
5587
2318
1150
1056
-1
3930
5652
4399
4564
1821
5152
2189
3761
5254
3375
2029
2285
2498
5303
3843
425
3057
5497
3910
4226
5744
1017
3382
443
2111
2380
4771
184
1475
4286
1313
4474
3250
5319
5518
1583
340
1339
5177
2122
5162
4126
2283
4998
3454
1161
4192
5541
2085
2322
1326
4771
127
485
5576
2572
4654
4649
5402
1155
972
1095
2376
5724
2084
3771
5195
3696
5558
1309
4561
1206
3707
4482
1796
2986
1427
5475
3139
1269
3621
3676
2160
1131
4070
1359
3139
1756
5021
3240
5062
494
5426
2619
4559
4000
4484
3003
1709
2654
5236
2957
1313
1414
5021
4142
1161
3499
787
1157
5438
3206
1071
5132
2016
3140
548
3875
3241
4890
4191
399
239
2196
3139
810
2196
3401
227
4039
2060
4342
4836
297
1016
3139
2183
1765
4746
4963
5414
800
4300
3147
3139
25
242
5079
3641
-1
975
4874
4032
3841
1323
4332
3401
3696
4572
881
3114
2943
1187
485
4417
3623
3884
1545
5189
4771
5402
1601
2196
923
5155
5183
3406
4647
3057
2196
1858
3139
514
3510
191
2365
5558
2195
823
791
2243
3139
2190
2196
3623
4484
4305
515
5427
5133
4283
4602
1681
2828
4740
342
5053
3676
76
3711
1523
5062
5385
5402
5241
5336
1273
1178
3621
-1
4226
4922
5213
3308
4928
1044
1669
3508
1793
4559
937
5532
2196
2852
5028
715
1016
3838
166
482
1941
2430
3349
1639
1354
1298
1044
2974
540
1148
4666
3820
2635
1452
3800
37
5050
2066
1564
425
301
5045
2748
3139
5049
739
1601
-1
2196
10
5074
638
1482
4984
3028
3139
3308
810
5197
2467
3997
1722
785
5671
5587
2420
3000
4758
1
2748
5724
2762
5499
1616
4569
1681
1727
3595
1313
2065
5587
2998
1430
256
31
3676
1313
1300
3676
5491
537
147
425
4039
4039
583
2466
258
2965
1699
930
3951
1998
3072
4851
5402
1636
3139
93
2196
-1
4003
3308
2066
1597
486
695
5512
4763
165
4499
3139
2830
2332
1044
5062
4007
695
5672
4744
2882
1180
5683
3139
2365
653
1405
1163
1026
1333
3046
1298
5254
5280
1692
2113
4713
1601
3240
2016
138
387
2404
2911
3521
1480
215
3360
1601
937
4188
25
4693
4826
3139
411
5471
1119
2615
408
2435
844
141
4778
315
425
1699
932
2444
4005
4004
4287
4720
3360
1945
2196
695
4890
5311
911
3800
1405
1680
840
2882
2565
2102
350
1636
961
1507
3139
2516
-1
1777
460
2137
945
1781
4657
5402
380
1798
1830
2861
3051
2682
425
665
4603
482
2755
5062
4181
2813
5014
1824
3481
1601
196
3385
1307
3595
4792
425
4945
5547
1313
2876
110
5062
3676
5455
3139
4272
1636
-1
3338
1562
1681
5402
5164
1427
785
2838
25
4040
4253
2762
5699
2296
1148
5145
1429
16
937
4706
3139
4713
161
1886
147
1291
25
-1
689
4488
2462
3115
2420
1885
4039
1313
93
3139
3495
1307
1699
3139
2333
2665
2943
3139
4387
4371
4039
2558
681
1230
2345
3491
291
1759
41
25
3653
1206
2339
5731
2200
4763
3225
5342
400
2095
4226
2762
1309
1218
2717
2867
2196
4298
225
4354
4158
2785
77
55
482
2863
4576
993
5315
4158
296
469
5402
5695
2762
4763
1212
2511
2200
1157
2748
552
2698
4890
5677
4916
3308
1480
4287
2075
1427
1814
4373
3308
1744
1185
147
515
5308
850
3991
1358
5249
4784
2619
1945
2464
547
482
1867
695
1269
2245
3531
3931
4039
611
5512
2196
2016
4740
1471
3584
5402
975
5438
4797
3862
1465
4373
5442
1152
79
3838
5402
1909
3592
3003
2194
2243
482
1945
3970
5062
2200
5675
25
540
4439
2911
4493
3507
258
3029
4721
4658
1839
3711
1479
3875
1601
747
4986
1468
5712
1255
1269
1307
4332
4763
1584
4713
5310
1417
3308
427
5000
5595
3592
1623
1429
2390
1780
2724
1193
5282
2095
4801
425
1564
4360
5271
1044
526
1044
1777
1583
5128
987
4741
1353
2390
3240
3573
2048
482
4373
4048
177
5310
5003
1309
2619
1573
2635
5028
2666
746
5402
521
1298
4541
1979
2200
1504
2358
2196
4871
3289
3933
3838
1307
466
1122
4161
640
315
4720
5120
5405
4255
4329
482
4127
3876
3139
3465
1337
1601
5102
3280
957
2662
5699
2122
2591
143
5402
2196
1131
5530
53
2365
3139
1434
3308
785
1504
4442
5621
5466
2676
951
4252
929
1222
2630
4158
1898
1551
2950
5587
5049
2356
3876
5028
1016
5497
193
4890
5497
4142
2825
1460
1883
3768
5576
630
2879
5561
4517
557
3139
5497
3944
2117
3003
5507
2462
834
3615
3000
3495
1338
1185
1671
3234
475
2751
746
1119
57
630
337
254
1504
3139
1184
1160
1071
1297
630
1999
195
4111
2098
4720
1465
1584
1101
3183
2383
4158
1508
2592
4158
361
4287
2200
2285
2393
510
2200
4787
1684
1183
4784
1168
1902
281
1405
5402
2673
5558
2949
1829
2285
2304
5022
3139
5200
628
4521
5402
1480
1480
1313
1946
5412
2619
2096
4181
3616
2098
5697
2196
5062
25
1979
275
556
2948
601
5700
195
66
879
2998
5402
2884
5402
1452
4470
3974
1405
4222
1264
301
425
1286
2023
3695
482
-1
195
1636
3570
2443
5402
5402
5481
5466
4545
2825
4489
2113
1580
16
3485
3875
561
689
2285
920
3935
3676
2830
1300
1356
5184
2989
2615
1136
4569
2200
3650
4194
195
-1
53
3139
-1
1650
4393
1230
3139
5615
3396
1191
5370
5516
5587
5512
4587
5097
3072
3070
4896
1410
2958
1506
5402
4998
3028
4533
5576
1979
147
2650
5554
3650
2189
5062
3569
2196
625
1653
5387
545
1379
2243
1794
5587
4147
1651
1194
5062
5457
1681
2762
5512
1482
1429
4801
3628
958
25
889
5428
4713
1854
1429
4707
4038
5668
1015
195
25
4559
227
2762
4792
5062
5547
1704
641
2383
4878
1498
5062
235
25
2645
3880
4549
4327
1278
4287
4975
1608
3139
4966
2135
3528
3440
5062
4981
350
3342
4327
3863
5497
4602
1504
4158
50
2200
348
3313
-1
3308
1964
3000
1147
3836
482
5285
453
2122
2215
4256
2762
425
2644
25
250
3392
4496
25
5438
57
3266
2146
5062
2019
4945
1139
3761
1058
4226
5111
2285
147
66
5062
4017
916
540
2951
2835
740
3755
3768
56
4618
2378
1185
4966
2390
2350
2473
1178
3139
4212
1163
1355
3820
425
147
4771
2360
3156
285
5565
1427
558
1012
429
5087
103
348
1016
3712
2979
2882
227
415
3139
4075
480
5587
3410
5587
5133
4038
5348
2634
3130
1675
3139
5402
2200
2882
1465
5122
3088
5703
3067
2122
3880
1228
227
3040
1650
5491
5035
3702
2828
25
1588
4824
5250
4151
548
1131
5519
3771
2196
1796
-1
4960
1598
5271
5587
1300
1636
4861
307
5297
428
3676
3592
1699
482
5402
4132
3824
2973
5402
1979
3131
2142
1101
3768
4338
-1
1044
5402
4890
5156
1508
5133
425
2694
1003
844
3273
2016
411
5273
425
3461
583
1830
1517
2572
1269
2463
30
5082
3409
1583
4158
2196
4945
147
2390
-1
1298
3240
1283
2196
2196
5402
3725
1313
5362
2919
1405
4484
3738
1405
2122
-1
4884
2135
62
1519
823
3800
5288
5160
1909
4998
2989
1914
3726
3496
793
1777
4515
4027
2164
4966
1187
25
963
2337
2652
5571
3365
3069
1178
327
2705
2144
2122
3449
5287
324
2762
4494
3418
1354
3432
2196
852
3308
59
1940
4888
743
1313
5271
3003
5213
2390
1083
3879
1249
4142
425
5671
5326
1573
4556
1800
5402
4014
81
3732
1206
789
2196
2233
594
1747
66
2139
1601
3349
4650
145
4998
138
4665
3072
4156
127
1298
2882
524
2874
5587
3743
3140
2196
2462
4188
2196
5362
377
4478
923
1952
5402
2194
3139
5419
3066
2500
4521
3930
1727
374
3618
2440
425
2196
4081
2285
4771
25
5139
3946
542
2196
3003
4725
722
1686
1294
-1
457
1379
2561
1817
3139
5689
5062
4406
3046
2519
4045
402
4142
4836
3030
2243
1300
3071
2630
1949
594
1588
967
5471
1480
693
1742
5558
1017
2863
3910
5053
4211
303
3210
547
1676
2189
1300
18
2450
556
5696
2721
3139
3139
3996
2882
4088
3056
4555
2122
3139
3800
3887
3862
4837
1860
4890
2327
25
5333
1902
521
3185
4449
3615
4176
4098
4384
425
1636
2189
2735
1112
2364
2619
2740
1288
590
1152
147
25
177
3003
2164
4005
3485
1958
3730
1298
4033
4945
1664
5132
2189
719
3396
951
2630
3649
2495
3057
5518
4972
4392
3139
2465
195
343
4884
57
560
1833
613
5340
5587
957
3711
541
25
5107
4039
5128
3139
4662
1504
2016
4381
2420
2393
540
1775
1888
4945
1119
425
2285
156
4040
2998
5022
4943
4598
561
2462
5583
5013
3676
5364
610
-1
3053
4598
743
5050
5419
4096
482
1780
324
1458
1405
3621
5402
5505
158
5109
5712
2762
2164
3802
2867
4039
5482
1636
542
5295
967
4126
4702
2591
1618
1964
3880
713
4082
5391
5628
5331
5433
1798
4226
3139
2470
2192
425
628
1073
3925
1206
1465
1282
2918
5318
3584
284
5611
1108
1354
2417
4514
3000
3289
3308
1754
5548
4035
4677
53
147
2124
1583
391
1044
4889
740
2285
1727
1313
2882
-1
3822
324
5286
1924
3353
2189
5551
5362
583
349
1183
2346
450
4356
2619
3139
2383
632
5161
3386
775
-1
5432
1266
243
1388
4378
5313
5094
4663
5476
3717
2566
4615
2413
1830
2435
3838
785
2449
2122
5313
5402
123
2629
3139
1992
2304
4665
41
2724
1000
1809
50
3139
1210
5101
2315
5172
2559
58
434
4966
2196
3621
1498
3139
276
1568
3139
4497
1598
706
4945
4373
1452
2619
5286
5028
25
2237
4427
4373
1407
1058
5028
2703
5490
1210
5022
4408
2196
2724
723
3682
4011
4956
3287
53
1307
2200
2196
5744
5426
5681
4297
3401
1587
1480
667
5685
4039
4325
160
2568
5563
2016
107
2016
630
3615
5049
5609
2158
5700
3139
-1
4276
4332
4192
2390
5191
3164
3696
2648
3732
754
4039
2724
5435
4890
4802
4763
1902
3139
16
25
739
4373
25
10
5293
2566
1019
3803
41
5271
425
2200
3289
4492
2189
3061
4786
2503
2489
1361
-1
5433
1157
1680
3139
156
1465
1147
2196
3107
5650
2198
2200
4073
2122
4718
25
3037
5616
25
5402
3139
2196
5719
5087
3732
114
5133
5556
4040
3470
3308
241
679
4555
4151
1123
1328
227
5683
785
3682
1313
1044
4836
2729
3040
425
1356
3046
2411
25
3621
412
457
1496
19
713
3875
4700
4107
5402
1619
4945
1745
5576
4995
1465
2462
594
746
5289
937
1148
425
127
3601
3485
2374
5118
425
4016
1924
4720
3733
2273
2882
5410
62
3005
2154
1405
2146
5340
3113
1298
4966
1117
2708
4517
2768
2331
4825
4644
2882
650
3569
3672
4817
1688
1405
3139
2196
2196
99
425
-1
4815
2135
3875
4348
2966
5230
882
630
937
4966
5620
2196
630
3139
3139
3988
1417
3279
1777
5412
1230
3768
127
1588
1778
412
2619
4149
3976
2911
2953
2849
1425
4611
2159
4815
2724
2196
1601
2691
425
5576
2503
656
1297
1586
3689
1551
1928
2587
2316
4270
5362
1263
2189
425
5062
5587
5672
4823
4196
5200
4200
1405
3139
627
3139
3570
3456
630
1339
2713
227
4427
2654
5680
2196
5274
923
1153
3308
4653
5629
3701
4188
2009
3362
4817
147
850
766
2636
147
1616
3257
3722
937
3072
1777
3098
1269
2619
5497
3341
4007
3893
650
5473
1376
5191
1331
3495
1601
3444
609
1549
4194
1697
4716
5076
2016
5336
261
5062
3015
5695
4484
1588
1695
241
3581
4943
5370
2856
4771
5200
4905
4383
1650
1410
1320
4713
4142
2828
4484
227
3744
852
430
432
4188
303
4491
993
3238
3139
5402
5518
3675
510
5133
5664
5340
721
1791
4513
5576
2610
4984
5497
923
2566
3139
2669
2651
5066
539
1203
5022
3139
2495
3192
425
3637
1919
1874
1152
3621
3139
5674
2285
3095
3139
1135
880
2630
3139
5339
1480
1313
1699
2863
4836
1575
3139
3308
640
3285
4720
35
3422
3139
2016
827
1611
4417
1362
2762
4713
2148
5402
4000
5706
3931
4321
3086
1152
922
1823
1909
975
5703
1506
-1
4331
595
3137
482
4409
304
3192
526
5545
5150
3144
4373
2724
630
630
4902
450
5672
5433
2501
53
3066
1044
3303
5499
3073
3139
3616
4181
4902
4632
450
5402
425
5141
5587
1452
4799
3139
2619
5062
425
227
1726
3427
4
1185
1504
2285
2400
3924
1834
4890
5271
2420
489
3856
4039
4718
3139
1887
3089
227
29
374
5621
3881
5016
4718
1044
1583
4107
3044
2196
1160
3427
1095
630
588
3157
2196
3256
4829
2762
1265
5156
3875
1057
882
5162
4945
2196
2934
2699
1463
1307
594
2825
3439
3072
4999
5557
2951
196
3115
3377
2619
5270
5402
3595
524
1457
3142
2184
2612
880
3822
3139
5191
716
3623
4891
3139
2521
5241
4032
785
3431
2974
1354
5049
2934
4497
4992
2196
-1
404
1452
204
4393
161
3833
2813
3875
41
4171
4878
1347
376
3095
4373
304
1594
41
5199
5587
5587
2435
3139
3139
1185
5396
2267
3139
1062
4226
1218
4292
1210
746
25
5062
1105
2016
3058
1872
2122
5254
4
2150
1601
1193
4877
1890
2834
663
951
4957
2574
591
1636
2762
3820
2615
3039
4884
785
5164
4978
840
2863
3595
2364
1635
3278
1850
1471
3139
2333
5648
4702
5442
1922
1583
223
5402
3139
1433
4890
843
4121
1354
5062
5022
4875
41
1727
5414
4255
1157
1244
1017
1814
4784
412
916
2339
2724
425
3098
1073
4283
2319
3228
1446
1759
1196
5087
3113
5081
4559
2364
719
3586
5587
5426
3289
1080
4226
4527
-1
726
3676
1872
1313
208
2105
645
195
1307
1452
3621
4129
785
1354
2325
1185
5497
1699
-1
3869
2732
4829
4287
1405
5616
4281
1405
1902
