4804
334
25
5684
4615
2226
3466
2333
5683
3224
5110
1323
4373
4617
540
4617
5333
5362
4617
2530
241
3676
1719
5587
283
4328
2755
4511
2267
1496
2196
716
2615
92
4617
5235
3396
2838
2226
3086
3327
4397
3139
2615
628
4900
-1
4511
4511
4966
2364
3315
3946
2762
3328
5644
4902
1429
1119
3711
2167
3552
4303
4615
4890
4915
1429
1119
1119
5048
3870
1919
2122
5031
5433
3251
1119
5467
2285
5499
4039
2979
62
4484
5402
3427
741
3192
5432
5683
5241
1119
5607
1101
576
2872
5349
425
1178
672
1119
5196
400
16
2615
16
5526
-1
1119
4082
3598
3418
3499
1902
5133
2189
1842
740
1300
3308
3887
5402
1119
3755
2751
3651
16
1800
2158
746
1119
2267
373
5576
465
-1
5049
2632
1408
-1
1313
3139
3955
1119
3139
5362
4082
1673
5218
1313
2308
5402
4221
4899
2383
1010
2154
1650
-1
3799
1778
5636
3769
464
2872
945
3688
2196
195
628
4617
4617
1119
57
1650
1504
-1
4059
3487
5402
3308
-1
4369
5502
1152
2062
2200
195
657
5324
1778
3309
425
2002
4673
1119
548
3139
4250
3730
3240
5362
5343
4617
639
1460
2243
1119
2374
4617
1429
4251
3139
2748
666
1479
3676
3308
4082
3139
3278
3489
2017
1821
1313
2615
442
5135
1119
2231
4373
5402
5402
1650
2934
5402
2196
425
4177
3418
16
1119
464
1338
242
4337
4471
912
3245
1313
3139
425
322
4929
3923
628
1230
3139
4652
101
1908
3271
695
1119
4332
2285
4497
4901
695
835
379
1546
957
873
1706
3257
227
5465
400
2200
4221
-1
2920
1650
2190
1639
5412
-1
2435
4250
18
1083
2196
695
425
227
4204
4082
2356
2828
1313
5595
4327
3410
-1
3958
5269
3139
835
485
4600
5402
2863
5028
5362
4406
1240
227
5633
3422
5712
3462
3958
5402
1119
365
3367
1353
4693
5402
2743
5140
4221
2619
267
3843
1713
1119
5402
5479
1939
425
2778
2285
213
16
2974
5028
1119
1119
5402
3502
2813
1011
5322
1384
3136
4559
4226
4142
1591
4220
1005
3033
912
25
4059
5402
1119
602
2231
3395
1300
1465
2655
3501
2979
-1
2786
1427
1119
3136
1636
4250
5706
1789
4084
1882
1033
3675
984
3084
3054
3402
-1
3139
2196
3139
227
350
304
1369
716
2195
3676
2793
2285
1610
4617
907
2845
4059
630
425
4415
-1
-1
2632
540
2196
1681
2656
2632
154
3753
4956
4413
5309
482
3401
3139
3139
3246
3308
4373
1300
1281
4059
2098
628
5214
945
5097
2593
3437
4489
1119
5576
3238
-1
1833
4226
1410
4373
60
3647
3043
227
2167
723
1092
3965
3280
4158
3139
1313
2348
3375
5362
2779
540
4114
66
2196
4462
695
1313
2825
1119
-1
4792
1867
3227
937
3139
1313
5292
18
2632
1878
1586
2084
2196
787
5491
3168
2196
1465
695
1480
5129
2016
649
1468
5557
5030
2779
4307
3139
4175
1821
4537
-1
5491
4925
3439
2975
3676
3291
1916
1029
4028
3966
1998
3676
116
400
5271
428
41
5587
1781
5132
591
3139
330
2123
5402
2591
4158
5210
4762
5062
4059
3188
25
5235
1240
5062
1953
2724
3435
2364
4718
5402
82
2691
4615
509
1427
1772
3046
1867
3139
2196
379
4617
4059
2872
1650
4913
25
815
2196
4615
-1
591
4615
763
425
3900
1044
1157
482
1650
1650
3462
3136
726
2828
1650
95
4492
5115
3142
4255
3139
2169
301
2872
4373
3308
3690
5402
-1
1405
4736
5714
1371
4627
739
3091
2961
1174
4311
1777
2584
465
826
862
3139
4535
23
379
4983
1119
2023
1650
12
-1
2084
425
3838
2882
273
4059
4373
4998
5738
1579
3711
482
3098
-1
-1
4479
2632
1906
685
25
543
4989
5332
482
261
5293
5507
1601
835
425
5472
1450
-1
1699
4082
4916
1793
5142
4890
4299
4219
2122
3676
3139
4082
547
425
1675
2951
-1
2195
2195
2548
1309
1101
499
3139
628
2986
3072
-1
1465
3485
3046
716
4700
3139
2390
5402
52
2337
3077
1405
254
5671
1650
4397
3822
932
3830
5293
2814
4252
4633
4373
285
1642
4002
5196
3862
5122
2411
-1
25
5094
4458
2196
255
-1
-1
4453
1420
5362
25
-1
25
1119
5131
4652
-1
2628
425
5155
482
5587
1054
5115
1307
1119
1463
1961
2226
4371
918
4720
4131
-1
-1
3448
540
1119
1297
25
4305
4226
2626
2738
570
-1
4080
3737
11
1218
25
-1
2779
5009
5166
3621
3139
3970
4252
1119
3521
2267
5062
2632
2196
1730
984
25
2935
379
5087
4088
327
2390
-1
5644
3246
450
3139
227
1730
3136
166
25
3436
3266
5621
4633
1858
3308
1699
-1
1119
515
3587
1095
1405
1846
2285
4311
5426
3621
1889
2196
5616
5062
262
2828
5030
2146
1119
1101
1399
3933
4658
-1
2148
4405
5602
275
1307
3205
827
5535
2267
5112
4427
5256
2189
5714
4226
5472
5402
5402
314
1636
4600
5545
1793
3349
5362
-1
4654
5655
4827
3139
1867
-1
2226
5616
912
2241
1307
3139
261
4373
2195
4332
1800
-1
1800
1844
2196
1465
5094
3589
-1
465
1800
5671
2195
301
5129
162
2768
4493
25
2868
5062
3803
5048
2122
1116
685
25
3199
1699
5576
3139
2872
4400
2838
5373
36
3308
4927
4373
-1
4808
1842
5288
3139
2196
1902
3705
1583
2518
1116
425
4426
1300
1647
3139
1842
3072
-1
2440
425
1054
4373
-1
2308
2990
3592
3139
-1
1949
4569
1313
1016
4199
161
485
5156
-1
3139
4652
1178
5507
5396
5087
5213
1846
4397
5448
2168
4652
695
3308
2200
3800
3139
-1
3621
5133
258
1867
-1
653
2285
3051
5587
3139
249
4689
425
261
1842
82
25
5497
5362
-1
2024
4226
695
2285
402
2200
5139
1147
3869
2226
1793
2698
1300
3725
1215
4600
2196
4232
5587
2615
1385
425
3369
405
3254
1553
2122
425
3139
3975
1601
5472
-1
4136
3935
1765
918
123
5472
3072
-1
554
407
2017
2516
4602
3838
717
2847
25
1215
2195
5099
1307
425
5122
5466
1313
2377
1119
3308
25
3584
-1
4890
3139
4771
1479
275
1842
5714
2196
24
2348
2882
4060
1442
2285
2615
482
4643
1691
1650
373
4934
1960
5472
1178
-1
2531
3531
3139
3246
5353
2166
5402
2097
1881
2777
458
1429
482
2160
937
482
1153
540
2561
4007
4497
3459
1757
3214
4082
1672
-1
4950
5475
5402
4446
4689
5419
4332
1083
2131
3170
3139
548
4188
3139
5496
2919
1465
4890
2196
3594
2164
540
5119
4910
4950
4082
3840
5474
3630
1534
1116
4136
425
1205
30
5087
2122
3838
3139
4335
4772
5475
5431
1846
288
1044
2196
2963
1601
1313
4132
1101
2902
482
5062
3986
1846
1636
4494
1672
2591
-1
261
2183
1119
2285
1612
5087
1922
4990
3139
556
3139
1300
4584
5576
1215
-1
1480
1650
448
280
4772
2196
2122
1722
1116
2615
228
3863
4778
2196
1897
5062
2844
2465
425
1313
5402
2196
4567
425
193
1571
5699
5294
2450
3629
3003
4559
2964
5525
-1
628
261
1865
-1
1894
3139
2167
5022
3170
746
2187
4255
5449
1319
5624
-1
4444
2184
1601
825
1601
1842
2017
5384
4975
1119
2258
2605
-1
5066
1831
3139
3246
5491
2196
4657
-1
1210
2122
177
2285
3282
2489
4127
2526
2944
5022
3139
171
2285
2164
3696
3139
4951
787
4371
1071
947
3316
2285
5518
5119
3139
4794
2939
1185
3392
1465
4602
4492
4302
1116
1479
1757
3478
1193
1429
4311
5221
2285
5671
25
425
2964
3937
926
749
1273
1429
1800
1307
482
3139
5062
5402
4371
2007
1116
4221
3939
1193
1955
4032
3139
2233
5562
482
5402
5402
348
-1
2196
1044
2882
1193
3760
2200
3833
1793
-1
1116
594
5302
81
5073
3139
5512
2122
-1
5402
1429
1434
2166
2196
2154
4492
1044
1571
5241
3474
-1
-1
5671
3003
1650
4617
25
1304
5253
5370
4226
-1
2196
5062
534
6
5255
1793
4352
3139
4335
2239
5587
623
2231
4281
2196
3115
4912
747
548
3139
516
1352
4588
1601
5499
594
1046
1665
3650
2435
75
3592
4998
-1
2619
5087
2965
3788
4615
378
685
5663
2995
25
2911
4984
1793
2196
1701
281
713
3591
685
5049
4664
3556
1946
2285
1661
25
187
-1
1060
4435
-1
1672
1119
4151
1044
-1
5094
4162
4371
3269
3156
743
5062
4188
3269
2837
1429
-1
5367
25
2516
1044
2200
1800
-1
1291
482
5491
2724
1119
2426
3065
4004
1620
425
4123
5062
-1
425
5402
3621
1307
2192
1069
591
1405
16
-1
3831
1452
5472
5456
1044
2267
5254
3821
1282
2196
-1
2157
5386
4136
835
1606
3139
3000
3139
5515
1124
2365
4945
-1
391
1316
4778
1510
3174
-1
4713
3808
5062
2200
2829
-1
-1
918
25
1527
4373
3139
5156
3000
25
3139
1856
1611
5313
1699
4998
1985
1058
1215
-1
5562
3964
2311
2779
630
5551
1119
1359
-1
3308
3032
2196
-1
1568
3139
5402
2196
2196
1650
425
674
5318
3346
5152
743
425
269
3849
25
318
1831
3308
258
2192
3139
4272
2531
862
3563
4123
356
242
5402
4771
3308
1307
2195
18
4950
5139
62
3510
594
2998
425
2656
4966
3621
118
425
2838
5351
3433
591
4257
3928
2934
-1
4569
1796
3308
810
5664
4004
3756
5198
3369
484
3621
1324
2191
3735
3190
3000
4330
5683
1429
4373
1767
1650
-1
4615
3682
5627
4880
684
-1
583
1405
1898
5402
630
1793
510
841
1699
4078
261
1178
-1
3559
1215
425
1480
-1
2188
50
-1
2505
5546
5062
-1
2619
4814
1512
-1
-1
858
1793
4298
4860
149
5426
4238
195
4497
4485
5164
195
3250
1430
758
2945
5472
5049
1744
5402
-1
5062
4771
1956
993
229
2948
4059
-1
2306
2794
-1
4381
1482
540
2652
2655
2724
1152
125
3974
4039
1479
4615
3139
3139
1166
5402
957
5139
2196
2321
3707
1500
5252
1197
324
4826
-1
1793
1601
1846
1476
-1
5074
2124
3937
-1
2267
1124
-1
1465
548
4032
510
2911
4950
5267
4004
5112
2200
5028
4772
1307
425
3875
-1
5062
3952
4956
2565
4792
878
3139
1601
3003
-1
1116
3785
303
2884
3766
2744
3194
4728
5434
4926
1601
1465
482
5062
5049
5562
-1
1313
1185
-1
4777
195
1177
5450
3994
1793
1300
4000
4294
-1
2423
3195
2619
857
1334
2055
3139
4615
3780
3800
3269
5621
1193
261
1479
1429
1722
3139
1101
4611
4780
2196
425
5433
4156
4082
5087
5510
3382
2965
1556
1840
25
482
482
1465
2516
1588
5139
4039
4384
5132
2122
4494
3139
-1
4004
3952
3256
2196
2426
-1
3046
422
5074
-1
2880
5094
425
695
25
1846
1429
650
3000
4959
4674
5402
1909
5062
3023
2934
4158
3139
4158
3556
5059
3535
3886
661
3113
3393
2909
284
281
2718
1475
3925
2196
5625
2285
548
3284
5706
961
3139
3139
1405
4482
4956
5714
346
4529
2857
4188
3915
3946
5049
1107
1830
4226
3932
82
4062
1342
2911
4201
2527
4780
1510
1483
1633
3139
-1
957
3996
3139
1405
3139
5402
3966
3218
4767
-1
-1
114
3308
4825
1588
425
4158
5087
-1
4921
3094
3556
5323
2615
4082
1288
3289
2549
4990
934
4032
5049
2231
3920
2763
77
3848
-1
5087
25
957
4991
4617
3723
883
2435
1071
1902
2196
4004
-1
1867
3912
912
1335
4039
5074
4028
1405
53
5744
2195
-1
-1
2196
5218
-1
1108
28
4891
510
-1
5133
3675
1108
5587
4723
1636
4394
5272
1691
5744
694
4158
4772
2615
3051
425
1583
2196
3139
5530
156
1193
1702
4018
5562
4429
2200
2637
2998
1699
2474
3641
1334
2516
3391
4171
3495
1800
137
1399
4188
3377
2724
739
4562
425
-1
4188
5402
947
2196
3707
1583
3356
519
4491
1596
425
337
4722
978
-1
425
2196
1650
3277
4226
-1
53
4504
1452
5530
1588
5472
5362
4125
860
4147
5491
-1
-1
548
1534
1480
5126
4950
5587
3682
1757
689
2069
2895
5714
5113
1480
4371
2983
2998
5386
1769
227
4708
1636
3456
261
1504
-1
1452
1722
-1
5687
3072
540
1967
2523
3800
3139
4615
-1
177
1588
1066
4718
2367
2762
3139
1366
5583
1883
3771
2196
4822
3887
379
534
285
346
5062
4732
4373
2685
4966
3676
2993
2248
5087
482
4763
3948
1167
4332
967
425
1083
4633
3139
5697
1244
3974
5247
2164
743
2374
2872
3621
681
511
2937
1620
4094
2200
883
5402
3410
51
4004
3713
-1
2153
748
1751
1706
4225
3139
4708
1116
5584
25
2213
3201
-1
1044
74
4226
3139
5647
2194
1405
3139
5511
2751
4884
1646
5049
-1
3107
-1
3139
425
5501
4799
4815
3584
425
4421
-1
2196
5472
1800
1742
2285
4945
1601
482
3682
4158
5319
425
5062
1157
3676
4650
3707
967
5472
2326
5497
482
1044
5256
346
227
3124
3369
482
2385
2153
5429
5035
1116
4272
2935
1429
852
923
628
1234
1568
3875
43
1775
1215
3541
3139
2196
2615
3989
5258
5587
4016
482
617
1119
25
5644
5714
1997
1206
630
1699
5051
5744
2998
2364
1384
346
5112
677
-1
5203
5233
912
512
628
1791
1429
5131
2196
5087
4082
4226
2895
2249
3889
4028
5062
348
1636
2196
3139
1298
1119
2036
987
1307
4332
5234
1601
5499
1046
4136
4547
2196
4772
1480
1014
635
743
346
4438
1846
4471
1170
3833
3533
402
576
5662
1424
5271
3139
4814
5451
2872
4227
1245
3139
1300
258
2998
1215
4617
2200
5704
2893
1796
1549
2762
947
-1
1793
-1
1044
1867
482
3139
2385
-1
4007
1295
2882
2182
2240
2226
1452
-1
676
1405
4771
1659
2051
3046
1395
425
2196
1757
3781
1171
2780
1185
4123
25
4978
402
1235
16
5087
4226
3139
-1
1215
793
2380
2016
3574
957
1313
1666
4829
993
-1
4392
25
3139
4966
5003
4348
425
2950
1240
3496
2196
4900
-1
5625
1424
5111
2285
943
1429
425
3556
25
5211
3139
763
195
-1
3139
230
4748
3139
3132
4039
-1
3107
1588
2200
1405
474
3517
2285
2017
3707
3038
425
25
1480
2498
937
5402
1971
4810
3142
-1
3428
2179
5586
-1
613
-1
1077
2196
2240
3639
2390
4287
400
241
5122
-1
3303
1405
1608
3139
482
2184
4039
1307
-1
4123
2285
1664
1405
3214
5384
4123
1219
628
5535
2895
4898
446
1565
833
444
2385
3833
3139
2196
4497
883
1016
695
2882
5402
4142
3974
2565
5155
882
4652
2285
3139
-1
1298
-1
3456
2214
-1
3585
5511
1387
3495
3139
195
5280
4720
3139
1601
3137
4914
1652
3139
3308
425
540
4772
-1
4685
3315
2998
3974
3139
2842
2619
936
4371
4501
25
1081
3696
4188
3676
425
1016
3139
1243
3098
-1
5402
425
5491
1307
1791
703
5402
1307
2195
1313
2567
3892
482
425
2196
4225
2376
4005
3720
425
5625
3139
4945
5028
3608
3139
25
594
1142
2290
785
3162
3113
3115
1781
5074
3530
3621
4478
3139
25
385
4943
2703
4059
747
2708
230
2285
1583
5671
-1
3139
2825
3414
4400
-1
425
5671
482
1781
4107
1465
5062
3139
41
3139
1703
716
1468
2769
284
2290
-1
1016
-1
4875
5062
1982
4226
628
1925
1119
2826
3650
2135
2153
5415
2996
5402
1307
1583
3139
3139
3735
1168
3869
4629
4004
4059
5551
2285
1659
833
4778
5491
1405
482
4898
4770
4004
4244
886
1901
2196
256
4602
5673
1510
482
4231
3308
5265
2196
2378
3139
3837
5426
4010
1636
987
4453
4311
1429
1811
1019
3308
5576
5310
3469
3139
2196
1666
2998
53
594
2233
4813
4945
787
1270
25
3139
4348
-1
1335
5714
-1
5195
18
3139
4371
1054
2187
4053
3308
1583
3139
214
2679
3139
25
4287
741
2460
3139
2762
2676
3587
3519
195
1307
4004
3946
1411
630
4326
3592
-1
937
2200
5085
1846
25
-1
835
4978
3370
1428
3139
4772
1680
-1
2290
3682
583
1405
594
4390
-1
2196
4332
484
3034
3956
2196
3934
1283
51
3061
1583
3408
-1
1445
5256
3875
5062
-1
4211
5287
5107
4763
4890
1119
-1
1291
5587
3139
1044
3479
4126
5336
3796
258
5561
769
5621
1650
1516
2516
630
-1
4639
425
425
4884
3139
2285
1968
4652
4552
3003
-1
3952
25
538
1570
3682
1095
2565
2285
4945
4035
1307
3441
-1
3994
4543
-1
2697
2645
2290
82
3369
3139
-1
1270
5254
1504
639
3456
3682
2040
1337
5384
5287
3285
4654
2196
5426
24
1821
913
1588
1313
1298
1538
3139
756
3215
2084
4188
5587
3974
4289
5671
1930
1124
400
-1
5087
650
1842
5133
5264
5511
5518
4771
-1
2350
425
2385
2826
-1
5011
3616
5049
2285
4311
2196
5507
261
3279
2743
3247
1178
760
2872
4311
41
4643
1681
653
4060
1304
1429
-1
-1
3131
4225
630
4004
-1
4373
5644
5269
5421
1300
1073
3139
1782
1183
712
2200
4815
2354
4005
2762
2200
3139
1902
3139
-1
594
4148
550
4123
3952
3707
1061
1087
3139
425
3557
4633
1717
195
3139
86
2468
1601
3139
347
3139
1620
4404
2211
1739
425
261
196
2697
-1
1298
3946
4039
3615
2326
1354
2196
3991
1846
3072
1480
425
47
1902
465
1044
4518
4153
5695
25
4123
1588
5062
-1
2285
2384
5691
1405
3862
1850
4159
-1
5087
3139
1272
3003
4634
1414
1157
3676
3139
2200
923
4059
482
285
4123
425
3139
2200
5302
3139
3139
2290
261
3777
5718
1215
2084
614
4945
1796
1809
3308
3139
3308
2754
1703
3139
1738
1193
872
25
-1
883
630
2652
3287
1160
5123
490
156
4158
5318
3139
25
548
4763
5706
3088
482
3003
4158
-1
2269
3494
5671
1017
5402
5640
2069
-1
1072
248
4966
5139
220
5092
3952
5654
24
2196
2615
786
25
4986
1470
3139
3162
3711
2111
3511
-1
346
3815
3234
4162
4992
5191
1650
16
4890
3522
-1
3433
1090
2998
5461
425
2285
3813
630
5402
1396
3756
2231
1673
1008
5094
1044
2859
4718
2196
1583
866
25
5210
2882
1062
3139
425
356
-1
4975
5019
1703
2200
1044
25
2391
928
1298
5271
1867
1583
-1
-1
1699
2154
3671
957
3139
3136
1016
5524
3711
4028
4992
1780
5077
3933
1819
3707
5271
2326
3139
5402
2196
4178
4123
1429
-1
3974
5362
1905
4869
5497
5107
1298
4075
4693
1044
5511
1168
-1
-1
5402
258
5275
1044
3139
5639
-1
3433
4015
4039
1183
-1
1583
3833
3129
1636
3129
2196
2744
1185
2697
425
3938
1521
1893
4992
2292
5587
1465
1044
4060
258
1119
738
4032
4720
5078
1183
5524
3139
1653
4371
1862
-1
4998
-1
5507
261
4482
1298
4123
1307
1270
4998
1780
3139
4142
251
5518
2810
1307
583
2196
3003
1116
2724
1706
3039
897
3139
2196
5402
-1
1650
566
1960
4348
1313
1046
3139
3682
5031
1566
3152
4929
2339
4083
1681
185
1116
638
2603
261
4677
3676
1601
1659
4792
1354
4373
-1
4966
3862
1598
5022
3534
4503
5062
25
5499
-1
4147
959
-1
743
1298
5128
-1
1044
5062
2934
5242
-1
2826
331
3597
4057
1307
4487
-1
1429
3139
3600
5362
5472
3139
3139
1780
1298
888
5074
5062
195
3139
3247
3139
4651
4226
2891
5238
2113
2839
3974
4225
3139
4226
1219
1101
1503
940
2333
1699
2406
3139
630
-1
5402
3447
425
1475
3286
4123
2211
3139
425
3306
2651
3399
1800
2615
1157
5384
4772
-1
3007
5397
883
380
1468
1044
4832
4226
4147
3162
3139
3139
666
-1
2998
425
1546
522
4915
482
3581
1757
3763
3249
4772
4471
1945
1872
5159
-1
25
2196
5442
16
1141
324
3371
-1
5022
1325
1867
425
5402
1194
1738
630
9
1165
3255
195
3505
4033
3996
5287
4838
5507
16
4189
482
5512
1149
1475
3139
1206
2633
922
5554
107
866
5683
1427
1347
5133
3162
2933
2583
1945
3419
2724
1583
3218
5426
628
746
951
220
1299
-1
2196
693
4167
2671
1636
1307
2615
3139
-1
2633
5576
5302
3003
4039
1245
975
1116
3162
1636
4140
-1
2505
1104
473
25
3140
59
5714
2285
425
5171
2406
3139
2196
5119
2088
5433
1843
785
2243
5576
5497
5269
1506
2724
5665
1289
1991
3139
912
1699
1721
4311
195
2794
3139
4325
5499
5402
66
1273
4064
25
1226
1405
937
3800
2686
4373
957
2196
25
2566
-1
3619
630
2195
2882
1681
276
1452
3228
3139
1332
3139
152
2904
3139
2263
1307
24
4147
3139
2548
5402
1867
3192
1452
4851
1506
3241
-1
394
1769
1071
3308
3647
4778
2661
2183
53
4455
1214
2374
3139
2048
1408
42
5302
2890
5062
3621
5402
4713
1522
561
2374
1504
2453
4763
4906
1969
1044
4188
2164
3137
4195
3139
816
3308
3718
5687
1862
2029
2267
2257
2918
474
5088
687
1699
4966
2374
5511
245
425
-1
3139
852
5271
5323
482
2754
3072
4713
630
1427
3621
-1
814
-1
2390
3308
2615
4497
2762
1588
879
4082
1297
4890
2211
3433
1798
4966
5123
1139
5653
195
3162
-1
3162
3814
1720
3204
4188
3003
1330
3139
1215
2339
25
3657
1044
2685
4332
84
1116
4792
2009
294
4623
2164
3856
1692
2211
2189
1339
540
3139
2243
5062
-1
3676
3996
4226
1842
1044
4332
1943
3139
3139
2153
3676
1471
1588
114
2818
1044
2399
1465
4294
4137
-1
25
4893
1680
5587
929
1429
1796
2231
4109
5062
5491
1044
1044
-1
52
3139
582
3139
2147
594
1843
5700
4663
1842
5203
5521
1470
1019
1429
2943
5695
1465
916
4615
3388
1636
4158
4748
2369
2911
1588
4332
3833
1899
1119
1598
1601
443
4784
5121
3951
1323
2196
784
-1
4158
3139
1344
482
4436
5362
2233
3190
2697
1119
1465
497
4877
2750
2267
3139
4330
1683
2762
1429
1497
1480
3256
1769
2200
2966
3046
425
1294
4012
1973
549
-1
4713
2782
4136
2651
425
2363
3561
2164
5271
2873
5178
4272
482
4445
2851
3000
274
482
3308
1186
-1
2422
4975
4039
2097
-1
5402
5062
1913
495
3139
2208
4589
92
4768
4802
4057
25
4096
2328
1298
1183
2017
2196
630
-1
1502
2196
4622
540
1588
1168
4344
2333
4931
1012
2954
2316
443
1608
514
2285
735
25
3015
3968
2567
3365
3676
4331
5254
2872
425
3564
4985
1269
3969
2724
2196
314
687
1468
3735
2240
4029
5171
2267
2102
-1
1307
630
354
4992
4015
-1
2651
2426
3884
5576
739
-1
1299
443
3621
1653
4945
5413
2811
4383
5713
5402
1533
2285
4039
2449
3768
3139
425
3017
4744
346
4255
787
4118
3308
2454
1583
5571
2196
5408
3192
3621
2153
583
1352
3174
-1
3192
2196
1482
1159
1410
4631
1277
-1
482
3040
3148
-1
630
1951
1044
425
5547
425
2144
3200
4195
5461
2615
1257
1427
425
1681
1588
1219
1467
2619
3072
3320
1651
2240
4908
3139
5402
1706
689
25
667
2614
3139
1193
4116
425
2868
4884
5472
4003
4931
1757
2473
127
1339
1636
3003
1917
5109
251
1557
1857
4373
314
2363
5408
3616
3139
3139
275
1903
3107
2562
4039
3219
2762
376
-1
2473
2619
5128
5511
3139
3139
3129
5726
2762
3139
5402
5339
-1
787
5165
5642
2348
4226
5362
709
4966
5384
-1
4771
3384
5101
179
4039
540
3427
5471
5384
1298
2285
4042
1119
482
612
1824
2426
1006
4158
-1
4815
2174
5686
1528
2267
2196
5133
1468
2351
4158
5412
3914
1081
-1
2196
3943
5278
5466
3522
3308
-1
2200
1601
-1
4348
-1
5402
-1
4039
425
2882
1452
2515
2819
791
2056
1044
3139
3139
1054
5384
2876
58
3268
3641
3136
3139
25
2231
-1
1405
5402
538
-1
583
5499
3621
2385
4142
5033
1699
1436
3139
227
4939
3869
-1
3974
1616
3353
425
3462
1945
1178
2762
1307
25
4873
16
5364
5022
5250
4777
4015
195
1663
1468
2565
835
5471
588
1108
4272
2615
3278
5402
-1
1638
5062
2196
1928
785
3676
1054
822
3139
3162
227
4924
1681
346
5271
1313
-1
425
3139
482
4039
3139
604
227
1185
1269
3139
2895
2200
937
548
5287
425
4154
1219
2285
3139
2754
3058
3192
1083
5527
2685
3139
5183
443
923
4366
1480
3978
2285
3833
2619
1776
5405
425
3876
4718
5287
3682
4763
3111
3974
1601
2762
3711
1601
2200
3260
3139
3139
2939
5744
1123
1019
-1
3139
4712
883
2615
3681
-1
4082
3136
-1
5117
3818
1168
5362
3139
607
5024
5016
630
1685
5497
3139
1318
1892
1405
1313
3139
2385
4142
425
5104
2285
147
1894
3008
4966
-1
4602
3676
-1
1764
4373
1405
2406
4615
1298
-1
156
1044
1405
1297
2895
1699
1588
5151
595
-1
4371
3017
5087
4228
772
1185
3771
2601
2287
2662
834
4082
-1
3621
3139
2853
5733
448
2751
1373
3217
2196
2200
4000
5587
4123
3139
4144
2382
943
2724
1583
241
5072
-1
4495
4226
425
2196
4891
3139
230
1206
25
3003
1178
4975
4966
5136
482
1083
2078
5384
4347
3814
3415
1619
2233
1699
425
3423
-1
588
583
5674
1429
5203
4776
1221
2196
-1
-1
3139
1623
3139
4406
-1
3139
3246
1681
195
-1
1452
2440
1427
4415
3139
465
5748
3378
2057
4142
4923
425
4786
2290
1016
700
2200
1116
4966
2395
-1
482
739
3139
852
4945
4597
3676
4998
-1
3039
5240
548
-1
1468
1550
4499
2160
2196
4771
3283
2290
-1
686
3621
630
1936
5587
5387
425
1842
5402
4335
1847
4024
3139
5650
3139
1738
2196
4082
4158
1636
425
4945
1012
1071
3139
425
540
532
5062
2400
5549
3734
320
778
4123
1095
3820
-1
1601
1468
4373
4998
3139
195
977
2122
2354
-1
1356
2164
1971
987
3162
1578
3592
2195
2365
147
3730
1249
3506
2196
1896
5293
2435
4000
2606
4468
4492
1157
4154
1006
1046
402
4332
3820
3129
3735
4890
2227
25
1054
4428
-1
3937
-1
2285
1086
5384
2776
4497
5579
3966
2196
2724
3621
1915
25
3139
1322
3536
125
27
2165
1405
4188
86
2196
3071
1429
1183
4731
2826
2435
3745
589
785
2619
425
1019
482
5074
1316
698
1429
3139
1480
3433
5625
303
1928
2122
1636
2490
5651
25
2196
5419
1119
1101
1520
425
1504
2374
41
787
2031
2445
533
246
1185
1124
1054
1661
4300
5576
438
2196
4584
1307
1178
25
5714
2380
425
3139
2619
1298
4371
4768
2612
3162
5123
1650
195
425
1307
3139
2997
4992
2651
1588
4273
4611
2285
2285
4763
3165
3445
4192
1083
4549
5278
2703
4615
5115
4492
5674
1160
2762
2870
4373
25
5364
4311
-1
3283
2929
2788
5140
5402
4188
3833
4162
4096
5733
4872
4983
4226
4896
1294
3875
2196
1730
2830
1044
2285
3485
3139
2858
2724
1583
1520
5481
2267
5695
3325
2196
1307
5566
2960
3943
1677
1468
590
1429
739
2196
2495
-1
4040
988
1465
2619
3621
695
1184
2196
4256
3450
3308
2057
2762
4226
833
2615
3107
1238
3693
2196
3255
3046
4287
912
1124
4075
3115
1936
291
1352
5068
5119
1677
630
4158
630
3382
2122
2632
4123
4327
4373
5603
16
-1
-1
1178
-1
1298
2943
2333
2243
5587
3139
4015
787
2753
-1
981
2067
1178
4609
3317
5651
1044
630
3139
4912
1546
5094
1535
3391
5693
3139
285
5098
4004
2196
5714
3139
1838
3994
3139
923
4061
2871
2285
1275
2821
-1
41
1231
5111
3752
1307
5062
4978
4250
2285
261
590
3676
4554
1410
1405
444
-1
3869
2235
1586
127
1314
-1
186
1160
2374
591
160
1502
1101
-1
2196
2196
2200
1465
220
3935
3095
660
3581
5651
1520
4748
2911
4993
2200
2998
2196
5271
4250
2315
3766
5562
2196
-1
1465
5275
5694
3676
1659
1914
-1
1196
4853
425
5049
787
1019
25
2651
5062
353
1809
1636
514
2274
1122
1086
55
5133
5402
3129
2830
2907
2285
3735
5446
2146
5571
5706
1119
5049
460
-1
5070
1258
3139
4113
3139
4280
1759
1470
1300
1405
425
937
883
1168
5714
2016
-1
51
5695
2762
2575
2939
195
4015
4667
2167
2285
482
2896
-1
3162
1933
-1
1842
-1
4147
1313
1619
4978
2882
223
1206
1931
4771
886
630
482
2122
3943
2762
4188
5085
1054
3556
1185
4772
-1
3071
5471
5287
323
2034
3785
3989
1692
3881
320
5587
3139
3707
675
4825
4950
2159
4188
4587
1970
1111
1328
2825
1044
4945
2333
25
5471
425
5402
4966
2908
1482
1019
3139
-1
1480
3676
2337
192
3139
850
5049
4226
5472
5491
3360
718
5087
4978
2911
2762
3139
5702
4914
5084
-1
598
227
2619
2457
2290
5576
2645
4188
-1
1298
5302
2574
4620
-1
2299
4123
-1
425
923
823
1468
4032
2306
3946
4712
4555
2385
3833
3688
687
1475
3887
4652
4004
3756
4973
195
-1
4492
2376
5402
561
5433
1853
5419
1095
275
5022
114
3946
3240
5402
1475
1867
3139
4915
5673
3139
1583
3037
3601
-1
1016
104
4529
2284
2632
1339
2390
3000
4629
2724
5402
4792
2222
1800
5742
1410
5651
3139
3139
1119
5218
1016
177
-1
3113
4172
5062
5061
2115
5616
4836
4576
425
3590
4332
2836
3162
2067
2196
5402
1938
3800
5405
2146
420
4107
3485
1448
1699
4255
1072
2200
4332
3467
1692
2813
5440
3670
4207
1185
3139
25
4181
-1
1872
4497
1245
1119
3139
4718
2692
1298
4015
3139
1544
-1
5339
2321
5362
3139
446
4890
1845
4497
574
2240
4078
177
482
5254
1044
3247
2776
592
3308
695
630
1405
4488
4397
3057
2762
320
1584
1578
2825
3291
1588
4059
3897
4465
2955
3467
3139
824
3139
-1
501
1019
1279
1119
5062
4417
2567
3876
3139
1318
3353
3139
5700
5313
3591
389
3139
1429
579
4332
3139
1620
5402
144
5486
5616
5049
5112
1116
2552
3989
-1
5587
1427
5028
1583
1206
2645
1298
3856
2085
425
-1
4158
2697
4846
1598
3139
3139
951
785
2762
1019
5225
1266
3641
2697
2743
5587
2825
2825
4771
4250
1769
5349
-1
5062
482
4591
2633
3931
2596
4497
1800
227
5271
4147
938
2826
3139
1080
3003
1427
-1
-1
1012
2285
2164
1983
4652
425
1405
-1
34
-1
3621
3364
2571
-1
4285
1902
-1
2430
1269
2435
2754
195
3139
2750
5463
5198
5133
3308
4821
1800
4063
258
1012
3552
4874
5687
3139
-1
4764
5183
2630
3139
5318
1724
2830
1288
5362
4615
2122
1429
3621
4541
4195
853
1307
3139
4147
1230
3162
82
1117
5062
5497
3139
25
3139
4039
15
5474
2173
-1
1206
5540
195
4209
4142
1313
425
4276
1480
5085
4032
16
3240
4493
5293
2390
5431
3136
5384
2196
2164
2042
2491
2864
5402
703
785
3952
1168
-1
5408
1692
4771
2616
4992
3139
5061
3245
2285
38
5062
4915
2085
579
1465
4060
25
2248
1313
3506
1300
10
1044
3152
5599
886
3833
3139
2196
3197
2146
3139
3067
3139
3139
4039
5384
3304
275
2338
926
1429
2057
2174
4209
2285
1371
4978
2685
4912
1583
1475
2097
5398
3139
4929
3174
2509
2195
-1
472
4258
1843
4039
1153
2513
25
3833
-1
1825
-1
2376
5625
5695
1530
3577
2196
4618
993
2146
641
2383
1500
4611
3650
2383
41
4082
1551
2196
2285
413
386
5572
958
4751
5238
2502
630
2285
1075
1168
1757
5077
1237
1498
2388
1054
4629
957
3656
4823
3830
5569
2085
1699
1299
2841
1578
402
25
2376
2016
2196
3139
1842
2364
3046
443
4945
2017
1601
4123
2200
722
3139
3399
1168
241
4015
1083
2826
3324
984
679
25
3057
-1
1429
1139
2650
3655
425
1446
639
5739
5475
3238
2195
3996
2503
3871
2592
2882
5015
1297
3184
1185
4759
4539
3136
2776
5675
4134
-1
923
630
2813
1274
3139
2998
823
3582
583
869
4158
-1
633
3139
140
494
5402
5061
1186
2164
2045
5696
2146
5062
-1
1297
4123
2813
4825
654
339
1681
1082
5433
4039
547
2630
5587
1307
5403
2413
5558
459
53
1350
938
3139
-1
3621
3139
4720
1313
147
1019
2185
3139
787
3641
3760
-1
2090
5292
689
2057
5728
4955
3919
899
2993
3419
5508
4521
4945
823
3162
-1
3737
1759
1283
4432
4555
3496
4692
4004
3139
2958
923
4397
5571
4718
5156
5595
602
4142
5595
5049
3139
-1
4431
5347
647
1185
1270
3139
339
2695
323
-1
1273
2390
-1
2196
3035
5235
3139
1295
5172
448
482
2240
3048
2211
5466
2205
259
5433
3057
5402
5402
3139
599
967
4654
284
4772
5062
2420
-1
1524
5472
482
524
693
4411
3985
2762
1185
371
2499
2554
3569
2421
2958
5340
2835
3871
3875
2195
-1
4272
3139
2501
3897
4004
632
25
1320
4772
1449
3037
923
3139
1600
4090
3035
1044
3496
687
4756
3139
2860
2244
967
1681
-1
5062
2495
2632
196
147
110
633
425
1480
5482
2104
1101
630
3139
2562
1583
739
5511
3139
5423
1405
810
630
4009
3865
1608
5491
1307
5354
1825
1300
-1
1707
5062
1734
25
5558
5003
823
3139
1091
2651
2390
1429
4763
1971
4772
2285
1307
4213
2511
3139
4226
1095
3139
1117
5595
1405
5704
3623
5061
4431
1300
4915
1850
5049
1405
1228
1044
5269
3805
1757
4229
2196
3139
482
4025
258
2146
4431
4772
2935
4210
-1
443
1206
5266
5402
-1
1036
1749
1894
4008
3592
4986
-1
2981
5238
4859
5402
-1
1003
3734
1318
5587
3139
1124
3139
451
769
2420
4431
825
196
5683
5648
2196
520
4689
5254
3308
5475
4772
5024
526
937
2175
5436
487
5413
5223
3696
4226
2217
2185
2156
-1
2543
3447
2122
2285
5408
951
5402
1313
4101
5497
3367
5105
4707
4669
1361
482
4966
541
3139
2285
4855
320
-1
1019
2882
1803
2196
3139
4890
2195
5497
685
3139
-1
425
3297
3162
3937
1650
2838
5010
5031
3136
-1
5709
1206
47
4890
5264
611
1948
4529
2209
3258
1583
3418
1841
1846
3139
4763
5085
970
16
3974
-1
4226
320
2618
2196
3997
4492
4884
414
4283
368
2146
3139
1095
3308
5576
3768
-1
3139
2122
3600
2328
5077
1352
-1
5402
4611
4008
4945
1425
5184
2134
2652
4158
-1
1206
1299
1016
2717
1219
4772
25
4975
1979
4795
-1
3317
2122
2971
1219
127
1044
161
425
4602
1687
586
4378
4032
1058
2030
2236
5087
5254
3151
1036
2269
1307
2196
1452
-1
4371
5587
-1
3139
3139
1514
1307
2826
3139
5362
4978
5002
1244
2443
425
2195
2762
469
588
4939
3107
5176
5195
1028
3621
4009
3395
3170
3179
5587
1221
-1
2830
1601
834
590
465
5594
2196
2304
5694
4812
4068
547
3139
3797
1482
1448
4431
495
4771
1105
396
2196
3139
1692
3139
2762
4890
834
2376
594
5280
469
482
2042
893
5587
2308
5139
2130
3721
785
5308
3247
5508
5419
-1
1811
2269
2787
4718
3039
5538
390
-1
1015
4064
1429
5706
18
4070
5131
4884
1429
4373
3873
4945
4724
2196
-1
425
4311
1598
-1
3139
912
3573
1405
-1
835
1425
3750
4082
2473
804
1407
177
5216
3638
2549
5264
1452
3308
425
513
4128
482
4053
3482
1160
4007
713
3412
1588
1193
2240
-1
-1
25
5402
354
2122
1709
1398
4903
565
1528
883
3139
1061
2376
41
4431
5022
2285
1583
1465
3139
3053
-1
2196
4064
4497
2569
3139
4115
3467
-1
3528
4529
2882
3139
5062
2196
53
3139
1331
4494
3107
4039
5530
630
-1
4771
1275
883
5200
5508
2128
4939
1213
927
4720
243
3160
923
2016
1016
3676
1044
1185
2220
3129
3139
2420
346
3144
482
5518
5062
3139
1297
425
2813
1601
5414
2574
4572
3139
3676
324
470
2231
1195
4494
5050
1853
3013
4158
3072
2135
5313
5433
1598
781
3682
630
3696
1215
3336
2200
2654
3139
2314
4669
5408
3656
4039
5402
2456
1160
1848
255
348
5254
25
2462
-1
1362
783
5402
5002
4720
1756
5247
1636
5037
3302
1601
1465
53
1298
-1
53
304
4039
1215
1136
3139
3676
5024
2244
4393
-1
5576
3555
-1
2925
2700
3139
425
3312
25
5545
2935
1405
2321
3410
1672
4986
1625
1601
5402
1380
3418
1168
-1
2276
25
5452
852
2619
1900
2762
5062
3139
472
3485
2721
3009
719
3404
196
5587
3209
2196
-1
4316
5049
3139
5030
-1
4776
4007
2615
4602
2261
195
323
1608
4508
3407
3579
1914
1867
5028
3497
5203
4148
5700
1677
4373
1101
1800
1704
3797
3139
4772
57
2371
5183
4771
1705
1798
4966
425
1429
3621
583
4498
991
689
890
1379
3308
3399
2196
5714
5152
630
1963
3768
1482
1699
5140
569
2762
2444
4856
-1
3139
2704
1636
-1
1565
2451
1339
2122
5481
4039
414
3308
2184
3479
923
5154
285
1354
1480
-1
195
2750
5254
4226
1583
5566
3003
4999
425
25
4075
3008
261
3189
4497
227
-1
1021
482
2365
5471
5402
5028
882
1853
3160
2645
3139
2196
2505
5156
275
66
5238
1116
3139
2332
1668
845
2269
2758
4491
2196
4437
3072
1780
5062
1736
466
4875
2146
541
2610
3139
2285
4337
3064
3051
4181
2042
5566
5313
1784
4095
885
5132
2285
-1
1692
778
2189
4431
2196
1101
5133
3183
2828
4506
1852
79
1270
1452
4158
3313
4671
3931
4890
5226
3139
2200
1307
3162
5671
1391
4497
632
5210
2958
3017
1004
3015
4497
4082
3655
3433
-1
2285
1976
4396
51
4344
1809
1664
837
3307
1161
5513
275
-1
630
3046
5287
1273
3433
4960
482
490
2290
293
41
1429
3136
4431
5695
2449
4332
3308
4371
1101
4584
4032
5405
3611
-1
2958
3885
5402
3959
11
1095
1307
1044
3139
-1
2697
1392
4993
5013
5438
2196
2195
5229
409
-1
1018
5648
4099
2486
4158
1465
823
2652
3162
3041
2200
3009
4078
4802
-1
3139
823
-1
4966
-1
3139
2156
2376
548
2751
2826
195
293
3711
1668
4844
631
244
1294
4224
-1
2122
3308
1081
1429
5587
16
5587
4896
346
4245
2660
25
5671
5518
5616
25
3838
2196
2443
3308
3139
2374
669
2826
3439
4966
5642
1725
3833
3139
-1
-1
425
1650
-1
3139
1273
5471
3308
1598
5694
24
4238
2934
3139
5362
5085
5558
3335
3641
1619
1661
3308
5712
1210
3456
2971
1465
3057
4896
227
1148
3154
-1
-1
3139
3019
1044
1528
1313
-1
5061
1427
425
1699
1133
606
2762
443
3139
1073
2374
195
4158
4763
3817
1847
2825
1044
4884
-1
5580
5616
3621
5254
2064
4039
4006
4188
3412
-1
4764
1422
2609
3317
3139
4565
2196
932
3139
5402
695
1681
3139
5024
904
3139
2200
2754
5587
4990
-1
593
1598
2406
5402
1699
425
3139
-1
53
5037
4787
683
2196
4645
1650
4878
3676
3621
630
2033
4792
681
4135
5748
-1
575
3776
2374
1407
2333
4757
1084
4238
1269
1298
2652
2196
5402
-1
5049
5674
3490
2884
4999
3139
1588
5402
2196
1044
2240
3308
4013
3602
185
4642
5062
5471
654
3182
763
1122
5402
1264
2478
1586
2882
1313
3682
427
4878
1185
5087
425
1867
2189
833
2367
370
1269
5264
287
1496
-1
4007
2813
1049
-1
3071
556
1597
3634
127
3308
3139
104
1061
4158
2487
3401
3126
338
4529
-1
4075
3057
590
1737
3139
3930
3866
427
3382
883
1262
875
5287
1778
3139
3412
3308
1601
4847
3777
3426
5287
4617
2615
2196
1855
2462
2999
4373
1448
5119
114
5695
5062
4255
1456
943
3341
720
5587
482
1119
3833
1588
3139
425
3684
25
5522
1947
400
2948
5499
4125
2998
5442
5375
5508
3009
3427
2328
7
1061
1588
556
482
1185
3185
-1
-1
2233
3003
5358
1695
1760
-1
1348
1025
594
2561
2705
2435
2619
-1
5145
5119
4586
2350
963
5712
967
62
1601
53
-1
2435
4966
3933
4393
2813
3139
4815
670
4995
3643
4602
5356
746
4677
3621
2200
3868
92
5391
2666
3875
1777
3442
2200
5733
4713
-1
2505
-1
1482
1131
1320
1904
1609
3350
425
2196
3162
1237
3308
1950
2196
5077
4171
4015
5024
5183
1285
3210
3139
1280
346
2196
-1
5426
2765
4653
4640
4396
3003
482
5140
4494
1326
4032
1482
3820
5487
3259
3943
3139
5671
4311
4015
1429
2220
2196
5408
785
2326
2279
425
5643
-1
1794
5473
1238
219
2434
5238
920
4039
3833
-1
3875
4599
3139
3139
630
25
967
182
2882
227
1307
844
3071
3396
2196
3771
3996
5331
5049
3621
3308
4397
1664
1044
5450
2246
1697
5364
3317
3485
3759
1710
443
5671
3528
4611
2825
5326
3943
3093
2619
196
1019
1601
1083
2383
4435
2383
1381
255
5111
195
4066
751
2615
4332
346
4805
2697
4998
3887
5402
-1
1576
4787
4100
489
1619
766
2470
1914
4387
5062
3883
3838
5326
911
3236
3139
-1
99
-1
15
5402
3139
2615
419
5587
1204
2189
5036
3139
223
4670
4000
-1
4720
5313
3569
428
1016
-1
1842
1230
672
1095
3996
3710
-1
1465
472
5470
1429
890
425
4111
5547
1113
2196
923
699
4444
1157
3139
1210
1781
277
3330
5699
2085
4966
3240
2390
5471
645
4158
-1
1740
4598
3833
1298
-1
1219
4431
2724
5489
2266
3838
195
3139
41
5746
2285
5133
5138
425
323
1331
2099
3071
2619
77
92
1429
4890
5030
-1
1303
3139
3218
-1
2164
5094
1307
3139
1777
2632
4494
3139
3139
290
1601
3139
2868
3139
4482
3139
25
2200
1095
1101
4287
1054
4032
938
369
25
3162
482
3883
5497
4250
494
3864
5369
4330
781
4966
323
3736
850
5378
1123
5049
1564
275
3872
5062
5587
896
127
3937
4064
540
5671
5150
3139
5320
1588
5497
3139
82
4529
1100
4431
4612
2130
1187
3139
4553
2200
687
-1
2978
4871
4720
722
2200
5200
2083
4720
5706
1045
3820
5732
4720
5062
2200
-1
25
5085
3289
169
3139
2501
2809
1173
-1
382
4004
2882
2149
612
1298
3046
4590
4158
-1
3139
5120
923
1213
196
1482
2196
1706
4553
1836
1298
-1
3308
2122
5267
1218
469
1307
3139
1056
5402
5538
57
3139
2196
3444
4890
425
583
3413
1313
18
-1
1036
2085
427
297
1016
291
4773
490
2285
336
1572
2101
41
5402
3592
1098
1528
3139
3259
4431
1276
4004
2223
4046
1178
1225
1619
540
1552
2167
5062
751
2122
2122
4906
576
2196
4396
5062
1313
1051
-1
832
4555
3840
39
3157
4130
2926
1583
5264
2357
4154
3139
4004
1740
957
3528
5551
3072
4482
-1
5687
2314
586
1061
1530
5491
-1
1030
5062
4033
4188
3073
5402
1405
1680
5402
25
-1
876
1019
-1
5062
5696
2951
2196
2196
5022
3994
1686
2211
1793
4763
2196
1079
2319
2200
2260
3621
25
425
4038
2285
3139
5683
-1
3694
5287
2196
5384
2281
3139
5495
5049
324
-1
1006
1755
5497
785
4188
5734
147
4494
5551
4546
3363
3139
5576
1716
1475
1465
4494
5547
1297
5149
-1
2196
5037
5402
1681
1168
3139
5284
526
-1
3046
3430
2569
5587
4598
2364
5062
5609
3659
2346
3357
3139
2200
5065
2567
2122
2420
3387
2004
319
1185
376
4245
3580
3522
-1
3419
1429
4360
4998
2153
2681
4142
862
-1
5094
1998
3139
2285
1861
833
4998
5655
2950
2860
4032
3809
2876
3139
285
1313
3057
2817
2121
5333
5001
3139
482
4039
4000
2196
1902
118
1583
3499
4005
1210
787
3918
2505
524
4015
-1
2271
3946
5133
2153
4226
5155
311
883
5052
1803
2285
3581
3139
4082
5131
3302
1636
3764
2689
4890
5049
3496
3049
3037
2349
3139
4586
141
1940
51
2475
4365
1508
4877
1452
623
-1
2084
2196
3139
3222
4397
4226
425
-1
3139
2501
5326
4332
789
4209
1793
1178
147
5123
846
2196
5629
377
1213
5431
1739
3924
4492
127
-1
1941
1219
425
4280
611
2196
2402
3139
4039
425
1269
5511
5340
4355
1044
1468
2383
3139
611
5472
4332
3139
3887
1298
195
425
4032
1313
2196
2615
5327
3137
1452
2196
1800
4945
2380
1397
404
4226
4945
5497
993
5702
4004
1677
3139
3989
2133
4602
24
4966
4847
3296
4107
5746
-1
3878
-1
4966
3399
3139
5412
2327
2164
1201
883
693
2462
3139
323
784
3768
1601
1480
3420
425
5746
2343
2548
1936
25
4818
3308
125
-1
-1
1466
739
-1
4333
-1
1475
1211
3062
4802
1861
780
4250
2564
3621
5503
2285
1510
5245
25
4779
2838
4482
2326
5402
2562
2189
2943
-1
195
3139
-1
2245
482
1601
3139
1298
1363
3485
3539
727
5310
1480
227
1259
604
-1
1482
5722
1236
5046
4768
556
4181
4957
931
1601
4884
1958
1017
4181
2196
4919
716
25
3139
1407
2531
4125
25
4883
5402
571
1482
2101
16
3487
5037
2562
817
4569
1785
448
1628
3139
147
1337
-1
1681
2196
3996
5699
450
1787
1659
-1
2866
4903
3139
5306
1307
955
4950
4787
482
5254
5333
3830
4564
4188
1498
1437
482
1429
2146
-1
5203
3139
4158
3139
1273
4032
3412
922
1339
294
-1
882
378
3560
5720
2699
4008
1958
1297
4039
1769
1450
1583
391
3800
1339
1813
5346
540
1194
1307
5203
3139
3800
3003
4438
2619
4742
5682
25
3296
2750
823
2762
1468
1668
1699
3139
3139
1836
4264
4945
4226
3456
4014
2919
5227
5402
1292
-1
2146
1793
2196
4992
-1
-1
489
1675
3283
1309
3747
1294
4939
25
2565
1152
110
482
1307
3910
-1
1636
2016
2762
1931
4270
2804
2376
2135
482
2934
5328
364
5402
491
2285
785
304
5402
3139
-1
781
3107
2196
1914
5212
425
1699
2762
5420
5232
195
3139
2196
425
391
4884
4945
1185
5073
227
3430
4348
2762
3162
4270
16
448
2731
1705
41
3308
3621
2195
4669
4152
5479
3139
4718
3203
1913
4188
2714
1583
-1
4772
689
1313
4691
1201
2463
2148
1313
457
2856
195
2247
2196
4027
1699
-1
3764
3182
2619
4615
5617
2374
3965
2243
126
-1
4004
1583
3695
1298
346
1269
243
443
25
266
3621
1003
4000
-1
683
2868
1036
-1
2375
2196
2726
5195
4760
2196
2927
2016
3136
254
3139
5080
5471
1184
1601
4945
3429
1036
2185
2137
1976
5133
2756
5203
1644
425
3003
524
5221
5587
3269
2290
3682
-1
1123
787
4678
590
3874
5706
5293
454
1583
1722
-1
5191
2196
-1
1664
2770
3581
2838
5402
1042
3433
3389
1201
4000
3139
2312
5402
2153
3139
1601
1608
5587
5402
3139
-1
1588
3029
3296
2789
2748
3621
2196
3966
2780
25
5433
1800
5685
2619
-1
3979
4183
4998
1465
3003
4726
3139
3139
4411
3139
1757
3139
2882
785
5085
5466
3139
1465
1468
3097
2376
5271
1269
2196
3751
425
425
171
1372
5200
1307
5483
25
740
-1
1044
5402
3240
1307
3139
5402
196
1384
3735
5395
1297
1468
4993
1116
1183
1346
4226
5491
5402
425
-1
2795
-1
3528
3139
1793
2813
1583
5424
-1
2901
2003
1650
425
16
1303
610
3302
1617
-1
425
3139
1776
2779
285
3139
1044
2000
1796
3240
291
5238
5049
3952
2615
5133
4399
5205
787
4158
4458
3730
2994
482
-1
5266
1040
482
303
2285
1056
1320
537
1227
4751
3139
4136
1222
5466
3139
3107
3139
4444
4467
1517
2880
4496
3000
5002
3160
3139
1095
914
2118
3003
2082
5576
1307
374
3676
4287
4330
2326
5433
3826
2882
853
1016
3676
1114
3136
687
5172
1909
3162
3139
1119
825
-1
3139
5067
2516
1498
680
2196
425
357
227
427
195
2082
4079
4520
4004
2200
4332
1307
894
1872
3139
1073
-1
1730
-1
4877
482
3139
3696
632
2154
4154
425
425
2615
227
1283
540
5062
1583
4440
-1
425
2078
305
3072
1429
1095
1588
4497
1770
790
4713
3214
1307
1699
-1
1168
1429
964
1902
-1
1016
3139
3682
5228
2911
1681
4332
-1
1086
3139
275
2533
828
2084
1429
1297
5160
1714
425
4108
5061
425
1404
5165
3139
4945
1042
3838
556
521
2440
381
-1
3604
356
425
441
3139
5045
2023
5402
4945
338
3139
4877
5402
3192
1809
1777
4887
492
5362
3410
25
4629
5027
241
1269
5402
1504
5087
2211
4226
2015
5056
1044
3139
425
1661
2435
258
1116
645
1608
-1
1816
1313
4438
-1
3139
92
304
1814
1160
3894
2200
1178
2660
411
482
2406
5623
2390
4497
632
-1
957
3363
2196
3139
1588
2189
1168
1458
4469
2196
1168
4438
1699
2285
4226
4004
425
504
2070
3240
1529
2762
923
3072
5318
4494
425
645
4300
1393
2615
4889
4999
425
3139
1285
4670
4280
806
482
196
5336
4039
15
5668
1307
1606
482
1896
2200
3139
4661
5049
1073
5061
1635
1945
4772
1171
276
3139
560
2989
1636
4764
1095
3308
1583
4142
3139
4107
4032
2200
1185
1937
4338
4005
1230
1300
3072
5442
5384
4047
2164
4950
4922
3308
890
1945
3139
5419
2477
482
3480
835
833
4878
5355
5036
1482
1185
3623
3139
3638
4766
5192
2750
5695
595
4891
1307
450
3308
5587
4329
3595
1452
2122
1890
1585
4158
4295
1340
1601
5133
482
722
1095
4071
25
1482
2285
3000
4277
2954
2320
3135
41
2220
3159
4188
1307
5271
5587
2196
3996
911
2936
-1
540
3966
281
3139
323
3003
2477
1126
1130
4768
-1
5405
2196
1598
3678
3269
993
5413
4233
102
1352
2613
2798
4801
3342
5384
2285
-1
5362
5085
3869
-1
1044
1681
177
5461
3308
3219
2360
1664
4890
2196
275
3833
1323
304
-1
1339
3046
5362
3792
1313
3139
1798
1427
3838
3946
4891
2989
4541
1945
3284
2872
4660
1793
3768
4966
853
1971
177
183
2196
4006
4906
5362
4438
3789
4972
3136
2285
5505
636
5028
882
5036
5744
789
1598
1185
3974
4226
-1
1401
3676
1402
2762
1860
5170
4733
2669
5587
3959
482
2514
119
2406
3139
4057
3139
5370
3904
2385
25
1042
3485
2122
2567
4978
1722
-1
3028
1184
4287
2102
-1
1023
947
156
2830
5003
3845
2350
4420
5271
2196
275
4330
3139
4739
583
5671
2733
2304
1429
5576
2588
1482
-1
1230
3139
470
25
2762
3773
3838
2998
3139
2557
4998
4915
2196
3930
936
485
2619
661
1775
3761
-1
1482
2196
3480
4492
-1
2882
1036
2714
2762
4082
923
5384
5671
1298
-1
2314
-1
4148
1452
2026
2476
4651
1185
4004
1829
92
4371
4015
2245
938
967
-1
5109
2752
1074
1737
1095
2200
4004
1405
1594
4884
3931
-1
2196
3053
5587
3980
594
436
695
2846
-1
3113
3770
3139
2519
2830
2994
3687
4996
3996
3139
673
1469
2825
2642
3507
4507
1501
25
1588
5433
5507
792
4945
883
5062
689
1418
3317
25
3432
426
25
1072
2731
425
2630
4471
5215
4181
3777
206
185
2393
3134
1796
25
2334
5402
1452
1073
5354
3614
2772
5520
10
3856
25
2374
3933
25
473
923
5497
3711
5311
4494
4466
2200
-1
2196
1307
2489
-1
1310
1929
4239
2008
2912
4713
3621
5497
5290
-1
2205
4772
5402
166
4371
785
1140
545
3139
425
1157
4330
648
5313
4147
3139
1298
4492
1962
2762
4994
2196
4525
2269
195
2993
-1
452
1468
2196
590
2591
5062
1185
5711
62
4959
3000
630
2018
5499
2762
1541
3701
2333
4669
883
4079
2212
2744
3139
3875
5673
1601
3139
3071
3676
2462
1407
5611
73
-1
1601
-1
-1
5744
2259
3532
5475
5155
-1
5714
3056
4373
3993
-1
3009
5062
2619
2146
3115
195
3046
4890
1601
1307
-1
5582
2191
4570
2156
1495
2130
937
2971
1740
1016
208
5402
5132
3537
2016
3071
5587
1223
-1
1290
1922
1809
3139
5162
590
-1
4276
1598
1210
1601
553
916
2111
2697
5508
4511
1300
5558
5402
2724
5497
5009
3139
3139
-1
2285
4771
2892
4315
1061
1178
5402
220
4582
540
4226
2825
2393
1300
3297
5130
5038
1433
-1
2832
5062
-1
3139
4740
258
1016
5304
-1
5748
5062
1354
1757
2195
2762
5671
3308
5087
4716
2986
2385
4469
3966
2267
2374
2322
833
4226
1711
2196
475
3139
-1
2724
1119
1073
1601
1549
3500
5444
3116
3040
2248
2956
5241
2196
3139
1086
4884
5062
4015
2826
3994
3815
16
4629
482
5352
2497
-1
3139
25
2600
4032
2621
827
3439
350
2075
5612
4662
1273
2196
2620
3676
1753
2042
4753
3009
5402
2170
1465
129
5507
-1
1902
1001
850
3104
1780
1298
4086
425
2200
-1
3139
2285
3789
3569
1511
5021
1255
-1
5402
1019
2383
2196
4772
2489
2190
4158
-1
3507
1269
2420
1468
2376
4226
1898
1945
25
2923
1756
3676
1470
2820
4712
1201
25
425
-1
1303
2943
2993
3735
1931
425
3146
2825
4357
-1
2285
4993
4226
62
3952
1779
5049
1405
4082
-1
1583
1677
3856
3139
1429
3157
3636
5086
810
5062
3875
5587
713
2754
3676
2364
1253
4586
687
5188
3056
1887
2163
1523
4052
196
3308
-1
2390
5402
4648
-1
570
4658
2360
1405
425
258
935
3768
3160
5236
548
4567
5587
3139
3003
1116
1083
425
4431
2160
4576
425
2189
4157
-1
4975
2196
4460
5238
131
4158
719
2677
4807
3069
1909
5133
1482
5077
3197
396
4020
2462
4792
2146
937
2285
1601
2153
227
5062
4718
1298
3790
4298
1623
114
3139
151
1307
41
5640
2196
4978
4852
1185
4598
2383
2285
1703
1505
-1
2145
5402
3072
5547
5049
5402
-1
1019
251
399
1480
25
3869
2196
127
-1
3044
2688
383
1358
4720
-1
1716
1601
425
2824
5562
3139
54
2731
2764
2500
5271
1480
536
1149
3263
3139
1313
3139
4014
-1
1116
3446
3743
923
2196
2196
5402
4784
2882
3623
1318
5598
525
3535
2200
4380
1217
1793
325
5140
2671
3924
3830
425
498
540
4602
2196
4093
1412
-1
4475
-1
2013
2566
3278
4844
834
1468
1510
4871
4253
425
1201
-1
326
-1
5062
-1
1425
2189
1996
2350
4039
5062
147
2243
5547
1472
2196
2196
2632
4534
4447
3946
4000
482
221
343
2200
3238
428
3656
5443
1215
4286
4158
4494
147
834
3875
5505
3139
482
1601
4315
1119
3191
2257
3650
1482
3711
2196
425
1468
-1
147
2196
5497
1083
1313
-1
4945
4151
3139
2809
755
3400
981
2724
2545
425
170
1619
1044
5062
1583
2364
3841
2285
1790
5193
1504
-1
2267
4841
5563
1307
211
3308
2837
-1
-1
1496
5678
4349
1311
4080
4039
4763
1981
3046
722
4617
3957
1185
1297
4890
5507
4945
2200
3139
1551
4225
719
4392
25
3129
4482
1193
590
425
3581
-1
1160
-1
5402
423
1429
1605
1201
2285
5062
4890
1709
2615
2807
2326
2189
2308
4871
3139
3440
934
-1
5471
4945
2687
3089
-1
95
4647
4470
5336
25
1269
681
5232
4966
4039
5462
425
2465
4111
3139
4718
1093
1913
1468
2016
-1
2339
227
875
-1
430
5401
5576
5340
-1
5571
2762
425
4226
2619
-1
25
1044
2290
1003
5574
3139
4995
541
4890
774
4956
1298
5587
681
3025
5100
1116
1201
-1
3240
2627
2164
3139
5614
3139
1313
3479
391
3947
3015
4942
1269
1362
2196
3952
3823
2999
4945
3225
951
1378
258
1323
5297
2735
4604
2762
3072
3354
5209
3875
1769
2328
4243
1575
1007
3503
2019
3339
-1
2164
5491
227
5497
2901
5318
2435
3800
778
3363
400
2195
4492
540
2828
4750
2196
2872
425
1320
4039
612
992
746
3566
583
2412
5431
167
2164
5558
3139
2826
5671
3308
5152
1283
3139
3640
2273
1318
-1
3816
4200
5402
1085
3632
1601
-1
3139
2196
5402
4815
2615
853
2294
303
3139
242
521
1273
1781
3570
2630
1298
-1
1731
1861
3139
1377
865
4892
411
4039
177
4371
890
957
1451
2301
4570
1168
1759
2200
594
425
2715
1601
2674
2164
1482
1814
3432
1919
594
2364
1204
2269
4704
1339
770
-1
4208
2186
1297
3139
5202
3139
1184
147
2196
1598
5688
3139
4291
3676
3240
1044
3114
1054
-1
4122
4425
4039
3139
3171
4057
2662
5491
4151
1095
5724
823
2497
4799
1475
5402
2505
5359
2691
3005
4833
5587
1465
695
2649
425
54
482
-1
850
2476
3100
-1
5062
3113
3833
1754
3139
4226
1776
5133
1176
2776
220
4720
3139
-1
1598
5505
1313
4255
4890
3139
975
3139
5062
1793
743
2463
1776
2078
16
4015
3139
1313
4829
5361
3040
2673
25
5543
5077
580
378
2200
973
5687
4276
5672
2567
-1
572
482
1459
348
2028
304
5338
2428
346
-1
2665
2196
833
4598
3139
1945
702
2876
5687
2016
4564
3496
5069
2195
4226
4431
3139
4890
542
2168
65
815
3139
4123
1101
3139
775
56
2587
1472
2196
781
5293
588
889
5518
1583
3800
4019
1530
1583
1551
5062
53
4655
3562
-1
4718
3054
-1
1647
3139
4884
2724
2828
1124
-1
1452
5518
-1
4245
4269
3528
3349
-1
4966
3621
2200
1210
-1
4238
25
5471
5497
528
3822
3669
2455
1206
1429
5152
3240
923
5671
1429
5053
230
4890
4023
5463
862
4915
4158
-1
138
2881
4332
-1
1504
1475
1405
36
1727
541
1932
2082
3438
2813
2336
446
3139
5013
249
1509
3663
4226
4689
2393
1429
981
41
1178
5087
5384
1583
2200
3458
5497
1804
224
4531
3162
4945
4039
3046
1949
1703
1341
2285
2825
254
482
2838
2426
1475
689
67
1180
-1
2685
594
2882
3621
3139
1298
3807
2825
1468
3269
3140
-1
4521
3410
-1
2135
1777
3139
4836
1601
425
853
2295
739
1793
427
2285
1731
5497
3946
304
2196
1706
-1
1506
5062
227
2196
2148
2958
4039
5111
1653
3875
3139
5140
-1
16
2390
1405
1696
4287
3139
4915
-1
3484
2200
4647
1621
3139
3069
-1
391
3676
2243
3696
2122
3326
5062
1914
3139
2461
3139
2182
1269
540
2848
4079
1300
3875
53
482
1601
4654
2724
1044
2196
1463
1361
5580
1793
1809
5062
2719
1298
2459
3707
2792
482
4602
425
5729
4226
5071
5132
838
425
3139
3761
353
2691
3833
2196
2196
1778
540
1193
-1
2005
2482
1016
-1
229
600
4431
3139
4720
1501
3735
2652
2243
25
739
3329
2731
-1
227
4792
5118
1270
1759
2042
3139
2435
304
808
993
2619
25
233
590
4825
2429
1482
1481
2489
2196
2799
1215
348
4365
4798
823
3294
132
-1
2196
1611
1101
3308
1699
2863
-1
4267
5235
4478
1601
2929
1044
5104
5073
4768
1036
1699
2285
2615
2189
2196
3139
3095
4049
-1
1858
1650
3066
2861
5235
276
4079
1931
4007
1583
2146
-1
3139
3139
425
4004
3496
-1
2224
5695
4208
3676
450
852
3709
-1
4772
-1
2285
5267
585
4771
4654
3676
4718
2197
5287
4351
199
2079
4142
1468
5532
2285
243
-1
889
5402
1230
82
1206
1063
1479
3139
2633
1681
350
4606
400
195
3696
3139
1482
2285
2285
2762
2153
1359
4231
5418
1480
3944
1221
2953
5714
4738
127
3139
5191
4945
4196
414
2363
1230
2457
4380
3139
109
881
2383
3139
2196
4373
4039
4406
425
5031
2762
1307
5062
138
90
5062
3139
2838
2867
25
2196
4507
-1
785
1462
5133
1821
1429
-1
-1
5074
5477
3139
1054
-1
4993
3015
5342
2754
2122
5428
124
1201
5687
-1
214
3139
2565
3062
1692
746
5165
2200
5402
2269
4311
4453
3196
25
425
3015
1475
743
1339
5333
1583
2825
4616
3139
2863
-1
4240
3308
2196
666
25
4727
884
4949
595
3580
1699
100
3976
2285
1429
3926
2474
177
1307
3107
1157
865
5402
1076
4775
1268
3707
1429
3139
18
1588
482
4785
5295
4142
-1
54
1823
5042
1185
5676
859
1181
3322
3946
3308
4877
1821
4638
1830
4431
3139
3730
4371
4111
4226
4890
25
5542
1185
5472
3139
5402
422
1244
5475
1405
25
460
3003
2689
-1
3311
3096
-1
3139
4654
418
2502
1267
99
-1
4039
2747
3572
3139
2712
3139
3139
3139
4129
3308
3139
4638
2016
3139
-1
3057
2911
1307
5472
1054
1470
1779
5273
1012
5254
4890
88
2873
5591
1298
1941
3668
4619
475
261
4998
1588
3139
91
3139
5645
4158
4647
1692
1230
4222
864
2285
4223
1504
2989
469
5093
1151
3139
5164
3161
5475
5638
2193
825
1482
1157
5271
5254
-1
4564
1452
1241
2122
-1
3512
3621
4162
1307
1073
3577
1116
4142
-1
5414
5229
425
3739
5170
2017
810
594
2196
4371
1624
-1
4628
1579
3485
3450
3139
541
5576
1405
2620
3656
3139
2196
-1
1465
4986
359
2153
3621
4397
2285
2619
117
1692
3621
465
-1
2762
4451
3800
1313
425
4916
3959
25
1598
3139
4808
4656
3726
3983
5616
4900
1019
2463
-1
5344
2843
3707
425
5521
5002
1482
5156
425
4586
1649
3377
4082
5102
4430
1429
5544
3139
4497
-1
993
1722
3139
4945
3139
4484
3623
1076
1307
4823
3400
3139
1506
432
2174
746
-1
1405
5362
4039
1613
1307
1429
1126
482
1269
53
3139
5248
4040
2196
5731
2462
275
5669
5030
4534
3245
4513
5621
1638
3943
4857
2366
5576
16
5062
4492
425
3018
2196
-1
2132
4497
1848
3139
408
2813
3219
5472
1086
5566
5699
3736
3308
1493
5402
957
3139
5313
1206
3262
2812
263
4181
4489
2998
2333
-1
123
4439
1185
2204
1119
1601
1601
5362
1759
4260
25
304
3139
3651
2083
3360
453
5402
4298
4954
1378
4158
785
3595
4431
3139
2325
823
3410
5712
-1
3139
594
3139
597
594
4598
3098
5062
4615
1215
3875
2146
3139
5514
1297
304
2813
25
5587
324
4852
5466
4836
5050
579
-1
4408
2290
635
630
4772
5657
4431
1495
-1
811
835
1722
1777
4021
3875
2021
5611
4039
3139
4200
1168
425
4311
1298
3869
1350
548
2164
25
3028
2200
3461
3980
-1
1193
4945
51
25
307
1971
5028
425
3676
475
3004
2619
5497
2349
1465
57
1095
5062
4544
1823
1168
1307
1183
3838
183
3139
1285
2008
4497
1378
1775
2218
4015
4669
227
3308
1778
5399
5387
3800
1583
1793
4764
833
5122
3071
605
3621
2585
1044
5203
5378
4654
1581
5062
923
1313
1202
4890
2227
366
1909
1793
5671
993
3308
41
2211
5744
3240
2378
2285
1459
1405
718
1163
714
1468
3139
5612
1918
884
4966
3895
3139
177
2864
1891
2916
4718
-1
1429
209
836
2146
3139
2825
1116
296
5714
5034
2801
3139
3139
4945
3513
1601
1902
3240
1452
4778
5062
-1
4438
1616
2146
2724
36
1339
1480
4039
2551
555
4978
1465
1389
-1
3744
2332
4161
2146
3343
4000
630
1572
1807
3139
5694
196
4039
5419
3822
2146
1777
3139
1699
1650
2269
4975
2430
2989
753
452
-1
1723
2125
1429
3863
5340
2827
3996
3550
1722
482
2196
5102
5362
4682
1016
2333
-1
-1
25
5370
-1
1405
1194
2285
1583
1583
1805
2107
494
425
1230
1829
4680
444
1870
1601
4339
2196
2719
-1
5408
827
2998
425
4890
5213
2285
196
3880
2196
1709
5576
4226
3889
2285
5695
623
3139
2998
623
737
5062
2146
5004
3139
2200
775
785
4864
3139
-1
5028
5721
3139
3139
5587
5695
1345
5268
524
1137
5183
5107
5733
1897
1172
1298
1095
-1
5122
2290
2981
197
3003
583
3898
2949
1619
-1
3595
2749
3871
2189
3139
25
2748
524
2383
3000
4735
4410
1658
2524
3615
1297
196
2215
3888
4966
2762
3800
5002
1168
2297
1546
4890
5062
1003
4015
147
1914
4004
3378
1988
1504
2326
5402
474
594
1808
5402
3139
482
485
1601
823
5274
2792
2196
425
850
2164
1286
2058
583
3139
5509
-1
4265
4264
4718
2801
2731
147
561
5402
1958
4912
1307
-1
963
1307
4396
4874
3378
2084
284
3800
1579
2895
3139
1194
3976
5362
3595
1016
5598
3139
3139
3833
3875
147
810
5441
2911
5587
395
5714
2390
2225
2285
4274
77
5287
1460
18
2326
425
3621
2154
650
26
3676
1636
5419
2724
-1
2698
3676
3725
-1
2882
1676
194
4721
4014
2651
5497
315
-1
147
1750
2196
594
2476
303
5213
3495
3136
3139
3621
5330
5507
4939
1619
2837
3139
5206
4039
4181
5326
1771
5587
25
-1
3317
425
-1
5087
5730
-1
5271
2066
5022
261
2363
5576
2037
3850
5049
-1
5129
422
5062
5690
1204
1685
1119
4053
3768
258
2828
2200
3840
5121
5402
5583
4966
3139
2689
1902
766
3317
1101
3139
2872
378
76
2066
4772
-1
1549
1818
5282
4406
2196
1429
4949
3274
2967
1204
2911
251
133
1016
5493
4730
1044
5219
2333
5345
4385
391
2122
2269
209
-1
425
4196
2771
3382
4185
260
1988
2292
25
2854
1269
4039
975
4945
1298
823
2958
425
5331
632
3485
4015
1429
1588
3308
5547
2376
2420
540
5183
261
297
4226
2196
4438
2285
1801
2762
883
1849
4945
3139
5390
15
642
4266
5587
-1
-1
3308
810
1478
1160
4890
3059
1487
138
5062
3595
4497
1079
3139
563
2113
1909
5155
-1
2630
1503
5003
2878
-1
1144
3139
5714
1699
2153
1601
1157
4802
4802
890
3702
3139
4705
872
1307
3676
-1
1307
3591
3139
5512
2196
2100
4067
1183
937
2130
5671
428
3676
1178
1185
5402
1664
3003
5165
1636
2762
-1
2762
275
5050
1210
4689
4555
2664
342
127
3066
2760
931
-1
3139
539
3139
5315
3485
4001
1452
1475
690
787
5402
2196
2724
2059
4733
5402
4226
1429
2813
918
177
3682
5318
1890
1083
1722
3139
5700
2724
3139
1703
2882
1583
1800
3139
5287
196
4763
229
5063
1902
548
2473
5402
16
630
1501
5335
1405
1885
1759
3997
3623
450
556
3242
600
3506
4082
2574
2153
5323
4966
3528
2424
5236
1583
807
2665
-1
1238
4188
1313
3630
5671
3833
66
2462
2333
561
2135
3139
475
-1
4564
425
1163
4780
5276
3987
3139
3887
416
3139
3645
25
2978
4720
5340
-1
4226
2060
4790
4998
5402
-1
4371
3308
2901
2420
5036
25
630
4836
5208
52
1056
1461
-1
1847
1052
4865
3246
4641
5271
2160
3015
5077
4226
2830
5547
5625
4283
923
3139
1480
3813
2462
4482
5190
196
547
482
4032
2200
154
5304
3315
1045
630
5074
2762
1095
5384
2243
2427
425
4815
2505
425
147
-1
5085
5248
967
1827
-1
3748
4311
425
5023
3139
5712
4158
5133
-1
540
3139
4720
2551
1452
3187
4200
4695
4884
3358
5388
2160
4188
2806
4603
25
4619
3433
3575
5402
5508
5218
2864
35
482
2825
3139
3480
5426
1307
2189
3003
785
3468
482
1338
5712
3308
5661
4886
1722
1583
1054
3139
1583
4397
-1
4092
527
4033
1307
2633
377
-1
3838
425
5445
3308
1178
57
3825
4720
2862
5313
4097
-1
1888
3066
1339
1379
4030
3139
2724
195
110
5402
923
1405
2435
3011
1270
-1
3139
5402
-1
4295
1504
5213
4778
107
2407
3289
5648
1567
4888
3041
971
2285
4965
3308
1760
634
4574
5162
16
5062
3139
2762
3621
1429
4713
4890
2171
-1
5616
1206
3623
5015
4356
4993
2124
1265
-1
452
3595
2200
1750
2113
1230
3491
425
1573
195
1498
1777
1044
1210
4720
16
5587
237
3003
975
-1
3018
985
2470
304
425
1809
2160
3392
3110
1616
3857
615
4781
3588
1402
2615
1167
3696
-1
2691
2161
5200
975
3832
2830
2084
2140
5402
807
5153
5286
630
3238
-1
4165
3581
2248
3946
-1
1750
2057
198
425
4718
5049
-1
5497
2633
1797
-1
4143
1945
923
5683
77
5062
452
871
1019
268
4332
1230
3596
457
5508
645
1793
425
-1
-1
5565
4945
195
2462
833
1307
4941
1233
4944
25
2331
1307
5222
3738
1452
263
1095
4373
1661
1601
884
4194
425
25
2762
4752
882
4240
2016
227
3139
1452
3139
5062
2120
-1
414
3954
2326
3215
147
195
1800
2872
773
4226
2467
2396
3139
2548
1354
3717
348
2196
3155
3315
1493
5062
1462
3139
5362
5402
5576
539
1298
346
5402
3139
556
2568
787
1230
-1
5408
310
3139
747
2146
479
41
2380
425
2832
3003
907
1394
3596
1429
3592
158
3232
422
5488
4969
5030
4158
2146
1465
1155
3676
3711
5504
2253
482
41
2200
5062
2516
1101
2196
-1
1692
2840
4226
4153
1583
5085
2507
2891
3113
844
3139
3581
5002
1083
3447
1112
3458
3308
5652
2813
2876
1157
3139
369
1583
1429
2619
2390
2087
1884
2548
1307
3980
3308
1201
2122
25
3996
583
3139
1108
-1
5082
695
2619
4978
309
2370
4884
3069
1261
4117
-1
5725
-1
5410
-1
5402
2285
227
3139
1482
2383
5402
5049
3878
482
1864
2697
494
1327
3656
5062
3139
2347
4089
539
5335
1429
25
3595
5687
4772
367
5133
3412
4406
1709
539
2328
5747
2994
1586
4561
814
5557
1269
4772
2538
-1
5650
4473
618
1183
4408
886
2615
1429
1138
1429
125
5362
5742
4611
2897
3139
5417
5466
425
5143
2615
5533
2706
3223
3247
1654
2345
2602
2076
1595
1427
1184
5058
5381
2196
1012
3528
998
3162
1588
3369
3497
2911
5457
5062
5719
5402
25
3085
177
4763
1206
275
5747
2200
3499
-1
3139
1583
4294
281
2364
4993
1230
1152
4396
3621
234
3316
1433
4318
3139
1354
630
1152
1601
4820
2619
5587
5512
3139
3139
5471
3628
2089
1796
4571
3814
3396
5687
5062
5338
2196
1339
5088
1681
3412
2122
2350
5462
5402
1251
-1
5049
4039
3822
2200
3366
4598
-1
4758
4287
4486
1572
1027
1426
2158
5182
275
540
5490
5062
3279
2524
4332
1444
4307
4311
3499
1016
1681
883
1095
600
1313
4237
2183
785
1286
515
556
425
3003
1699
5000
1371
3360
-1
5235
2196
402
25
4098
4615
3071
5049
1729
561
5402
2196
4950
1185
3071
276
1246
41
2617
2534
5387
5124
2830
3139
4482
2097
5446
1036
3841
4998
4200
3139
4287
583
3676
482
4668
372
5587
53
3507
3139
5384
3377
5062
275
2702
4815
4817
2510
2050
25
2196
5132
2517
227
5419
452
5497
4254
1429
5203
4017
1429
1378
2724
1119
611
1539
1686
2057
2211
2196
5657
391
4121
5049
4853
276
4548
1518
5062
683
1800
374
4777
1313
2813
831
4082
5362
4720
4142
1044
4213
2196
2196
1307
2779
5062
127
2154
1347
3144
3139
3139
1465
2196
3139
25
-1
2840
3473
227
2146
5402
1157
425
3139
5133
3916
4188
1044
4784
1359
127
4966
3071
127
-1
3308
3839
2196
3756
5293
4969
1269
1178
-1
5260
5049
-1
4478
5049
2196
3373
-1
2326
3273
2809
3206
3772
5512
807
482
4992
2124
3139
915
3621
3724
2958
1793
2819
-1
1468
1012
2135
3333
25
3539
802
1928
4760
4890
2619
3139
1318
2535
1650
2710
5547
662
5512
1300
2122
5402
3994
5279
5596
2196
425
5062
3596
2724
1119
1532
688
5402
2113
3487
3641
3139
4975
4373
1453
69
308
3676
2240
4362
41
295
3875
3954
4900
564
3308
2615
5548
190
3644
540
2619
196
595
-1
3302
5587
4945
4438
4307
1405
2867
1504
3139
1681
4383
4382
2189
107
2781
1504
1699
1307
2813
1269
4931
1168
103
3427
4367
5191
5155
5093
-1
3308
3940
-1
5366
671
-1
1650
540
-1
4110
425
3781
3891
4836
3000
4700
2376
2521
2055
1164
4720
3139
630
4356
1407
4332
778
3139
2196
-1
3944
853
261
2911
3139
2067
1468
5402
5402
-1
41
686
3162
1601
3985
1832
-1
4293
1836
3115
2196
-1
5003
3177
2762
293
1681
3066
3139
4059
1885
4158
2333
4066
3139
3144
3069
600
-1
4647
5222
5022
1520
2333
2515
3592
229
-1
645
3139
2558
4223
2154
-1
2084
1405
3139
3696
3980
1427
1727
1809
1583
3862
5330
2196
3761
2776
2934
3017
-1
1709
184
3869
5402
425
4484
5077
4176
5402
3308
2462
2285
1201
2191
255
1108
2243
778
541
427
5402
695
3621
4944
3057
2703
2019
5062
1119
4004
3342
5731
2200
5402
1506
3628
3396
1206
4188
4045
5574
1374
1351
5000
25
923
-1
4850
1307
-1
25
1583
5062
324
57
562
4158
4181
5528
3875
4158
5748
127
995
3139
3943
2400
485
1583
2639
-1
4059
2149
3332
1119
2092
3781
3315
2207
-1
-1
5087
1429
3163
3449
1493
41
2838
5402
5050
-1
5061
4378
-1
3170
4476
2189
-1
5155
1285
2285
1465
1994
5402
1180
4274
3889
-1
-1
1097
633
5384
315
5254
4074
3139
1017
4539
5354
590
612
1044
5566
3139
3961
724
3003
41
688
482
1313
5049
1384
4777
1640
1166
2196
5521
2255
3139
2762
2196
3003
4004
1361
1405
2164
304
92
3139
3422
5122
4777
4763
1475
1048
5177
5382
-1
2840
2148
1707
1354
1647
3095
3139
2825
2196
556
2879
196
4265
1273
5162
-1
1699
1296
427
5646
1781
688
5387
3682
4039
3241
2196
2038
2390
1300
1452
630
3682
3160
4808
630
5558
5535
1254
2135
716
79
5049
3803
5667
2339
1452
3651
5402
1727
4890
4226
444
1318
2643
4947
3046
4028
5334
1405
2762
-1
4799
2245
4890
1003
391
1044
1327
1523
2149
3066
2939
1271
5551
1003
2591
2462
275
2244
531
2285
1403
1044
222
3980
4142
4459
3583
1928
3195
3162
5064
223
3139
1699
2435
1288
5293
3069
2153
5133
3641
3985
2151
1465
5064
823
4635
996
3139
1949
4654
1551
3976
2825
1598
425
2396
3378
304
4200
2762
4890
485
997
3139
611
46
1313
2146
2196
2748
1814
1415
3996
4298
25
2016
177
4385
4754
1784
2987
236
5068
1283
3495
482
5419
3139
2390
2285
3991
3833
425
22
-1
3683
5576
1814
-1
5402
585
3150
1138
1583
3641
25
4004
3592
5576
3752
3781
923
4226
4222
5533
25
306
3569
2913
4828
1429
4287
3197
3293
1313
1044
1722
744
4484
1699
2165
5271
2285
4051
482
876
4945
4348
1354
2164
1480
3833
5402
25
1095
2762
3139
4988
4802
2196
4039
1045
2724
3569
3139
2476
113
263
3139
-1
5471
4226
227
4497
1354
722
1139
2505
5148
2285
2085
1313
-1
5402
1019
3139
4185
3593
4371
1161
1583
2196
2122
5469
3762
-1
127
1528
1201
4771
2930
1307
323
4039
5271
-1
2196
3800
227
1414
5142
1339
3600
-1
719
4200
2066
5062
947
3308
4615
1945
5181
5049
3853
3160
2196
1354
4200
3139
-1
4376
3498
5402
2196
1168
5122
304
3449
3139
1307
3037
1044
3907
787
594
3526
1945
3220
87
1115
1206
2338
4783
1210
2196
2200
2234
227
644
3403
823
147
494
3139
1699
2035
1976
4181
62
4637
4711
3308
2122
4039
3057
3009
2989
3139
3770
4398
526
5030
2193
5333
5087
4197
1095
5733
5069
2206
4142
-1
-1
3712
1352
2549
25
3676
1307
4290
2043
2744
425
5096
5706
3139
34
-1
4578
5671
4039
586
974
3308
2196
2016
181
1124
3875
3139
457
588
-1
1327
425
2826
4272
2196
3074
5280
3401
-1
2762
4878
867
1809
1019
4801
3139
1298
3139
834
1190
1157
526
3847
540
3139
2710
823
3896
796
4771
25
982
5062
-1
3139
2968
2200
1221
3046
2396
2196
1776
5081
127
3931
4374
3003
3820
1379
4566
230
696
5402
4038
1465
3308
706
3139
930
1601
2922
4844
5085
5028
5190
1283
4975
1635
425
3139
3985
1405
2462
3798
689
5497
833
1482
986
4682
2196
1583
1161
2588
4072
2082
4986
2644
-1
4694
411
4264
5337
526
2860
515
918
3139
3544
3067
4438
4820
3820
2200
3676
2196
2465
1120
2550
4563
2196
2196
5022
1425
521
5148
1116
4719
548
5183
3139
3139
4763
1339
2950
654
-1
4345
3725
5611
482
3554
3139
-1
2886
1171
3139
1598
1780
5201
1606
1118
1036
395
3139
1183
4718
4945
3596
2196
-1
3970
2414
4763
746
3869
1206
5254
5304
2196
4000
5203
3164
3072
5262
4110
4039
4064
4334
1699
3945
1462
4021
2248
-1
542
3869
5047
4763
1056
314
4039
2998
3955
1750
4344
3996
2196
1429
494
1407
3057
1044
4007
-1
1012
4073
2724
1800
2285
3888
1661
2286
3682
3164
-1
5062
1475
3331
5160
348
4778
5466
4146
2196
-1
4693
2681
4177
25
-1
3380
594
1978
1160
3139
450
1168
5333
583
2196
3331
3139
2374
425
346
425
1468
4747
3800
3974
4507
482
595
1315
5561
437
2196
5186
5271
1792
882
540
4957
4654
4986
25
5566
195
2074
5062
4193
3461
3139
5734
4825
5473
4966
1263
2382
5642
4454
5109
-1
3027
1824
2629
4959
4438
594
5402
5232
872
3139
3139
1702
3954
1583
3808
-1
227
4332
2903
3439
834
1583
3422
979
3139
1457
4931
4997
5287
3139
2590
1419
3924
225
185
5414
5737
3682
5385
3051
