4771
3676
427
1004
5498
5582
4890
2952
1012
3927
1247
3418
630
2195
77
1588
3272
1636
4945
3633
3803
1214
1354
1718
4998
5599
4825
785
5022
2617
2882
195
2281
3308
3581
2882
3750
4700
1054
5202
4918
5179
3949
5311
2376
1161
3676
1914
4772
2196
3139
1468
2200
1997
4113
5621
3875
1042
5084
2196
3136
2455
3401
4717
376
3571
3436
3139
25
596
3139
3994
5054
41
5559
1934
4871
2652
4997
2420
3308
5616
4039
5362
3139
1691
3139
2583
206
3891
276
2260
4934
2084
2285
25
3875
1088
3139
1195
5471
835
1461
2538
823
1287
698
3838
4746
2619
709
2196
4265
3139
1775
595
3621
4329
1203
1325
787
1870
5547
4426
2682
2618
5275
5431
4403
226
3066
2911
425
3139
806
2619
4978
1803
2205
11
1307
2697
2368
5062
4480
4465
4206
5133
5744
2469
2724
1650
193
2851
1429
1602
4431
425
1272
4045
5288
2416
592
2056
594
1029
2164
2379
482
778
2189
2128
1276
3910
1619
5265
2762
5402
4884
219
4998
275
2882
1158
1300
1601
5655
-1
-1
4945
2864
3985
-1
3943
5525
1875
2277
3057
1707
5721
3401
4306
5132
1405
4945
5122
3036
4972
3915
4884
4142
5287
1616
4142
2196
2785
3623
227
-1
1798
3139
4707
5746
-1
1313
5183
1600
4889
2274
2356
3139
1320
391
1073
4484
77
3996
1361
136
425
3676
5646
3507
-1
3289
3942
957
1452
3377
2468
4195
25
4745
1503
687
2730
3003
5153
3139
1281
3938
1643
3592
2567
1465
-1
-1
5294
275
3166
3762
-1
3139
4416
-1
3003
3807
4808
1949
1352
970
3165
-1
4561
1565
5587
3139
3349
1368
3203
5292
1601
281
1583
3139
4417
1384
542
2075
4214
2762
1722
353
4572
2601
770
4194
5376
-1
5695
4349
2383
4373
5532
-1
2144
4039
2196
4091
2813
1179
241
1339
-1
147
1115
2200
4226
620
1313
1095
1692
1760
1209
2214
2140
2691
595
4588
-1
2122
1850
-1
1012
3139
16
-1
703
2762
1485
425
238
2122
1350
590
2983
5049
3374
3342
2216
2562
931
1121
4478
2571
5384
3278
3456
1304
3645
1136
3202
4411
5047
951
5719
25
5162
-1
482
5292
4460
3139
2998
4784
3231
2097
4188
4188
1405
2285
3682
2486
763
3805
4194
5390
1138
5426
5587
3346
4138
3924
-1
3830
5402
1601
4993
-1
5093
3595
4876
2200
5267
4226
4110
2466
2882
834
927
2196
1429
3028
1759
5003
5336
1639
316
787
3199
5512
3964
1083
4975
4722
2762
3040
3415
5497
401
1734
2122
3107
651
4497
2196
2003
-1
1192
3635
2762
807
3308
1213
2196
4451
3139
-1
5609
5062
5698
3817
2016
1044
766
4978
4226
955
2525
4811
5343
-1
-1
-1
4352
4654
-1
5370
4002
-1
976
2328
5574
-1
-1
4125
5016
1297
5405
776
4945
2464
3
3139
4829
5609
3035
2807
5576
3139
-1
-1
-1
5575
5402
3315
3705
2708
2384
412
1333
1560
2793
1567
-1
2958
5438
798
827
-1
-1
1313
957
1238
4053
1370
4868
313
4018
2724
2243
5062
1427
4174
5115
1731
689
3367
4158
4807
2470
4890
3875
2611
3720
5567
993
324
-1
4713
2762
4326
5386
1429
4713
1681
1355
1809
3139
2285
3139
1650
2196
4270
2197
16
5402
5522
811
1843
5571
24
2333
-1
2986
3110
482
1076
5402
1131
2238
2566
391
25
5587
852
2125
2619
1512
2570
2009
148
4718
182
5425
2200
1823
4546
2391
937
1920
5062
2635
1539
3140
5031
1085
77
4287
470
3588
4713
2196
3136
1940
1296
913
1922
4083
3960
3139
5507
3317
5402
4595
2600
3007
5077
4539
5587
25
2421
3192
3139
2719
5232
1425
5027
55
4975
3139
307
4109
2091
4998
1452
638
4872
957
4945
25
2746
425
5674
4974
3189
1429
440
3133
2065
5726
4181
3621
3585
4082
5061
2182
1601
1474
5235
4718
2873
4111
4890
3003
2196
2344
860
5413
963
5062
4720
827
4867
3925
370
1429
5062
339
484
2638
4046
3398
5054
1456
508
4689
2146
5556
2196
82
4720
4951
3592
4184
932
5193
1679
4689
5728
5695
1625
1044
2724
51
3296
373
66
4244
147
883
3149
5250
4226
3139
3139
3157
3390
2714
3629
425
5488
3496
4364
3308
1488
1092
5742
4763
309
425
3389
4032
1200
5424
1405
2326
3408
4474
5427
2913
5576
4884
2196
4158
-1
4686
3341
2196
4338
5589
808
3139
3346
1313
3139
555
628
1465
2383
3621
4076
5524
2350
2072
1724
41
1307
4239
5433
4740
2781
2050
4188
1996
3760
471
1931
282
127
-1
5404
1699
1574
196
410
-1
5587
3240
2985
457
25
5271
5402
861
5511
1452
4287
-1
1202
5152
184
4501
2697
4890
3838
3095
5053
3851
91
3380
4604
3517
2662
4956
937
-1
-1
1199
2361
1429
1898
105
4570
3772
664
2163
-1
3139
26
1110
713
3028
2142
425
5285
4084
1339
540
5587
529
3846
4815
485
1636
5218
402
1709
668
1351
3682
4387
5544
5085
-1
3222
1168
1657
3689
1283
2762
2099
3824
5446
2894
3341
5587
5587
1546
-1
3556
4912
-1
5433
42
-1
4945
165
2429
4593
3308
331
2189
1260
5616
2762
4697
1313
5062
3621
5388
1785
472
5413
1427
664
3461
1699
2196
4011
2200
25
457
4966
2882
2825
3808
5384
1240
2196
1352
1528
5254
2863
4126
3963
1489
3650
300
3273
5102
1419
1168
4689
2761
2435
3887
25
5471
56
2235
3308
1019
2285
3230
3139
1376
5062
3461
5030
5200
3139
1231
2934
4194
914
5293
5467
2890
2574
4540
3950
342
3423
780
425
531
5242
1909
1800
1583
1868
3184
3136
3015
1067
-1
1449
-1
4264
3553
4467
-1
142
24
-1
1294
1480
3732
4559
3139
4878
5203
4373
4201
4884
1665
3139
2122
2822
2085
3442
1947
2196
1283
5415
2697
1650
-1
435
700
4458
-1
1932
3136
536
2104
5206
1661
5705
64
-1
3099
5087
2084
4861
1933
5135
5451
1534
-1
1356
5049
2568
5402
1331
1373
742
-1
5402
556
1504
1888
4235
987
3139
1058
1776
4410
1759
1444
-1
1452
5629
1557
2196
4337
3139
908
2196
5272
5049
4454
4966
2762
5157
647
498
2612
1269
5587
662
-1
5609
2825
4513
-1
1405
1405
425
5125
2825
-1
3139
192
4158
2943
285
276
195
2916
5671
2148
-1
5172
5387
5062
5114
1244
3062
5402
1178
2200
993
4835
1819
1266
3170
5062
-1
2285
2196
4790
301
5576
3142
1601
3399
1990
1853
425
1984
5743
5222
740
2619
4127
3139
711
3734
4884
5138
3051
5182
3621
2979
1572
4559
-1
2428
3139
5694
4794
3835
5518
4254
348
445
53
378
833
2680
2395
147
954
3875
1178
3610
2196
2946
2196
2630
243
669
5013
5402
4278
425
-1
547
3903
5560
202
-1
4194
4188
1307
-1
5587
1442
4211
1219
2196
1699
3308
3206
2784
1776
5132
2364
3015
3339
3417
3599
2739
2855
2800
5402
3139
4966
1846
5336
2196
2449
4671
1586
3446
4056
3381
2196
486
5165
2882
1184
2181
4743
3308
3279
5402
5009
4615
2086
604
2156
3768
-1
1837
3739
5225
5419
5558
583
448
5161
5057
2420
4142
5616
4493
1945
1963
130
3136
4945
450
2280
1536
4966
4931
1374
4487
1468
5558
1680
3928
421
3003
5402
1038
3695
2323
817
5667
797
3887
3890
5402
3996
1468
1514
5402
4668
-1
695
4225
-1
2122
2160
-1
3094
4332
25
4192
3139
2420
400
875
1681
25
476
3023
1554
5439
1396
5402
2844
-1
1362
2754
4038
2122
3745
2194
2196
1842
4789
2864
4491
3139
4348
400
4529
4398
2003
4373
775
4966
3308
3621
4815
630
4624
22
1851
4765
3676
819
482
25
3531
5271
2312
1908
5502
5198
2719
3578
3082
2463
5402
1017
4903
3139
25
3269
1357
5049
4039
4732
4177
746
2867
41
3088
446
5277
1583
175
1230
2612
3616
-1
147
3003
3839
1680
81
2336
4226
156
957
285
2191
4778
4356
1452
2122
3800
-1
18
1313
889
2825
3139
4507
1994
1268
1384
-1
5384
4154
4114
2615
2909
1579
1081
3308
3511
5238
5402
4587
1809
174
-1
3037
4161
1699
5402
2154
2569
761
2517
4734
4598
1366
5478
827
5414
3139
2818
3822
3164
2367
4193
4567
1793
2196
3621
4348
3072
1699
3139
4596
3378
1777
4703
2548
3621
4158
3095
3137
-1
2653
4720
2615
2409
4966
2164
1017
3919
5579
1595
561
5187
836
1157
2830
3066
923
1513
4945
4629
425
93
1525
3427
-1
3865
3139
1148
2196
1639
5509
1118
5326
1186
792
-1
4063
3245
2196
1436
4235
1412
1746
3967
3139
3305
4007
3811
3289
1480
3468
27
4803
3792
923
5623
3789
1635
4594
1894
3725
1482
2085
327
3072
1470
2282
1800
3382
492
3003
147
4967
524
2243
831
3946
3139
5744
2958
5733
2697
2822
57
5237
1579
2196
-1
185
483
586
4281
1799
1426
2084
1349
1384
1736
227
548
5321
4833
3015
1185
1307
1017
1044
1493
4901
1583
4181
3573
425
4393
2196
2890
1869
4611
3830
4477
1793
-1
5149
5293
258
1250
4497
1768
1887
2200
2401
-1
3526
425
2650
4740
1240
4159
1119
2122
3072
-1
-1
4638
5378
-1
4142
2196
1969
5710
1714
-1
229
611
-1
4986
5405
3880
5557
4779
5102
3743
1360
2993
2911
3139
5150
677
4005
5381
1429
3693
3631
3455
4078
482
2608
-1
1298
4188
5657
1727
2153
5746
193
3139
5585
835
4146
4276
4836
2196
4955
5532
3139
3139
1636
5576
2989
1196
2834
2243
3308
2531
1313
2196
2196
3595
1205
1800
213
1759
4900
3747
3139
4297
99
5331
353
4545
5119
338
4372
195
2419
1352
2911
2196
1320
2770
4131
1057
5472
5133
-1
138
3068
1273
425
138
2315
3139
4441
2435
4172
5133
1636
3626
25
5422
431
-1
110
4992
51
-1
2885
304
3834
195
2830
1811
1104
3960
3646
1101
5156
2658
2096
-1
4272
1054
3917
3267
-1
177
3449
2752
1928
5049
3227
-1
321
1044
1000
4877
1601
3858
4454
5062
4438
2015
1752
127
689
1016
3944
3746
25
2610
1814
-1
1804
1152
1832
633
5681
3139
425
5558
-1
3479
25
769
1210
3661
162
2724
1777
2314
-1
3039
-1
3916
5674
2189
1636
2404
65
2346
5491
2164
-1
2786
1258
3766
1427
3021
2196
2390
5216
3054
3420
5602
545
541
3139
5475
1855
3139
1681
3653
-1
3003
2949
115
-1
1322
166
2292
4978
4544
425
1018
1681
623
322
782
3635
5207
5344
2006
-1
892
880
5460
1480
2122
2572
2200
5230
3064
-1
123
4890
526
3308
5185
4598
3516
2200
2008
5353
5505
3066
3115
381
2000
2619
2122
195
3740
3456
4838
4405
-1
245
2762
1313
771
3838
1230
1938
79
4713
4497
-1
5133
4224
2285
5402
110
1128
4340
2507
1240
540
3001
1588
3139
3299
2513
1016
2196
25
2762
1345
926
5662
4447
-1
1936
1667
2381
404
1288
3057
1834
3512
3621
3041
1410
5576
3676
2867
-1
-1
5624
2412
3629
632
2102
4004
4373
810
4884
3077
415
5019
4873
2200
2293
494
-1
1429
4693
823
1405
1183
-1
4646
482
5104
4736
1725
2349
2189
20
1365
3139
5603
4383
4998
794
2196
3139
25
2016
-1
16
2167
5515
4718
-1
1185
5667
2514
3862
2154
1304
3348
406
2189
719
1421
2196
3055
3107
2196
4851
2243
-1
4739
-1
1583
2911
1178
515
3400
2417
4665
4832
425
5362
425
4153
-1
1588
630
912
-1
3264
3192
5402
615
25
3313
4639
498
5338
3667
2042
-1
671
357
304
1354
5322
1722
147
5250
2196
1699
878
267
4978
2095
4900
3627
2136
52
5402
-1
1859
1230
328
56
2969
5062
1178
1054
2835
1402
1163
1313
1119
3240
3592
3139
974
4101
3396
3479
-1
339
5464
4361
-1
3479
2607
1255
4408
1872
368
2761
4945
1466
4442
1235
2049
330
3139
2615
249
2196
1448
-1
4371
4998
4404
4978
-1
1588
5402
2663
695
-1
5028
425
2947
1429
3124
1263
3315
2503
5074
785
387
3139
2196
3192
4652
25
2014
1977
3696
574
5282
5673
2083
1410
5587
3820
1144
3437
2286
422
2393
2973
1040
5696
3139
2838
4853
71
2789
5724
5062
3139
-1
16
3161
23
1427
4393
665
3282
5402
4162
41
4397
5466
2581
5497
2227
4793
4799
5313
382
5240
5332
-1
1429
455
3579
460
1601
540
2883
4778
2394
540
2411
4815
4884
685
2810
3139
482
4298
1071
3003
1544
-1
1112
2196
2187
5214
2168
5390
1915
1016
4345
1283
1601
5402
4412
-1
41
1333
4817
4831
5588
3139
5436
1875
2691
3277
-1
326
5402
3057
953
3139
3708
25
1703
4640
25
3139
1699
3066
3366
-1
2196
4820
1292
5501
-1
847
25
2478
1405
1003
957
4681
32
4391
5252
2190
1822
4315
195
2197
3623
2196
2504
4039
425
3478
5049
630
3397
4684
5695
3679
1091
2246
2285
3139
3160
1323
3308
3039
5017
2736
-1
1706
1782
5742
2283
5687
3409
3095
2285
2569
2870
2196
1832
4428
3139
-1
1044
-1
2007
3827
-1
5587
25
3848
107
-1
2573
2160
452
3316
3953
2847
227
2990
4854
3251
5119
-1
404
5155
425
25
4825
550
1537
1058
19
4293
-1
1428
4675
5213
993
5254
5362
5398
157
4158
1269
5485
1601
5449
3139
2285
1959
4194
396
195
1353
4332
275
3095
2796
4288
5367
2196
2724
1294
1028
4470
5402
4515
971
73
1627
3659
5719
2196
4815
4198
3139
1672
2285
2508
4213
3139
4039
5587
1016
5642
5402
5504
5175
5257
3308
5140
375
923
3356
5362
594
4179
-1
3139
4142
2691
580
1615
3139
2196
-1
3308
4764
52
4082
5133
-1
1448
925
5414
1595
695
-1
3744
1415
4497
5706
888
4883
4100
2587
3139
558
5028
5062
1604
4085
916
443
1935
3880
5484
-1
5419
5058
2196
1019
4849
1727
2297
2122
1101
3996
2639
-1
2151
2285
4332
3242
3991
2440
3838
4654
1393
5091
2276
5426
5133
5641
1636
3563
857
46
122
3200
1762
1948
1429
2716
4149
2806
521
1608
777
1583
2615
1101
2939
1710
5402
4555
579
940
4347
3139
5062
2616
5362
2149
5271
1790
3210
2224
4958
2933
2825
1399
1610
1605
195
2196
1371
4158
2147
4164
1830
5303
3385
425
5731
1300
-1
5419
2096
2537
4662
2046
1777
1648
2296
499
4226
5309
4484
5074
4367
2825
5140
258
3082
5192
2657
2578
53
1628
1073
2200
5049
255
5669
3139
810
3139
3485
4637
4313
5518
2976
345
1230
2016
4562
1902
3139
-1
4105
1501
696
2929
4448
1300
1546
1193
425
5545
166
2668
4170
4226
4653
5587
2365
-1
1854
-1
2645
3676
3139
5497
3717
3139
4713
5109
95
4307
5362
5587
3139
5049
5104
4956
2534
2196
1782
2660
1218
5402
5402
5372
2714
-1
2196
4669
5406
1427
4494
1073
787
5280
-1
4965
2119
4986
-1
2206
2633
3210
4766
1795
2435
2923
834
2266
2900
5561
5402
1573
-1
-1
889
2813
1832
3346
4142
2051
5061
341
3817
190
2825
5526
3996
630
556
1638
3286
3107
1185
4155
1757
5284
3505
4469
1307
5576
5495
1379
2940
5454
5320
3139
225
425
400
4287
2279
1564
3139
4781
1108
2060
5285
2009
3011
1298
4135
1740
3683
1916
885
923
686
-1
5616
590
-1
-1
4332
5720
-1
4829
-1
2074
425
1541
5609
1775
932
3801
3407
294
3727
4140
3308
4473
4051
1636
1465
1729
425
3901
1354
1875
5254
1928
257
2243
2383
-1
1429
5706
1452
428
4265
4720
4188
4569
5040
673
5107
4512
2703
5165
3924
5021
1313
5562
2435
743
4875
5433
996
4287
5466
5402
5062
4859
2311
2882
1269
5455
75
1715
2702
674
2122
2084
227
-1
3125
4877
5725
630
5317
5254
5466
539
2800
-1
3139
16
1073
5110
1480
1313
5064
4348
1246
2196
3139
3424
2196
4842
3401
934
4309
4180
2515
4371
5426
4998
2196
2247
1606
419
4689
3520
5419
5026
4611
5706
2196
2958
2360
1777
5418
1254
-1
-1
2466
3053
1608
3139
3139
-1
1230
739
-1
-1
3139
5402
1414
4503
-1
3580
2833
3072
5062
5565
333
2200
790
1217
3587
5512
3752
-1
217
-1
7
3139
3594
1430
782
218
5144
3072
425
4435
2135
3201
3369
3359
1601
2189
3414
3139
2941
-1
3205
484
276
981
1636
1066
3139
1163
2164
-1
1661
1496
642
805
5062
3485
3128
3308
3562
3580
4896
41
4276
2152
2512
1595
3950
-1
2481
5656
1062
3875
3256
3308
25
1286
5218
1498
2196
5254
5551
2904
5402
1163
2921
4822
3709
84
3139
5062
-1
3016
5402
1352
2121
1681
4073
3218
2965
3139
1945
5571
5471
4998
250
2976
4197
3139
-1
1429
3838
4966
5699
2196
1857
1407
2196
4453
227
3139
3139
4720
1608
1960
774
2548
1429
3876
-1
3362
5574
4277
1120
3364
1608
799
2621
4547
2882
1601
4802
-1
3676
1698
1821
1479
1465
5254
5695
1210
2196
3003
1044
5586
-1
1071
4381
1139
5390
1280
-1
2834
4492
25
3269
5402
5232
25
121
3139
242
2771
2794
2196
1019
5473
3445
1475
3308
329
3139
3139
4147
-1
5512
3692
5749
4039
2319
-1
1481
2200
5678
4931
4229
3948
4371
5402
-1
1829
1319
425
556
569
3622
5671
3931
4287
304
4142
4555
-1
4936
-1
214
3456
482
3872
5113
1273
4966
2143
3139
4371
1307
2285
2676
2320
3139
2673
2414
383
3139
2770
5049
4158
-1
4890
682
2911
2069
1429
3284
5280
4537
1681
1699
1298
4766
5746
457
590
5322
1298
2649
4555
5587
2285
2200
5593
-1
3308
25
2348
1339
2196
1307
4981
2196
1840
2427
712
897
1044
3883
1902
2285
4359
189
540
5549
3139
2782
-1
765
5093
227
559
5062
1273
2949
4787
-1
3999
3139
2562
1666
2691
2269
-1
1987
891
4768
5062
285
1699
5530
482
4268
2484
3840
1429
1137
2831
2762
3886
5373
1583
5438
2010
4330
2199
4530
5049
3296
5385
4982
1750
4075
3156
816
2101
3677
4784
496
4163
1072
2467
2038
3817
5629
2362
1331
-1
1056
2762
625
5433
-1
-1
3386
1049
1452
220
2548
4692
5103
263
993
852
3869
2028
3139
4132
5269
-1
3716
1174
3623
493
5155
4626
4373
85
1694
1313
853
3139
1157
3139
1044
5733
3308
486
5121
1446
4188
2934
1367
126
3676
540
5067
-1
823
-1
785
-1
425
2342
3833
2196
4626
2289
1974
1269
3003
30
4481
3768
2837
4080
4791
486
5592
490
4611
2196
2966
-1
5431
5061
324
4616
-1
1777
2225
411
602
25
4418
1880
293
2489
1230
2794
41
258
3113
-1
2441
247
1143
4603
3641
369
2196
3139
823
3139
3920
436
5391
5305
839
5184
4188
1885
1291
2992
-1
1949
1354
585
5004
92
4494
2285
2560
4966
3139
3800
3139
5402
2291
54
1925
3467
4038
1157
1240
-1
3139
1771
482
2390
3621
3770
35
5529
4437
5062
2862
1738
3735
2196
3139
3008
1958
2645
2147
3377
-1
3773
5466
25
2881
3495
2196
4912
4362
1619
5474
3885
1429
25
785
3447
4497
1636
3139
2200
779
1562
2762
4287
630
2196
3139
252
2905
2777
3061
50
578
4489
4998
4647
2501
3829
2901
5078
5109
3266
1471
282
1653
4683
4486
3640
227
-1
3240
231
2062
747
5712
5426
5552
2882
2683
-1
2434
3554
3191
388
4299
3997
5499
3062
3682
3139
2451
373
1543
367
485
1638
2598
53
1112
3058
5384
2201
-1
3850
5313
425
1286
3527
1722
1044
477
767
-1
539
1535
5023
2168
5712
586
2096
2567
25
3485
823
1601
4194
5665
3139
3317
5499
-1
1264
1504
594
1323
4158
1155
1187
3682
4492
1183
432
2196
2096
4407
4535
-1
5296
1429
3063
-1
-1
68
1307
5104
1025
1429
2950
5062
2510
482
25
3425
4564
899
4538
5122
3651
5735
4240
5432
127
2762
3308
25
425
2630
1647
3395
243
2776
3308
2196
2420
41
1899
4555
1016
1883
2413
4158
-1
3121
3315
-1
775
2986
540
-1
3401
195
2997
1590
4608
2354
5497
3863
314
5633
2619
482
1985
5253
4182
4415
2328
2113
-1
3139
1751
4362
4998
2390
-1
2667
2367
5140
4148
3139
-1
1017
3139
5073
1016
1339
2372
710
1300
3416
5088
3308
5271
4075
5118
3177
3748
3614
521
5028
2826
3439
5502
4238
2882
2551
-1
69
-1
12
4281
2593
3532
66
2285
3290
5614
41
2250
-1
3139
3003
1601
425
133
3672
3066
3955
2122
5062
2875
4942
2254
1427
3139
4799
3887
1601
4509
2762
2149
5050
1623
3139
1024
-1
4196
5375
3139
4158
5349
3139
2619
540
5598
5154
4296
-1
-1
5489
3676
5133
-1
3907
3428
261
2196
-1
3139
-1
4093
3139
425
4357
5404
3528
825
261
1044
5165
3536
5514
3251
177
1429
3427
2196
-1
5541
3331
565
-1
4096
2688
3003
2867
2120
2328
3139
5671
722
5285
-1
2196
474
4784
3139
5516
5491
3139
1218
1218
2487
-1
4541
3875
227
394
2196
5674
1902
1011
3548
1670
-1
131
5572
2176
4497
4014
4984
5132
2825
785
5254
2908
2273
967
3139
1423
5706
3982
3863
4275
646
2939
2196
2627
649
934
-1
66
1699
24
5402
540
3638
3444
1116
843
2724
4858
723
1680
1178
2123
4771
3139
637
159
4890
25
4621
5518
2691
195
4265
5304
1809
188
25
923
2425
2871
4890
1116
1688
5687
4482
719
3875
-1
1330
4188
4816
3139
4262
-1
3800
5236
3139
5587
2517
5402
3522
5433
425
337
1521
3308
1780
-1
-1
1407
5137
4298
3748
5496
951
2196
285
5308
221
-1
5083
2164
390
1314
4420
1805
1073
2945
3308
548
4205
2200
641
2096
5410
2387
4287
3873
5481
3513
5017
1583
4975
5111
5335
74
2963
2285
655
645
-1
3308
5249
3831
-1
4403
5362
5310
1480
4181
2773
689
25
1601
281
5164
2267
2196
1313
5605
946
4497
2196
1298
-1
3139
1583
1793
1699
2772
5326
4266
2524
1339
2729
1826
3595
314
4947
5539
195
1913
3139
2753
-1
2196
664
5018
4720
3162
5066
4945
2096
4896
5731
1640
3139
1044
2196
3592
1405
2229
1900
787
5480
540
852
3139
170
2285
3139
-1
3858
5740
881
-1
1913
1677
1848
3837
5600
275
3139
5142
5331
3308
1316
1820
3794
4523
2762
62
3139
4491
2768
1586
4069
4502
5630
1954
1687
41
2762
5015
3297
3361
1504
5672
3810
-1
1821
-1
5402
4978
5695
3643
4009
1405
3605
2354
2944
3207
1407
2435
3676
2196
4891
2076
4028
3815
5716
3139
4609
2122
2520
2058
227
482
4220
541
2435
4226
1699
1711
2133
1549
4654
5273
511
5129
3308
548
1257
1407
2724
5546
377
1475
1802
2724
755
181
5547
3555
4226
1334
-1
4723
3668
3333
3597
1860
2363
2055
4634
1776
3688
532
3472
2722
425
747
2107
4934
-1
4294
1561
4998
2158
482
1673
1371
1008
4142
936
5557
1339
3191
3139
1012
3270
2330
5028
1427
3139
1482
661
1601
4808
3072
3139
3139
-1
4475
852
25
4400
2314
1890
-1
5044
2332
1395
827
3237
2196
1606
5109
2528
4650
2164
4850
3945
3139
2651
177
4519
2196
5049
635
681
3569
3473
1475
1041
275
-1
2533
-1
2019
482
967
3263
448
3086
1608
5197
2438
3648
3004
787
38
425
3881
1157
155
1285
286
191
4024
425
4048
5136
4893
-1
4932
-1
2661
5676
-1
2357
425
2886
5733
3089
3469
1429
3707
1828
1079
1570
3617
3139
4598
3906
1405
253
127
4016
2087
4039
5062
3291
1800
5497
2689
3139
123
3049
3215
482
5691
4914
5062
1465
933
2165
4643
5046
5155
4680
1482
2470
2828
-1
4662
1168
2094
2196
1082
1527
2762
-1
967
1069
-1
1131
2261
-1
1383
5232
3470
5616
1405
4226
4283
1452
-1
4993
5359
1152
2437
-1
127
3690
4154
3905
2251
4864
2392
5433
4082
1298
2724
5712
2157
2333
2166
2390
2619
3317
556
3717
195
443
2762
1278
414
2196
-1
1307
-1
99
650
3132
4937
2114
1576
1468
127
3711
5209
3412
4525
4763
3542
389
5441
3852
-1
3323
1696
4922
-1
4000
1387
694
3780
500
1016
4837
2949
14
4107
3676
2317
556
1530
1680
964
3676
4226
1073
-1
3317
5062
740
1213
1307
2838
1731
2762
3139
425
5551
4358
1405
5587
5370
-1
4804
4726
1988
-1
864
2697
4040
-1
4585
2656
4554
2196
5049
2609
4430
4751
4045
2420
730
1907
4226
4109
3139
4185
5213
4792
4414
1778
1389
103
4255
4286
2016
5022
4043
307
4080
2697
2390
999
1245
2084
-1
4000
275
-1
2576
5402
1307
-1
4036
5134
4420
5122
4776
5062
2196
3621
4676
2060
1601
573
1183
2192
-1
5587
5280
2491
2343
-1
363
-1
425
5049
3939
66
3818
177
4891
425
2703
2096
4741
3139
4818
5217
2196
3921
719
1444
2411
3586
4052
909
2710
1185
1143
4496
2619
3139
4021
4039
3139
1996
739
4884
127
2285
5374
5087
1407
2759
418
3139
5402
930
1237
1075
5433
5613
823
2911
3706
1941
2825
3046
3539
1293
-1
1185
5095
3139
5277
923
1155
25
355
5671
540
1269
2213
4226
-1
3449
1583
4171
5402
1681
4040
-1
1201
5402
4988
1902
2968
2220
659
4158
1236
2196
975
2195
-1
3140
2838
1569
324
3956
1976
147
4672
5070
-1
1311
2755
1676
1709
2934
3139
5426
139
2149
304
3139
-1
594
3996
1788
1633
1603
5545
1429
2061
1352
4945
4582
4199
-1
1338
4805
4128
3264
5258
-1
1800
1425
3240
2285
5471
4796
485
4759
3139
4204
1601
2809
5108
177
1014
1294
2724
4989
3376
1757
2196
5000
1548
747
5402
2369
3031
4508
5133
3308
3139
1480
5005
1888
5049
336
156
1117
1185
2724
4039
2690
67
1060
3057
5362
2298
2285
-1
5072
3875
1962
2998
2577
3151
1777
3980
5433
3452
3139
5062
5412
4957
4225
4162
2762
3108
2196
-1
2196
1206
3139
-1
2673
5140
3980
661
-1
5049
5295
1320
2380
1139
227
-1
2462
4718
982
2939
1045
515
5313
948
2022
304
3931
4176
203
3003
305
1583
1923
3561
5354
1429
2138
-1
4466
4169
195
1007
89
2196
5241
5074
1452
2974
2196
5385
-1
3308
-1
-1
3139
2574
1717
4534
2122
-1
-1
244
4693
2306
1931
5491
3139
-1
2750
25
2838
5210
-1
3139
1430
-1
3095
2619
1588
4415
1057
258
3551
1400
1298
4778
-1
4986
3893
5133
5186
1953
1435
3976
3139
5062
4226
2762
4829
2911
41
3521
16
1583
343
1465
5333
-1
1956
-1
3900
3139
2889
1228
4060
1427
2762
4966
93
-1
-1
3867
-1
41
1516
2431
3139
2200
4750
5695
-1
4755
-1
5326
25
152
-1
3257
1381
5271
1636
2016
5677
-1
632
2200
5013
-1
4851
2016
-1
1918
1891
5062
834
4529
1871
-1
2078
591
-1
2285
4825
304
2195
5031
-1
3725
427
937
1178
1721
2269
5493
4439
4387
120
2825
195
1699
400
5088
4513
520
3010
5442
2196
275
-1
3037
2483
3623
5100
1465
2495
3308
1945
3970
2044
474
5328
2114
3253
4373
399
2713
5094
2195
4505
-1
1307
223
2778
5587
-1
1074
-1
4975
1901
3875
4406
1047
4945
5695
1719
1743
-1
2912
745
3101
594
2196
-1
1178
4688
2055
5218
3183
4226
859
3080
1979
4286
246
107
2812
4183
3487
147
1671
3783
3535
3615
4651
1636
-1
41
1993
2200
2686
2096
2665
1054
-1
5402
2195
5521
1230
2685
17
2122
1601
2352
1142
-1
1168
5547
-1
4961
2749
623
4385
2200
4457
4373
1323
4186
5471
1343
2465
4226
1307
4266
1878
1016
3139
5271
2196
586
1757
4975
5062
482
1765
2100
3380
2359
3139
3019
4511
4999
3855
3451
3139
5062
3139
1307
2285
4752
4890
-1
1206
5671
5587
2196
1441
2304
1465
3069
3139
4860
3244
1879
2196
3838
1457
4408
4627
1601
3768
5371
2196
-1
153
1016
4226
3875
3453
25
2926
1722
-1
2307
425
227
5081
2196
437
1475
2200
-1
3139
3139
2194
868
-1
4583
3051
25
5272
3343
-1
425
2625
1779
902
227
1102
3768
4896
1429
197
2615
4960
425
4287
5270
1452
1708
449
5183
2196
2420
2882
3139
3820
1636
3257
3888
70
169
3592
4771
1893
482
2998
2200
3139
1480
5013
425
-1
3165
1354
3130
5140
1972
2377
2509
1989
53
-1
1298
494
-1
4603
5062
5062
2194
-1
1167
4373
3102
5133
4845
3046
-1
2269
3495
746
2797
2079
4230
2989
5283
4945
1053
482
-1
2195
5068
2390
2047
5232
1332
630
5497
3139
3665
416
-1
351
-1
4881
5584
855
1287
1420
2313
-1
1636
-1
5587
2153
423
5456
4557
2233
2465
3139
1913
4871
5062
4031
201
2887
3139
2029
-1
1353
1194
2553
1073
4787
3402
1583
147
5663
2196
2196
2390
1054
41
2760
2591
540
3595
3139
4713
5550
1850
-1
5744
4068
2443
4991
4763
1269
5122
4884
-1
1168
304
4738
25
4641
4371
2874
66
5028
53
4531
-1
-1
5393
4792
2498
4398
4348
768
-1
5471
5742
4763
1404
4887
-1
4032
5364
1323
2986
-1
1577
4975
3392
-1
1917
314
-1
2285
1973
2126
3139
-1
5148
3611
5534
4158
-1
2882
4157
4945
3000
1796
5062
3228
2196
2197
1073
4311
1800
57
2380
3139
1315
239
1429
3621
1313
4929
102
5087
3375
1465
4398
1504
4890
2586
-1
4259
2376
4601
1210
5310
5062
1583
2304
1101
822
525
2882
2227
4158
52
3615
266
5022
-1
3139
5015
2333
4178
1467
5286
5364
757
3800
2768
2719
3139
3410
1586
25
762
4039
-1
1477
4188
473
4494
5271
5028
5733
482
3899
3484
972
5130
3355
255
639
2408
2332
1945
2222
1313
-1
3676
-1
3487
3601
448
5385
5221
4393
1601
356
-1
-1
4754
1588
4785
2196
1583
1313
2953
1289
1157
-1
2200
2200
1783
5401
2557
3822
3650
3898
-1
3022
1279
3139
3044
4713
1157
1681
459
4406
1942
3933
4890
5714
3800
1262
3317
425
1425
4772
5413
3738
2167
3652
5468
1902
41
1168
1491
227
4553
827
2118
5313
5519
4773
5402
2799
-1
4598
5123
3619
5587
-1
4771
4564
-1
1313
1885
232
109
5405
2196
618
-1
3139
3139
1313
-1
1571
540
1601
1347
689
2364
25
3139
5545
1431
-1
3003
-1
2081
1811
4830
1248
1775
-1
2350
3308
25
5171
4014
3122
-1
3573
1814
5164
695
5293
3139
1733
88
2301
482
635
2830
-1
5597
3621
378
5385
3358
287
-1
1999
2897
2762
5542
420
3139
1265
1157
1964
25
284
5336
793
5133
86
3800
137
5173
837
1636
3513
468
-1
734
1465
4660
821
4615
482
726
5111
5318
2977
2502
4471
1755
4890
-1
3765
1016
5031
4444
593
281
1185
36
3955
3139
3495
5049
3139
3078
3465
3139
1298
41
2195
5171
1356
1598
2196
2418
2615
1699
5402
3139
584
4001
4010
4957
1564
4732
1931
1242
2097
5133
2451
2927
1841
4331
5022
4484
281
4777
1310
3485
3696
25
1597
3172
4719
5097
-1
2830
4890
2329
2911
3139
3743
5695
2942
3280
-1
1161
-1
1058
5274
1967
5744
4900
2630
2248
4664
785
804
4968
1023
1083
5352
2333
2808
1157
4255
1780
2775
5483
1313
3931
4332
1829
3875
138
2685
3507
3139
5351
-1
719
5092
-1
5402
4808
4171
3289
2380
3759
371
25
3139
1504
-1
2932
2390
503
2724
1683
2572
1397
5234
2243
-1
3497
2644
241
2762
3139
-1
4966
4884
-1
2005
2285
2196
3139
25
2515
4123
1405
3884
5137
4559
4152
5038
5587
1106
-1
3139
1779
5491
1678
3777
1429
425
3308
540
900
4720
1598
4771
-1
5619
2960
3396
753
827
5604
3492
5587
986
4510
1307
4778
4188
283
967
2113
425
3360
1911
3676
4992
4966
719
-1
-1
2003
3676
4533
310
2247
4380
62
4504
4158
3621
1681
4378
3139
-1
957
823
-1
1931
3139
-1
5050
-1
2472
1655
1168
4261
4158
-1
5576
2285
2321
773
4332
3503
993
-1
1892
495
3017
3171
2420
993
4028
1152
77
1589
4484
3771
890
1307
5342
4694
5673
2382
3283
1095
3616
4350
2458
3367
3676
5402
1540
3139
99
823
4718
4276
1861
2245
874
118
2122
-1
2828
4819
4945
-1
3139
2813
2455
4623
1324
3676
5370
2122
5050
1862
5049
4274
39
699
304
3139
5578
5035
4799
575
3015
3139
3250
5163
425
4158
5568
425
5256
5618
2951
3394
789
1344
5470
4200
2150
3756
4599
977
1542
425
1624
4373
3485
3139
2327
2827
2196
2019
861
5049
-1
4287
5022
4489
2096
3313
3139
1429
3308
4569
4774
540
2836
614
4890
3525
2964
3641
4619
1152
2751
3139
3139
5487
1501
1582
1307
1323
150
4890
1073
4834
917
4526
-1
4039
1914
621
2178
2515
3139
3351
5402
-1
5360
583
731
2196
1856
3139
1131
2699
2196
5279
41
5362
3067
2376
2934
1390
4039
5402
5410
2619
-1
2202
1207
2285
4586
288
3326
1119
540
5148
1151
1145
1230
4976
4445
3278
719
1307
2196
5235
558
3139
5714
4497
1269
4602
2066
1044
127
1686
2052
1885
1173
3197
2376
5345
3060
2934
3695
624
-1
1236
1810
4628
3797
-1
4497
4079
5354
2250
4240
-1
5587
4731
5479
1244
4716
4945
1546
5682
3240
2766
2619
2195
4815
4321
2200
124
2615
-1
5049
3669
4133
4658
675
1800
3072
4406
3139
-1
5449
3139
3139
1626
1178
60
962
1057
3072
4559
1407
5003
4884
939
881
443
4413
4250
-1
716
3139
542
1616
4425
1684
4376
2619
924
485
57
2189
2892
2090
3003
2200
41
5595
4579
4125
4753
53
-1
3131
5442
4802
5190
181
5313
3139
5566
3139
2196
5475
4233
258
2390
2670
5402
4318
425
5540
1096
2652
3369
303
1598
1166
630
3623
938
2106
5685
5062
1891
2728
425
198
-1
3139
5458
1429
2474
3139
590
-1
2146
5587
2243
2522
-1
4158
4497
3833
-1
-1
4137
5402
4654
4160
5392
3676
3476
384
582
754
3327
4039
344
2285
5178
919
1122
3139
5160
841
25
1697
890
147
4983
425
425
207
2200
2175
4032
1568
3224
3214
4478
1453
689
785
4677
1429
2122
5362
149
1197
722
5733
3589
2096
4600
3162
1919
2189
923
645
884
2285
4387
53
1206
3139
5329
294
687
2494
1182
1034
3830
3096
1175
5414
1178
1156
697
3186
195
5333
4497
3909
2366
4528
3621
2200
2196
5132
1583
-1
4740
-1
631
998
3105
2036
3076
3676
-1
5714
489
3033
-1
4409
1065
772
5402
-1
2111
5049
2082
5435
1377
1313
3139
318
4283
3418
787
5245
5062
1632
1038
1397
4788
3591
1313
5264
5062
4897
4029
4998
4569
1193
949
2691
4792
3071
1407
3204
3056
-1
1958
425
5395
425
49
3804
464
586
183
3933
1465
5647
2724
275
2619
2281
-1
2218
1699
830
1307
4662
975
1636
3427
4549
227
2471
4295
82
-1
-1
3139
425
1163
5313
1313
482
24
3139
1083
3480
2402
3139
2439
1681
3584
2583
1594
425
3059
-1
2410
-1
3724
177
227
937
3768
2619
1651
2838
4898
1448
3875
4004
-1
901
-1
4090
2338
3139
1204
3528
3401
3615
4252
1832
2169
482
975
2196
4906
3644
4884
4649
-1
5457
1754
1445
3139
4945
783
2724
2781
3139
-1
4966
3086
1611
1185
2704
1081
5746
4521
2966
681
2555
1313
2267
3026
5293
25
2737
3418
2602
5453
25
2476
5553
3139
2100
1800
4945
1429
3067
5244
1300
4298
2914
4461
3623
5531
3139
5300
4843
4705
441
4763
3003
5587
5028
3688
2196
3913
-1
-1
2615
4324
2196
274
-1
5435
41
-1
3139
4857
3241
-1
1623
4039
4237
4089
3545
1252
-1
4017
1759
3658
5133
-1
276
1812
1185
242
-1
3074
2396
654
1982
183
2271
-1
2043
4316
2548
4209
4226
1583
5661
4195
1225
-1
5718
3495
3057
3100
3560
3308
1095
66
2196
1742
5119
5606
3104
-1
352
3349
-1
4949
4188
399
2780
695
985
2785
2762
2454
1429
3367
1681
1194
1950
1770
3139
195
722
4775
3508
2364
3865
3139
4421
2420
402
4654
2705
2762
4966
2666
1116
482
5471
3335
3239
4317
4732
5681
5049
5466
5133
1050
2762
5333
2196
3592
18
3333
63
787
3139
2196
3717
1355
2196
5744
4273
1705
3003
1480
4221
5611
1849
3822
1475
469
5107
83
4097
610
5565
3318
2516
1777
2195
-1
1455
702
2762
3139
41
1504
1658
-1
-1
1504
1760
-1
-1
4019
3308
3466
829
5333
4783
567
-1
1798
4576
2024
4998
863
195
1508
195
303
4181
1365
5200
5025
2242
3139
1161
-1
4108
-1
3821
1712
5379
3937
2630
3115
285
5671
2790
3682
3139
4158
3339
362
992
2383
3139
1056
1845
810
-1
2103
3308
5736
1193
4287
-1
284
41
2204
2701
-1
25
2673
5254
2200
3360
5405
3621
2687
2098
3139
2339
5521
3070
4175
3623
2096
5068
3003
3730
5133
2422
-1
2327
1952
-1
5409
-1
5671
4044
4521
4890
716
1487
2002
5049
147
5700
1835
-1
4919
2762
4995
2196
3974
2191
3384
1160
2919
3056
3139
1398
5062
5587
5049
2406
254
4966
3680
810
1184
5269
403
-1
195
1504
3630
3139
453
934
566
-1
1583
-1
3148
4016
746
1352
-1
4493
-1
3139
2122
5651
3800
1793
2783
-1
3507
3083
-1
5745
2762
208
3434
2619
5133
1126
-1
2374
-1
1168
2196
549
3046
5479
1210
3947
1831
275
1480
5634
80
3365
-1
1298
-1
99
425
4682
3110
3025
1082
5587
4702
882
4007
5497
5402
1780
1033
3139
1405
5493
960
2521
1672
501
2689
873
364
4654
983
4157
-1
3674
485
3676
5049
3378
5387
2196
3139
92
3972
3139
5062
5189
184
-1
5402
279
1284
2390
887
3308
1482
2453
2703
-1
1078
5085
407
428
-1
3206
4094
1497
2286
4373
3820
4158
308
3696
4131
3676
3113
5576
1821
3139
3621
3226
3240
3971
2196
3696
1874
5477
5377
787
2554
1936
3763
5638
2619
3312
3534
3107
-1
1130
425
1185
-1
-1
746
2876
-1
2762
2389
127
1290
5164
4966
2196
2085
3812
-1
3440
2420
1829
1680
5383
5172
425
15
3097
1813
1298
4548
5167
1825
3946
-1
3046
568
4564
1861
2825
764
3755
1188
4238
4823
1339
1778
896
5171
2066
4308
4373
5368
2085
5276
1401
5288
3139
1924
-1
1958
2137
-1
1429
3595
3432
372
5414
-1
482
5551
5671
1185
3802
2742
3997
2196
2122
1480
-1
4654
1429
432
3986
2756
1183
1652
3139
349
241
-1
-1
-1
5666
4039
810
539
1939
1703
1359
2684
4226
923
-1
3877
5672
2834
4348
4763
4720
-1
4761
494
3139
4945
-1
3678
-1
4877
4907
1530
5731
2124
4770
3944
3496
1298
2462
4998
418
141
348
3779
2122
2196
5208
2842
1003
1178
425
4360
3139
583
2762
2196
2196
1019
1693
5506
3139
4188
630
1619
3895
3139
5690
5702
264
-1
3308
907
4039
2122
3530
5021
3139
25
127
487
1089
5642
2188
1405
3534
4034
2196
834
-1
-1
3427
4744
4462
5200
2762
1979
4265
2619
4954
5497
-1
-1
1241
425
3946
3169
289
1480
3396
5587
482
3232
3139
1384
3331
2489
1545
-1
4591
1758
3139
1465
3749
2200
583
3139
1462
1725
2774
3139
701
1429
934
4966
2860
4866
5402
2984
3139
3000
5466
3308
82
1429
-1
4255
2497
-1
-1
2203
3139
4000
1877
-1
3854
3591
2531
1238
-1
3042
4995
425
3615
1636
4118
648
3139
3039
3084
2846
4768
2189
2146
4253
4890
3246
258
-1
1675
4735
3574
2724
-1
-1
1465
1036
1904
4825
25
872
4777
3139
4120
1168
2757
5402
288
-1
2170
746
3507
4455
335
693
-1
44
3139
3649
4552
2619
243
1525
2917
4890
5219
5354
4397
4713
5723
4014
5195
1772
556
2543
971
4447
1307
2767
3192
826
3240
-1
1313
2376
5587
2816
1823
2161
3543
1339
-1
4534
-1
4969
3991
2857
485
5443
4142
3028
788
3139
2678
3003
1185
4287
3688
4615
2084
3302
1793
-1
1178
457
5200
630
519
561
4158
3115
3238
4193
1354
1782
1471
2122
4945
4771
1601
3139
666
3175
5528
1044
5475
3662
5512
1405
1044
-1
3139
425
-1
-1
1588
4226
-1
2462
3139
1429
1004
3651
5451
540
242
5587
252
1796
4236
438
2196
147
3222
2196
4518
865
3506
1498
5433
195
2956
1157
4443
350
2462
2674
3496
1504
3222
3000
2745
1847
5684
1699
1391
4319
3592
3311
1452
3139
4502
4378
2263
1504
1307
1766
1858
1578
1307
3139
127
1313
2595
4246
5420
2666
4210
3911
4266
4111
3139
2911
995
5547
639
2146
1030
4433
5387
2360
5583
4396
1722
2762
1616
1153
2464
5576
3566
4890
2122
504
2506
-1
967
4499
3675
5276
25
2813
3537
227
1429
3051
4498
5062
3509
4153
1372
3308
1433
2122
3139
2412
684
4720
785
5123
-1
1101
-1
3283
2299
3139
3621
1671
3062
4597
2867
3738
1452
-1
4841
1169
3768
-1
4737
2269
2308
2196
1865
-1
3271
5348
425
3139
3554
3764
-1
1699
935
3125
3154
2164
630
1273
3139
1405
5247
2943
1583
3052
275
3139
5022
2825
3139
5068
-1
1720
2856
4720
4720
4142
5158
-1
2228
4711
1601
4074
2285
5231
5028
1405
4434
482
3093
2825
1381
2619
4524
1791
5576
1298
319
2098
2285
3122
3139
4798
2200
2459
-1
3300
4966
834
666
347
-1
1095
3621
2843
4450
482
1601
5255
3838
3000
5145
5062
2748
3700
106
3139
4550
5587
9
3139
2615
3139
5497
1298
425
2196
414
993
57
1095
1269
2485
1286
3046
5223
3308
5587
4513
1756
1881
255
3904
470
5704
3682
3637
5028
-1
1619
2196
2615
2961
425
2619
3139
1722
2196
3534
5695
3918
3788
882
4067
5348
2285
2664
5610
482
4007
4718
2839
25
90
3293
823
-1
1661
507
2230
1429
-1
16
4698
2200
2122
1690
3485
3859
5259
3742
1914
2390
3139
4778
4444
4938
1476
3689
212
242
1465
2473
1152
5086
3771
1793
1787
1295
4027
2462
1465
1297
434
3139
3240
5213
1206
2539
1598
5650
2878
3092
4900
-1
16
3139
3870
1044
4699
475
254
-1
1978
563
474
1313
227
2226
1230
5370
746
2124
1307
3470
4181
482
4222
482
2998
3139
2189
3301
882
195
2333
1044
3139
4878
-1
3139
2972
5218
3137
5517
1465
2615
320
5195
2333
4718
3676
5268
2200
2196
1480
3737
3139
1749
4986
-1
5497
288
1999
4517
4231
4702
3549
-1
2619
3139
2694
2698
3095
2018
199
425
590
2370
1674
4620
3994
2196
2328
2399
3254
3378
3951
-1
4670
92
1811
4054
2792
1300
-1
4634
599
127
425
5499
4335
4353
3139
4464
1537
-1
-1
-1
5117
4888
4432
2698
16
3240
5437
3180
1905
2189
4924
5022
5049
3519
1475
2734
4815
2762
5518
62
5587
5298
4836
210
3863
-1
4980
5293
4162
3139
2303
1273
5652
2762
5267
4964
2285
4792
-1
2584
1453
1298
1434
617
1955
905
3862
5491
4776
5426
4771
828
5523
5010
3657
-1
3091
4945
3501
4870
3461
2642
1429
4241
1821
147
4158
2523
-1
4644
3291
-1
2285
4513
2495
3057
3711
1781
5695
4040
2852
2813
2645
561
5717
836
3664
1189
5402
4142
4724
2200
3316
1601
425
-1
5151
1359
2817
3684
4218
228
3641
3666
444
2961
4945
5028
425
1480
4567
1298
2096
2340
1193
2154
5587
2196
3822
1243
3095
2185
3621
1337
2991
2021
5402
-1
1692
2724
2574
4388
2146
4596
1494
5389
2828
-1
3139
937
1699
4121
4945
4614
3697
3103
62
2294
2934
3113
1152
3996
-1
3576
1475
5384
4913
3303
2150
3139
3641
2624
1220
3651
2825
957
785
2016
3349
4551
1298
3139
3396
2390
425
1587
3191
3139
4312
4742
5601
3997
1379
477
4748
3729
211
195
785
4007
-1
4923
763
1448
1339
3695
1699
1413
-1
2146
2763
3702
5310
2345
1636
670
3673
2435
739
1087
2196
1416
25
3028
3711
5466
1248
1382
4998
4287
-1
2588
2958
4488
5313
4438
851
5491
4000
2198
4039
5313
3962
1452
945
2615
5384
-1
3822
3621
2516
-1
2345
-1
5215
3819
4332
5402
5733
25
5034
234
5600
-1
-1
227
-1
425
1606
707
1511
482
-1
3139
876
1210
5402
5293
2196
2189
1429
1681
923
3993
4452
53
4304
1282
5664
3139
-1
645
5571
5362
3862
465
4571
1609
4749
3387
3775
-1
1613
3139
3139
3308
583
5499
5402
2196
4602
-1
615
1498
3107
5271
3139
-1
2195
1601
681
1981
5108
3457
5397
1185
2446
890
3400
4712
4429
-1
1071
3606
25
5028
1601
450
3139
25
5673
3676
2198
3621
3139
4987
4194
5387
5077
911
4909
1839
-1
1097
2552
4332
2646
1307
2333
5052
1966
4142
589
3139
3882
2619
4158
3929
4053
3844
4549
158
1583
5654
5505
2762
1010
4555
2911
2285
3013
2331
2146
4971
25
425
3269
2989
3007
5533
823
4484
5587
545
1411
452
-1
5430
5341
4107
3126
209
3630
374
1068
-1
5269
2333
4025
5062
4747
1910
5362
5493
2619
425
3139
3139
4497
2390
3139
3544
1016
1019
3139
3641
343
5022
3248
5090
2531
258
5455
2241
1022
3139
1185
241
5402
636
5571
3285
-1
2172
4497
2020
2196
5164
4877
3768
3703
4226
510
2196
5068
961
1208
195
3139
4092
1429
2196
5168
421
4060
2895
3540
1042
1331
-1
3685
2548
2164
4032
3139
425
5254
4484
425
61
2011
446
2196
425
-1
4263
1429
4217
1699
5576
3853
48
3308
-1
5085
2634
5466
2110
4087
-1
3371
1429
8
5246
1012
3139
4910
4243
644
2189
3717
4591
-1
114
-1
3491
3139
1601
227
3262
2825
1475
5101
5077
4966
-1
689
2448
2837
4004
3139
2245
5451
1998
852
4890
2256
5462
690
4291
227
-1
2496
5154
4677
2747
1482
1234
3308
2285
1636
227
4720
1300
2463
1847
5162
3002
5402
3757
1335
3139
3139
3369
3028
-1
1307
5709
2654
4151
576
-1
957
16
3922
482
5649
1522
2876
522
-1
2200
41
2712
5431
3439
609
5507
1313
5176
2615
53
2619
3845
3787
2813
4039
5440
1237
3139
4458
3486
4615
1607
452
4053
425
1650
-1
-1
2879
4007
2383
1583
5049
576
854
3456
5062
1480
76
3591
5170
2882
3046
5671
2647
53
4168
1294
3308
1650
-1
3581
5581
1301
4417
743
704
2383
3576
3139
5469
2306
2321
1902
2239
1496
2285
2189
5503
4071
4213
3499
2306
3710
2351
5587
973
2988
3969
1464
18
102
1833
4301
1017
3051
1800
379
4840
4032
3686
5196
2867
430
-1
2856
4234
3803
1095
1210
1520
425
1227
1302
1230
1821
16
2385
1313
25
5648
2499
628
3174
1328
2801
922
1355
3310
4298
966
3856
147
1699
427
3139
2207
3736
2695
1800
786
1206
1505
3642
5402
630
4720
285
1152
3079
494
760
-1
16
2863
5291
251
3838
1601
844
-1
4959
5079
5558
2636
4150
5146
4119
2615
3930
5062
879
4763
680
4689
5384
2838
2436
5197
4787
2919
2456
1216
947
1407
1326
957
3238
3074
3073
1405
4709
-1
2787
3317
494
3057
4548
3027
1650
4911
25
548
3887
-1
2691
-1
361
3139
1873
1601
3754
5396
4158
1944
4497
3308
3139
4713
3045
1303
541
4730
1756
3421
-1
3308
5466
5402
1086
2057
2200
2153
4377
-1
1055
3122
1015
-1
2848
4143
1181
1215
4542
16
-1
3139
4226
1992
4039
747
2590
3240
2200
1160
-1
1298
-1
1405
2769
4158
1244
1362
5355
759
3904
-1
1405
3012
3118
957
3719
1313
1300
2023
2457
2196
275
3137
4993
3711
52
1864
1583
3422
2546
3139
1206
3139
1492
5419
1443
3363
2838
1112
5466
722
25
2724
1269
993
3557
315
3139
3252
4388
1722
348
1405
5362
3000
2227
2059
2279
2405
-1
-1
5566
-1
2084
1642
-1
4039
129
1681
482
2603
5210
1240
2531
5233
3069
2255
2196
1579
5112
-1
259
-1
1429
2209
4323
3046
2724
3008
4945
-1
2376
-1
4852
978
3730
127
5254
2280
920
4287
288
5062
5336
3584
3139
5132
1354
1764
1832
2070
1961
3800
4814
-1
630
2243
3139
177
4966
3308
2572
703
4394
3048
4336
4563
1178
3188
-1
5642
1313
1313
548
937
425
5062
160
5502
-1
975
2288
2546
614
3066
5715
2390
2325
3139
4763
844
4771
1863
713
264
3991
4158
2122
5062
3879
1465
1003
2603
2613
193
425
3139
2462
1330
5671
4846
1843
3289
4082
1206
1452
5194
656
4107
2292
2788
177
10
5607
4007
-1
3296
4607
291
2318
2615
4483
494
3621
481
990
552
5211
3113
1054
4792
432
3109
2285
1830
2285
4606
1903
5122
1744
4039
3113
4650
3265
4682
4232
1681
5497
303
4320
-1
2615
3139
77
787
749
1429
1185
2994
3090
5086
4813
2558
910
2066
4527
1297
427
4560
1549
5450
397
1827
3842
594
2196
2063
4728
2004
5071
497
127
5131
-1
3506
-1
425
1152
4039
880
3916
4522
1371
3965
1427
3139
227
3856
227
5080
540
5402
3005
2764
34
2882
736
923
4869
2141
36
4654
-1
536
719
5417
-1
4611
1645
4039
2529
5156
3250
53
4040
4648
1095
2795
2541
-1
4329
1971
1586
2673
5587
3800
4576
3946
3482
5679
594
4373
-1
1006
1848
968
2084
391
2882
3139
-1
5440
5616
5587
901
1601
1016
3875
3345
3147
1410
1429
1661
1945
5741
425
4990
740
4632
1113
2183
2724
547
2146
509
3217
3139
4929
1480
295
4847
5048
4500
3838
1157
5049
1269
5650
-1
3139
4718
4690
3223
425
2019
4000
718
5271
1664
2196
1405
2398
4966
3337
5732
1776
4663
4269
482
3347
3682
3843
1210
4196
3730
4521
3990
1479
2463
5382
1044
4839
4078
5037
3057
-1
2196
1909
1269
3590
3699
5112
3003
3621
2350
425
3768
5521
2433
2041
4019
1931
570
3767
347
2196
1178
270
5213
2841
4945
-1
5322
4851
4996
482
4287
4185
-1
1552
5213
5301
-1
2040
714
2473
2196
3139
606
2619
738
-1
1016
5384
4378
3158
-1
4271
3139
433
1727
2971
25
3800
4836
4605
2383
3875
275
1573
3411
4853
-1
4055
25
25
5128
2193
5712
2248
2195
5062
-1
1737
2053
2517
3493
3233
3889
4188
-1
1095
2285
317
4209
5238
5062
1210
1355
482
285
3003
3980
2196
4651
5082
227
-1
2027
5382
1222
1307
5551
689
2364
-1
-1
2514
188
3887
4400
1002
-1
4300
3868
-1
3841
542
1405
3987
3448
3876
-1
4555
3003
4015
5402
5671
3580
92
1016
3401
3698
4718
1438
1224
2089
4255
2454
5632
3454
1267
2440
299
-1
4784
-1
5402
-1
2545
4573
833
3663
4373
4039
4242
1564
3139
4222
882
177
280
3139
111
3838
2153
-1
4000
4950
672
4298
-1
2702
3334
2306
4944
1681
1003
3038
1429
3264
4064
5402
1084
524
1639
2364
3523
2462
427
3139
2867
2526
1515
2160
2179
391
5734
4520
2669
4856
5097
4332
5000
-1
2779
3046
556
1699
3636
5059
2803
3139
3139
2931
1119
3621
2196
5407
524
2154
5140
-1
4742
5378
3474
2673
1307
1479
3139
3057
560
5426
-1
3862
4383
2033
657
2998
904
4106
1792
-1
2189
4890
66
1722
276
443
2592
3575
1890
1298
3276
2016
844
4908
2596
5590
3139
146
1466
2762
3003
4099
3139
-1
104
2376
3047
2918
25
-1
4763
-1
5493
3139
3139
5020
1184
2014
4826
4463
2219
1099
4341
1206
3139
3506
96
3139
2523
5228
3219
-1
-1
2031
3871
1129
1876
1336
4884
5262
4345
-1
542
3139
4188
5278
2200
3000
2262
227
1612
3959
2200
-1
5731
2671
1230
3615
2651
719
5671
1061
4249
752
2582
-1
1699
1408
3825
3159
2978
72
2840
597
1429
255
5198
324
2830
2189
915
1044
1951
1924
5299
2335
223
252
1407
3139
1054
1168
2196
2173
1148
1941
3735
5049
3292
2462
1460
3139
5077
485
4853
2252
1215
733
4666
4890
4476
1064
2975
-1
3447
4468
4226
1461
1945
5183
1465
3582
5547
3391
3688
4482
25
1221
425
1800
5384
5087
5587
4824
425
3800
2962
425
5028
785
4006
1386
1288
1178
3139
1432
1480
-1
4037
3641
1636
1547
4589
220
5497
4888
4200
3676
2966
3875
2280
3541
425
5621
5269
5678
846
2619
2615
3422
2196
3910
3660
323
1546
5022
5643
3308
3360
66
1283
2615
2579
147
1307
5402
4272
2544
269
5571
3229
4933
3515
3641
1800
5082
1313
5667
5096
1135
62
4356
2339
785
3139
-1
-1
3139
5174
581
2703
867
18
4808
3418
3676
1821
1653
1608
425
3024
-1
1321
1044
3139
528
-1
116
602
5155
-1
-1
-1
4718
-1
2778
5271
3939
1168
1823
3628
6
2540
5191
5671
2696
-1
5213
5402
705
5063
-1
374
5612
3315
3933
1111
2825
4945
1459
3629
1809
1800
4792
4630
4424
2096
2135
3017
3255
4332
5326
3596
350
929
5419
1307
4787
2285
24
5587
1622
-1
3808
277
921
2196
-1
893
2200
3696
1928
2934
241
1502
2196
5195
-1
2333
5587
601
2762
2615
-1
2866
4088
4828
2967
1588
3647
1998
5106
-1
3875
562
1482
702
5172
5402
808
1417
31
653
5162
5162
417
1178
630
398
284
3069
2285
4556
2196
3479
1418
1922
4011
3888
4890
4092
2821
3567
5357
1190
52
5243
5109
1761
2628
4008
3039
-1
1016
5166
3032
-1
5012
2378
2762
3332
3721
5122
4440
1601
4057
2511
4890
1470
3477
858
3139
1095
3242
2164
475
3774
3559
350
4401
2937
2902
5062
4188
572
312
594
2196
164
195
3441
1016
3864
2243
4836
1601
3435
2338
1631
-1
2738
4332
1521
5399
5724
594
4975
3880
3752
1019
3583
3996
4005
5037
5109
-1
2148
41
4373
934
2374
-1
1571
4720
-1
3401
2687
3573
5028
1906
-1
2838
3809
5062
1307
2813
5729
4371
4678
2241
2124
442
1429
195
4075
5402
34
5006
1329
2196
4746
4033
1727
25
1206
-1
537
1568
1601
2253
1185
766
1288
3308
-1
1012
3139
2718
3037
227
3139
3621
3139
5433
-1
-1
5254
1650
5270
1354
979
-1
2860
-1
4890
2697
4497
-1
722
4302
-1
425
3957
2576
3499
2371
391
5062
458
5325
827
3044
-1
4994
2196
2414
3800
1636
425
2237
1902
1429
-1
-1
1468
1100
1726
5537
4657
2016
5156
1484
3240
2467
1407
3111
4125
3216
5261
628
5446
2659
3433
515
2196
1168
1931
3113
5419
3980
5742
-1
3139
-1
-1
5154
1300
1230
5402
3760
5099
713
2884
1809
1191
540
2016
425
4944
535
1601
5049
3139
5132
5133
751
814
5587
2724
5491
2626
5340
5362
5724
1271
-1
425
630
4139
2599
5521
290
2888
4763
4041
-1
4039
5082
-1
5688
3396
2364
4247
3195
4777
25
-1
2196
882
380
4800
-1
2961
3129
425
3139
1483
5412
3726
594
1681
2825
526
3876
4966
2958
1601
5402
5194
2196
5402
667
3139
2200
2327
3934
3266
25
5347
3139
-1
5491
2127
3260
3139
875
2269
4998
2162
609
-1
4436
2326
2970
607
301
-1
3215
3037
3258
1647
2854
4687
2189
4351
5077
2631
-1
718
3308
3392
2135
5587
2341
4153
2518
1157
5000
3461
1286
3148
3917
2825
2232
4081
5156
2035
1793
3676
2460
1178
4484
-1
5133
1662
-1
5050
2295
1523
4192
4945
5714
3309
1475
630
2196
2934
5340
1172
1044
425
1297
5062
3887
1354
1405
3307
2691
4645
3761
2383
4984
4966
1392
1695
834
1692
-1
4756
2547
1584
425
5714
1651
1506
1794
3287
5198
1452
5062
2823
223
5062
2122
2146
4438
632
5473
1405
2184
3139
3432
2290
117
1309
1044
5330
4945
5069
3139
21
-1
5122
5235
2164
2673
2196
5022
5195
5380
3718
3139
4513
2153
-1
1185
1313
3072
2196
4769
3313
632
488
1187
1583
3751
4257
5442
4158
542
5075
3731
622
1867
-1
1016
3139
4193
3139
1496
4484
5419
746
1405
-1
5029
4763
5402
3753
2127
-1
1475
1185
5402
3738
482
3139
4322
654
2619
2050
4116
1374
-1
3139
3139
861
5323
4920
1210
2270
2067
1152
3401
3139
2122
4598
3249
2383
2863
482
4203
630
2259
25
3940
608
5497
4437
5049
-1
5739
147
5587
544
5419
1872
785
4885
25
278
951
249
3139
1003
5433
2195
25
2093
4005
1524
3139
2122
4226
845
3934
4598
2189
5591
3964
3467
4130
5362
1945
1356
4825
2561
5518
1897
2915
2200
3474
1016
3139
1806
787
1043
427
4375
4032
2196
4966
5062
1185
3308
1556
4833
3139
706
-1
1132
3500
3308
3139
425
1054
5428
425
428
5419
1122
3220
3518
1331
928
5576
1210
474
1424
3139
5744
534
3194
-1
1968
1824
633
2383
-1
4621
1405
1178
4966
4710
1307
2195
1549
2268
5085
1601
4763
5258
936
3243
425
2818
-1
5369
425
1723
1892
1299
2556
4966
3914
4216
5587
1359
1465
5664
2615
2373
4449
5062
1098
275
324
-1
3003
2948
2190
2935
1550
583
1460
3826
3139
-1
1157
5199
2200
4035
-1
1452
258
2059
227
3725
108
4771
3065
25
3524
5260
2383
144
1017
2615
4158
2859
2339
1429
5491
2376
4158
-1
1979
2016
1653
3240
4802
2287
5580
3003
5356
5155
1019
4444
-1
3781
3430
3675
3295
1380
2864
1649
5466
4926
2364
2390
3931
1157
-1
5045
3072
3139
3429
1044
691
314
4696
3139
2474
4902
1206
2444
4048
1912
4045
1429
-1
5062
1938
2016
5133
2156
195
4240
5254
1127
395
-1
5416
2830
4482
1044
3112
4188
1155
1178
1307
2160
-1
2700
2853
303
3603
-1
25
467
2762
3607
3328
3983
1339
-1
25
-1
4142
3487
3081
2146
3991
1533
4110
3139
2088
1653
2196
1405
5346
301
5410
1167
695
3732
25
4896
1475
923
3066
-1
4330
324
-1
1992
4998
3139
521
3139
2109
2122
2164
3974
2475
4328
3781
2305
2971
1046
409
5318
-1
1161
1452
2605
4906
1210
1429
2724
4497
-1
3981
485
1283
5062
1405
173
2962
2447
2515
795
1618
2285
5238
5598
-1
-1
-1
3325
5512
1618
2711
482
5028
325
823
4142
3139
923
2068
3357
1760
1160
16
1588
4026
2762
4158
739
2139
4311
4102
1465
5007
4865
2145
4945
-1
4998
4836
1044
2749
4966
3127
1298
2762
5314
1522
-1
-1
1636
833
2463
4999
5402
4720
1898
5402
132
5402
3139
1019
1273
4000
3843
2791
3592
5461
3609
2762
425
-1
554
3139
3139
3621
785
3784
3240
5402
4718
2740
4949
2542
4704
3796
1601
541
3176
3363
2813
1608
177
4658
3449
-1
3308
1928
3593
1126
1210
3281
3370
619
3427
3152
-1
4771
-1
411
-1
2096
1945
5051
1930
1429
393
3046
3566
1601
4167
1405
4047
1681
1682
5429
801
3862
5076
4373
4219
2629
5362
396
2285
1583
-1
1244
2285
1269
98
5497
2196
4255
4497
5302
5162
-1
5543
2477
2060
127
5738
348
4098
5419
1183
408
4718
1255
2629
425
1465
-1
2762
1339
1230
2189
3372
2706
5402
2016
3838
2407
275
3676
3139
288
2693
2122
4103
895
5226
3139
4634
2953
1722
2285
4763
3984
719
4890
5611
3602
1327
5024
3822
-1
3139
2413
5077
3046
3676
937
3770
-1
-1
2327
446
629
1170
3150
4616
2615
746
1307
1506
2878
4315
1313
1478
5700
2630
2281
4592
2640
-1
4564
5124
810
4471
4674
1339
3066
2129
2869
2662
18
494
425
1753
4226
2649
4331
3977
275
25
1021
1509
2989
2196
985
769
3791
1255
5402
3528
2998
3139
3139
3830
1618
3324
-1
4615
2285
5009
-1
-1
425
1789
1044
5053
809
2196
-1
-1
4938
2196
5499
617
3373
5402
1153
2302
850
2321
485
2164
4314
547
5142
5538
2751
1422
3682
1592
4423
177
5022
1699
3723
2435
2008
1800
25
5402
3552
5402
-1
630
138
5284
171
425
1042
1739
1699
5340
1
4884
5159
4966
-1
2906
4227
1307
1059
2122
3288
411
2241
4125
3139
2473
4935
4368
40
5319
1957
1486
4149
3838
787
3379
4966
2724
4890
425
5049
4371
3887
1420
3308
-1
194
3139
4399
526
3139
258
5693
4039
1598
2294
3139
2084
583
1199
2364
5254
5696
478
4355
4492
1945
4977
4654
5490
2440
2191
804
3383
4074
3620
-1
3153
5062
3878
4095
2122
5402
882
3838
4929
3490
-1
-1
1506
4158
3676
4255
1598
5442
2278
3139
1526
-1
695
5473
1003
25
2130
5062
967
1852
4712
1796
1765
2196
1889
5313
2393
3564
5008
2269
2589
1601
3139
2133
3164
425
1429
1298
4890
3134
4559
3724
-1
815
778
-1
4785
3732
5062
4045
1776
2703
391
114
3363
2861
4771
3139
5077
366
756
5262
3496
1171
516
1706
2824
4097
5081
5014
5432
2635
3136
3139
5595
1490
2479
-1
4733
429
1300
857
2949
5670
2922
2605
4874
5587
3139
391
3504
303
3687
5169
3139
3006
1902
-1
382
4847
1482
1922
4007
-1
2825
-1
3308
2412
4335
2955
3970
59
2508
200
2462
678
2196
2811
25
5402
1168
3139
1830
1297
4333
-1
5273
350
4290
512
2758
2146
47
1980
4228
4442
135
5402
2843
3139
692
3350
3814
5165
4393
3875
5402
425
4966
127
4073
4160
1405
66
4889
916
4045
3003
2196
443
1891
3187
1866
4787
-1
3682
2724
25
1341
5595
2748
2496
482
2762
4720
5155
5472
485
1745
1131
532
2591
1044
4723
5714
3139
2920
1860
156
2013
3139
324
719
3406
1583
1077
3349
3641
4945
1452
-1
-1
-1
-1
25
1269
3515
1638
5076
1796
5269
916
-1
3458
3139
268
2825
5686
5733
4792
4298
4035
3139
2882
613
4489
3146
3481
3449
4305
5155
5410
3178
-1
2380
-1
1786
5497
2724
425
870
1056
1713
4285
4267
1159
3595
315
3931
-1
-1
3139
4978
4945
4497
1832
-1
-1
5191
482
3704
1307
2122
3682
1499
1448
-1
1427
3572
3139
4252
3650
-1
3139
5671
2564
1273
2575
5494
5573
1452
4927
521
1566
3139
2333
2974
1902
5033
1735
-1
4096
1429
932
2217
3495
4144
1307
1429
5653
425
1146
3857
1410
1654
676
5712
5077
2200
514
4925
2249
5664
5402
2539
3887
-1
1945
3139
1561
-1
3861
5062
1277
5497
4197
1427
630
5402
4777
-1
3623
41
4936
223
650
3725
2882
3761
3308
785
4513
-1
1157
3139
1114
4568
-1
1354
546
5587
11
2053
4072
3294
2355
1083
1080
3317
4720
1692
4815
227
5576
4115
1026
2948
2265
3072
4238
2563
3139
3568
2220
5111
3225
3139
4111
-1
1307
1482
5221
4158
-1
5685
3139
-1
5566
-1
2873
3552
4343
5402
1185
-1
4810
2350
3139
4966
25
4158
4145
3449
530
448
5087
258
3139
3139
1405
2180
2566
-1
2440
-1
2196
2703
3067
5621
3852
4792
1101
5476
2450
3785
25
3816
1223
195
4226
3744
3621
4007
3139
3182
3213
3139
1462
3139
4344
3139
1506
4566
2196
4039
5247
2980
1902
5595
4406
-1
2016
1298
-1
1405
3280
2390
1215
850
4427
1410
3488
1298
2714
4038
2669
5062
1140
25
3240
1902
92
2950
5687
1583
3396
5412
1409
1312
3139
3139
5402
378
823
4446
4189
3139
1195
1157
1157
-1
1081
-1
1629
2189
4584
1037
4718
538
3448
3139
5055
3003
4022
196
5312
-1
3713
2838
4642
2435
4784
127
-1
5547
1507
3533
3135
3139
3106
3676
5402
195
2195
3426
1580
3930
3354
2196
-1
5448
2724
4402
4226
2186
2023
2629
5254
784
3949
5077
462
4156
1168
5062
5087
1730
3139
5062
1307
1529
3139
225
1583
5505
-1
3353
4007
-1
2117
4039
1307
1479
3422
3786
1447
2200
2196
1427
147
-1
-1
249
425
5247
482
4042
4082
2813
-1
53
5340
5645
298
2495
1355
3676
5421
3308
4223
3738
5094
632
354
1161
3973
4782
504
3992
540
2135
4506
2619
2324
5062
2863
3592
1013
4384
4945
3139
2999
195
630
5587
5387
5466
3241
787
2196
2012
425
1619
787
-1
4493
-1
3800
1298
-1
2983
448
1016
4032
1017
5547
307
1581
5700
304
25
25
2462
1480
2619
2548
4612
25
-1
-1
2829
-1
-1
2974
1354
4093
5049
448
1945
5687
3806
1139
556
1593
3308
-1
-1
5363
3422
5340
3676
3057
4315
2064
5587
5402
4998
138
1500
1016
3139
2732
2156
1897
5402
5204
1703
2196
4962
2762
2724
-1
527
473
3072
988
425
-1
5402
4270
5513
5022
3621
16
3168
3920
1429
5491
482
1830
540
1699
3139
3139
938
3676
3139
5281
5156
5465
1654
558
4112
3676
3634
1945
-1
5576
1931
3329
5707
-1
5183
5094
3404
-1
2380
5062
4677
3496
425
4187
4030
2725
1313
4330
1601
2196
1342
1501
1816
314
4966
425
2237
3120
5497
402
5128
3344
425
517
460
190
2372
5402
-1
450
2183
5497
4471
2813
41
5576
395
787
4915
5001
4014
3191
3748
5160
5062
4983
5271
2196
-1
3382
3163
871
177
4158
-1
2899
720
5214
25
719
3234
5162
5177
-1
205
2655
-1
4771
2196
4082
1558
4851
5394
4059
227
1831
2097
2039
838
227
-1
1949
3240
-1
2148
4928
3387
4226
5176
3485
1167
2993
5609
1480
1016
787
1579
5583
2462
1005
4397
2561
1101
5039
1704
553
3553
378
3393
3138
5212
506
494
2841
523
5271
4104
1767
2333
2724
1830
5629
4608
660
1116
937
3334
3139
4771
2196
4142
3040
2135
2762
1976
1814
3139
848
2146
832
427
3087
-1
3279
195
1012
1116
1975
1020
4124
2269
3123
3077
3072
3139
2403
4513
10
706
3769
785
2630
502
2859
2187
2196
3591
4826
25
3139
5419
610
5695
3655
4978
2974
4039
5062
2911
-1
4270
4890
2308
5535
2583
5701
2296
1921
2205
3682
356
3320
923
2122
5304
-1
1408
5339
794
3714
2845
4158
632
168
3139
5248
5402
51
3144
3000
3676
5695
4337
3438
818
2615
-1
1339
5499
3768
1070
224
2164
5149
1335
-1
2196
1722
3820
5402
4763
2882
3308
4020
3776
-1
2662
258
5558
4371
4902
176
332
1242
1774
4396
4127
425
2532
2660
3139
3570
-1
1692
880
4130
5637
-1
1016
540
2257
562
3238
2269
2370
2388
4255
4894
4762
2156
5062
1259
1230
5271
3072
1356
1229
1844
1269
3471
3139
739
3247
5714
348
-1
2098
3219
2177
1795
4188
4158
746
222
2861
2982
3139
2825
1601
2938
5518
411
5210
385
3139
2196
4007
275
5631
850
2246
3139
3604
3041
1636
4398
3676
1584
1504
1437
2196
4366
2196
4158
605
41
5508
4939
-1
2219
1134
3514
2971
3691
1965
1429
1177
1044
3628
2164
3306
3139
1650
302
894
4188
2244
3139
3475
1675
3935
1016
5574
1716
1354
1429
5402
3339
5164
4890
425
4890
5521
2285
2669
1732
2122
1480
4395
5304
1776
3639
2585
645
1090
1348
539
3139
358
-1
3185
2196
58
2122
3830
4966
2076
4761
5711
5439
178
3141
4226
5050
5627
4985
3308
3388
3139
5160
-1
41
4577
3115
3139
1504
5426
4875
1362
2462
1791
2465
480
3139
3450
1902
4758
5402
1887
5062
2196
4038
5576
271
3085
187
1429
3139
997
5266
1042
2531
1519
4821
425
2269
3139
2196
623
3139
5133
3761
-1
-1
1054
425
1095
5491
425
2813
3405
2314
1085
4039
4561
1622
3569
4879
4188
1101
5402
2724
4077
1206
2196
612
3139
4654
5414
911
3167
4720
-1
425
5062
5434
66
1821
5574
1621
5594
4039
4732
5447
1446
1226
5188
2423
-1
425
4689
2731
2165
444
443
2566
4226
876
1599
641
-1
3395
1318
590
3507
3682
2762
789
1095
186
2196
425
4226
1198
1230
1647
1172
4142
2196
3139
3676
2264
1297
1937
3598
1775
304
3395
3274
-1
4422
4706
835
1178
987
778
4392
-1
2148
-1
4792
5690
2580
311
3139
3117
2290
510
5473
-1
4940
4188
4177
2304
3954
482
943
3308
1945
1429
1044
1943
2814
1480
5358
746
-1
4272
728
3139
5241
3072
2134
758
1809
2345
167
425
5183
989
275
3878
5036
1297
3894
5703
595
2882
2001
369
1583
1926
163
2196
2597
346
2623
-1
5571
1573
4801
1031
-1
4945
1347
3139
3009
425
4720
1794
4941
5648
-1
2622
275
5177
605
1297
-1
1313
2989
4192
5547
4348
2519
4050
2374
5238
2285
1154
2080
2164
2196
716
5133
2986
5536
5271
425
3139
1995
4
3139
3780
1116
3995
1206
1669
2567
5699
2825
1601
1692
5271
3833
-1
1185
1817
4795
2196
1699
1796
923
3046
1320
237
674
3212
3139
2196
258
666
4890
3291
743
-1
1465
2948
1458
5452
1664
2995
4516
3386
18
3880
595
4896
3018
1588
1744
1681
41
5402
5385
-1
1958
25
4966
-1
4890
3139
4078
5098
5126
1427
-1
556
-1
1178
1403
5652
4039
-1
3413
4720
3000
2400
87
3897
4209
542
1313
3621
3072
5271
4543
3860
304
3139
5183
1929
1119
3003
5403
4763
5466
-1
25
4373
3463
3485
482
4497
3054
5172
3181
1601
-1
1230
25
3360
5491
4245
3196
5062
3377
4479
491
5183
3510
4389
5475
5191
3003
2620
1664
1465
1178
-1
25
3623
1016
-1
195
3793
3485
-1
2989
1538
-1
3600
3139
1016
3722
5482
923
3697
4058
4712
3296
2645
2482
3932
3510
5659
5002
3968
2825
2370
1748
1044
3139
1585
1731
820
3057
598
1044
-1
4279
444
722
5714
2996
5089
-1
4392
843
1410
3701
1125
4141
-1
743
2615
1616
5280
3624
2200
4485
1429
3771
5271
3150
1309
958
1185
5062
2535
3208
3547
1229
5419
5031
2762
292
4371
1660
2445
3238
2196
482
3800
-1
3242
-1
2
2122
3284
1620
4086
1361
5587
4567
2530
-1
5558
1588
-1
4946
2822
4763
1203
1340
3959
51
86
1704
78
600
2825
2503
3439
5692
1107
5345
4032
3139
2538
695
3849
3139
824
5350
4158
25
1874
3682
4226
2097
3057
2196
3869
1103
2548
4142
4979
1308
-1
469
4177
1298
-1
5333
993
4284
1798
5269
3766
2390
4727
1211
-1
227
16
2502
2880
2594
2190
588
3308
-1
-1
3790
1095
1796
5493
2034
1991
220
4693
-1
-1
2727
4495
4915
2911
2196
2055
1769
113
-1
5402
425
3875
5142
5049
4107
5463
2200
255
1824
5183
5239
2898
5497
4310
4966
2662
950
2096
3139
2717
5512
25
937
5062
2715
304
969
4280
5094
2021
857
4202
391
583
2378
196
2338
1807
1165
4978
2936
4944
3139
3722
744
2868
4814
1394
1610
3449
1323
-1
1700
3824
4760
1178
1673
3139
3139
4438
3484
3238
1583
2164
1150
1253
2981
1465
4806
2285
195
-1
5062
2245
1909
2148
547
630
303
1194
2974
1405
1196
5133
-1
3240
1785
-1
2648
3711
-1
4358
2559
3988
4904
1003
1249
1601
2196
583
4400
3592
2375
127
4023
1307
5520
3086
787
3485
4945
1269
1044
2865
297
59
-1
1167
-1
53
4039
3179
5402
25
4258
4631
425
5524
2420
-1
1183
747
227
812
3682
4777
4720
147
1439
5107
4790
1780
4049
4456
5178
5551
3139
25
5500
3494
708
-1
2798
2212
1269
3139
3139
1178
4438
482
5271
4012
5400
4497
3676
5713
25
2691
5564
4222
3139
41
3160
4438
2196
2243
1133
1206
5445
25
2735
956
2724
3782
5200
5316
2825
-1
1601
-1
5056
127
3632
3139
3155
1897
2619
4227
1032
4158
4804
3676
2939
2724
2023
922
5062
4882
5181
1178
179
5491
4900
3139
5402
5547
3656
1139
725
3741
1378
2112
3650
4490
1083
5133
5497
2463
1885
3139
1044
2762
5205
53
1361
3139
785
1619
-1
5675
1818
3193
1057
-1
5699
2531
10
-1
-1
1946
3403
4689
3715
1945
548
3317
3623
1406
5050
3879
2724
5402
1270
3139
741
583
2452
296
1039
5587
4188
4880
3874
1588
1001
4844
2160
2285
4855
3139
3495
1480
1722
3996
425
4580
3139
1109
1927
1583
5085
4685
882
2762
5009
5433
5042
1307
4878
29
2383
3139
980
4972
2054
4226
1798
-1
2092
3139
-1
5497
634
3623
1338
1071
-1
1463
5287
451
3280
1650
739
5510
842
5466
2679
993
813
5561
-1
2691
4194
3966
5147
2768
4929
508
3017
513
2219
3075
-1
-1
1352
1634
3043
425
3841
3654
1016
3689
3862
1518
632
4618
4066
3613
165
1429
-1
4032
942
2706
2813
959
2196
2880
3139
5068
3580
2697
5121
4890
5569
454
1155
413
1664
1298
5402
4222
4635
4558
3936
3139
4613
128
2164
2065
2882
2155
3139
2443
-1
3456
1337
3139
425
4117
748
-1
524
3145
2196
-1
-1
2400
2300
-1
-1
4369
-1
4590
3139
-1
1163
3000
735
2167
3139
2882
5402
5085
172
4636
3581
1630
2762
1986
1176
1273
5049
3119
514
5236
5402
-1
1425
2077
-1
5657
1405
3139
4348
4948
975
2974
3095
2144
3621
3289
1625
2748
-1
4763
1617
2924
285
616
5062
-1
1149
1427
5043
957
5737
5364
3676
425
583
-1
377
2961
2284
3029
4122
1095
97
391
3267
4188
469
4158
260
4464
2805
4994
5200
5313
906
183
2189
4478
630
-1
3712
-1
4226
3875
3781
2067
4062
1692
5528
715
640
334
3681
1897
3321
3908
937
1681
4127
4986
166
195
3450
3139
2397
5466
823
1970
4877
1168
5457
5003
4564
5474
378
5727
4458
4497
3139
1780
5636
5512
3319
4181
1843
1095
994
258
4196
3970
5062
583
3941
1405
1405
376
3758
3139
2615
3878
3139
5402
3139
923
1809
1686
2462
5183
524
5475
4373
1469
3139
2016
5062
3139
2196
4896
16
3139
2196
2364
663
521
5402
4142
2790
-1
5639
5712
1429
3046
695
2285
5241
548
1094
737
1291
1468
3107
2122
1183
2196
4574
2435
-1
-1
3368
941
1035
5133
2196
4303
957
3053
3875
5155
3621
4965
-1
4342
2515
4226
3235
2196
3173
3139
-1
1570
5313
2740
3875
-1
5251
1264
4986
3892
4248
739
-1
3139
3437
4890
5402
515
1083
3711
1583
2164
1836
3139
-1
1601
1044
1405
5330
4517
3752
1624
-1
5671
1656
603
3139
4776
2196
3875
265
1429
-1
3863
862
365
2196
5683
5402
2480
-1
1131
4912
4713
5402
865
-1
3978
5049
2196
4848
5140
3869
425
751
5730
2974
2200
5402
1579
-1
5471
3377
650
3275
2785
3072
2122
2048
5306
5625
3840
4635
3139
1298
284
1754
3696
5063
3139
2649
1796
5491
4280
1323
3878
3190
3139
-1
4327
5481
5486
3498
1462
2815
2196
1095
3298
746
4136
2196
1706
5254
37
2430
3003
3439
-1
4661
195
1663
2122
1019
3840
2285
5176
4708
2115
-1
785
3240
3566
4208
3139
5327
630
243
915
1184
482
784
229
1668
4374
485
214
1206
4158
1323
3625
3996
2925
5143
3221
3965
1705
36
806
3139
314
304
1350
1987
781
2221
5297
1307
3211
5156
4033
3926
3139
3139
5423
4654
-1
1307
-1
3139
2196
5702
1232
1307
3952
-1
5497
2843
13
4342
3875
716
2614
4718
866
4892
3651
1239
-1
2285
4536
3550
3139
4693
3139
112
340
5364
5617
594
645
-1
2989
4339
3491
16
5587
236
-1
4408
1699
4453
179
5576
1641
4823
1681
425
785
5615
3781
1788
3139
-1
3139
823
5413
-1
4373
5159
1504
4863
3875
586
1644
5608
3340
2055
92
3139
1919
447
719
-1
695
2269
4625
4622
147
2285
1949
1631
3139
2196
3139
-1
-1
460
4713
4797
2762
5714
5671
472
5087
1532
3139
4207
5699
3813
5616
1269
4945
215
2383
4173
4700
4886
2196
5674
4469
4438
3904
5156
740
4371
3003
1244
-1
3641
822
1504
-1
1596
2122
3304
5290
2675
1148
4378
3116
2591
3139
4260
4514
2676
1183
2211
256
2983
16
1429
2196
3933
16
1661
5640
856
564
3136
1352
275
2863
4346
4701
57
-1
1019
-1
1157
1149
1689
5596
3887
-1
2243
3608
4708
3460
612
5062
3945
43
4003
3198
1076
2802
1598
2083
1405
5626
195
4435
1300
2269
3259
2838
540
1086
25
5598
2465
787
5444
3037
4188
3979
1798
-1
1506
1429
1983
3261
2390
-1
664
645
5370
1601
1902
1809
4110
4895
1093
-1
1473
1157
4618
1256
937
2819
1675
2612
1105
-1
2326
4039
4287
3377
3458
5263
5068
4075
1897
2426
1681
5180
5697
594
634
3302
2196
4251
1909
1495
4916
2196
3902
3994
2196
695
2726
4471
653
463
2016
5032
2196
5714
1882
4438
4494
1194
877
5362
1297
45
3671
3961
4720
2762
1681
25
1510
4529
4921
2160
4953
147
1757
4419
4836
275
-1
2907
2741
2939
4438
5587
1339
1559
2390
3428
1727
2228
4379
1778
4165
57
4998
1275
405
1895
4438
3841
4226
3565
-1
1588
3840
1147
2550
145
1583
3141
1082
1475
2016
4280
1931
41
1282
4565
4013
1800
4966
533
898
1701
425
