3038
1517
3115
834
1016
3139
1636
3007
5402
1307
4992
11
2611
1429
5241
118
544
4948
730
957
1095
695
5319
-1
3139
3543
3218
4038
3139
5164
1178
2122
1821
4110
227
4859
4998
3139
3351
5142
2531
3139
457
5442
1300
1313
2240
4373
4602
2479
1149
3240
5287
3621
3308
4039
1902
1206
3092
5608
3139
5522
2951
127
1462
1928
2982
891
227
425
3139
4034
92
4720
1583
5426
5571
3139
4561
3768
1640
2454
5402
3875
1044
5596
1955
3139
695
5288
4793
981
1526
1699
5419
5587
4062
2634
2615
784
3303
3846
2777
2762
2240
3991
3856
2587
1339
315
2563
3360
3712
5094
4626
219
1262
547
3139
102
5415
5133
1688
3838
5235
3377
630
4521
5687
447
1594
3676
1902
5443
4402
2408
3924
1116
4689
3139
3530
5049
4972
547
5512
2196
3139
1480
314
740
1824
1739
2164
5509
4190
3139
-1
-1
29
1448
975
1371
4287
540
5598
5077
-1
1775
929
3139
827
2882
4039
2619
2339
3184
5074
4221
611
3838
4518
455
1902
2825
3139
1993
4368
3620
1639
4696
3349
190
5402
1323
808
3813
1722
425
4298
2424
487
3996
3139
810
3687
1016
425
281
1024
4945
2765
5384
3509
3136
3139
3297
1994
4039
3996
583
3580
1300
3139
5062
245
832
1313
284
3139
1915
4280
1863
5261
1465
4070
2037
3385
-1
3139
1621
1783
4864
1475
4815
5466
5576
462
3580
4712
5431
5432
3074
2196
2269
3920
2724
166
425
3448
4999
1254
2662
2285
602
41
916
5712
5587
3946
972
3139
847
1199
1339
5587
3139
5062
425
4890
3188
3028
5180
44
428
1297
1902
432
3800
348
4633
147
4524
1482
2196
1638
5056
457
539
425
2196
1269
3621
3139
4142
156
3592
248
4634
2380
425
3597
2619
3139
5699
1307
5101
3653
2531
1086
287
4982
1298
4171
2558
5085
683
1269
757
1793
556
2200
3617
2195
421
4771
3784
3556
4438
2215
127
5574
4682
147
2376
5521
4984
1016
2833
4606
3660
2009
4728
4654
887
4311
3590
2229
902
3176
5132
1633
2700
227
3681
1407
2405
5333
177
5323
3875
5448
1307
2838
1297
3139
541
4219
3621
923
872
2328
2867
3240
3139
4700
4232
400
-1
16
4736
5053
4966
25
2196
-1
1484
2895
4200
446
387
25
4269
869
4548
5355
3733
3229
2762
1452
1297
5308
4616
3589
1429
1304
3139
-1
1986
20
2200
4935
5587
2691
2189
4242
3863
2321
5239
2370
4283
1640
277
-1
3676
3110
3423
1264
443
1198
4076
3875
-1
3831
5274
1184
444
5271
4108
1725
2762
2503
1267
-1
2234
376
3733
-1
5524
2201
482
3367
4478
5068
2285
3422
4555
2672
5062
482
3712
3139
5587
3918
4337
4180
4306
1690
2348
1292
1931
5379
4300
4553
3139
3888
3427
5402
-1
3139
4936
4172
1601
1480
5587
4438
1708
41
3066
3139
2338
1407
2401
3139
537
2196
4661
1337
5402
3171
-1
5286
4082
3330
1850
3595
5045
2196
1160
-1
1071
425
1405
1629
2214
4763
1968
1436
3734
2058
2233
2882
4345
5228
5018
3139
45
5450
4032
882
5008
127
18
1777
1313
2575
1936
2927
882
1383
2540
1647
4603
5587
1914
4992
249
2695
-1
147
5172
2766
4231
2196
2200
5271
1969
3768
1997
2874
225
2619
4036
2885
1509
2631
485
4474
147
3974
714
4283
2462
5616
-1
1669
2752
1307
3647
5584
4945
557
-1
4158
2086
4282
1710
3139
1139
630
4496
661
5017
4814
4973
5610
1339
1601
4593
187
5092
3139
1209
4657
1157
3107
845
5410
3139
3959
2164
3651
1119
2122
5530
2934
5179
4068
4008
3141
4615
3449
3800
3224
3716
5414
-1
3231
2973
41
2837
4690
5133
425
5133
1583
5050
557
4255
2196
5451
3139
3139
582
425
4188
3782
4399
4332
5587
1517
25
25
3987
2196
2292
4997
3682
2462
4196
3421
2196
2281
1307
2890
241
3307
4000
2243
2196
5587
5254
-1
639
575
4890
25
4986
2196
3711
4904
2610
2333
5362
1384
1803
1435
5185
5062
2854
3946
2332
3139
3569
452
4392
2967
4654
1974
5497
540
3139
3985
127
5387
747
439
3382
1199
5387
2196
2662
1510
5402
5584
4662
1316
2861
4907
2911
2779
2215
3186
3139
3139
632
1475
1681
3017
1875
127
2067
3996
5321
1875
4426
2813
557
1575
4225
3037
4127
5587
2196
1875
2714
2350
2462
425
4038
41
1461
4815
5552
5104
2495
4005
2320
1293
5439
5176
2087
4684
2523
175
2615
1440
5433
3931
4713
3141
4039
3447
2752
524
5313
3139
5561
4595
4907
523
5333
16
5043
4188
3963
1349
3676
4025
924
4129
1992
2838
2285
3139
5670
5392
1775
4497
5293
18
4954
378
4373
540
-1
1255
5412
1601
1307
3050
5049
26
2312
5104
5133
3269
3594
5085
100
2200
3139
4662
2000
586
4070
1944
1003
3917
530
4846
400
620
41
4984
195
1405
4129
1572
-1
2770
5711
319
-1
1699
4110
787
4662
5472
2459
5402
2186
5042
2294
4634
2016
85
1767
5587
-1
5518
2989
1784
5445
3240
-1
2234
4039
3744
5326
1823
3139
25
3586
4553
5218
4526
2619
1931
5062
5331
1286
166
4371
1843
1038
2626
2762
834
2128
-1
1516
3139
1930
97
5155
561
3139
2762
4039
1295
2196
2651
227
311
2196
540
40
2205
3187
2931
4598
5049
583
2189
2882
1345
1702
1427
2159
1185
4225
1298
4995
4188
1601
1928
5715
3915
514
425
1465
4717
515
379
2615
5402
2615
4784
4890
816
3189
-1
1539
748
150
3774
1303
-1
4040
5396
2615
1347
5487
4566
4109
1178
5493
3689
3205
3139
3139
4359
4814
4484
5402
3621
-1
857
1535
4814
5043
4554
3023
5160
3167
1583
3756
3139
1101
628
4966
3936
418
1041
1084
4653
3724
4264
425
4945
4130
5502
5744
747
4482
352
2619
-1
5575
4142
5062
3141
1902
4019
5387
4329
698
3139
4922
458
2813
1834
823
425
3266
-1
-1
5491
52
1313
1178
3762
4029
5414
4549
5354
228
3884
2234
2345
3723
2061
482
583
4142
4966
1991
785
3638
1911
3107
5469
1239
16
5258
25
-1
4039
5521
5384
5062
2060
5124
4654
4395
2285
3139
3072
4327
5695
3840
3139
2196
3139
1323
1504
3139
613
2158
258
3139
-1
5741
1800
4945
3238
2296
5402
1846
2160
5497
1443
1240
469
5088
1636
-1
2778
4155
823
715
1759
4573
3461
1065
853
227
2838
3621
5493
5062
4945
898
2070
3676
75
3139
5062
2293
3316
4975
3240
41
4158
4703
3185
1730
3360
2756
5121
2509
-1
1274
5587
3139
3621
2380
2251
2196
1468
5062
3139
263
281
82
516
2455
4569
3473
522
3139
5402
1703
1726
4557
1313
1029
1178
5081
4795
3951
2323
4949
4158
4497
2775
147
3139
3139
3675
4039
4008
2149
-1
2531
1992
1558
1323
2435
5275
1307
1475
4674
665
2196
1699
3265
4814
2285
5577
2376
2454
3396
2724
2223
2912
2665
3636
1199
434
5070
2741
5402
526
2154
4107
4006
3611
395
5375
-1
3139
952
1146
1776
1636
4871
1054
-1
5049
5481
3139
5547
3139
2021
3025
1885
3676
2121
2285
1313
2703
2535
3033
1601
288
425
1307
3296
4966
2517
4818
922
4373
2859
405
2060
-1
2702
3935
4053
-1
1776
482
4330
4039
3994
3136
3676
3621
5672
3649
1840
-1
782
3139
1073
349
2501
4612
1465
2762
548
4231
1269
4188
5629
1300
4845
1588
515
2823
2282
5153
5220
3630
5687
-1
-1
178
3139
2285
4605
1550
4559
2196
1427
5062
5174
1618
3996
787
2135
-1
1020
1777
4794
-1
446
425
5087
1429
4296
645
2019
5336
1692
2761
4286
2762
5594
2338
195
3875
4114
1541
5576
5000
5402
3875
3682
1588
1019
5478
1398
1291
4720
195
-1
1206
2787
5203
5477
556
4622
4268
5497
290
4228
5122
2196
3003
3139
457
581
1489
-1
41
1298
2889
2285
5587
2667
2910
5419
3479
3703
4877
5049
1601
3139
-1
4400
3139
3156
1480
2524
4392
4598
2034
2950
5695
3682
1618
5390
2283
4829
5620
1778
5248
2188
5497
1727
4004
4700
1012
3933
2699
25
3113
827
1307
4397
261
1221
2196
785
1230
2619
5587
2200
1664
576
3733
5223
-1
5466
1791
4602
3065
4519
2462
1410
1298
2738
389
2008
2785
3139
4127
5587
2943
5399
3735
5523
1405
5133
98
1323
3139
521
227
-1
1732
1588
4628
3139
241
3273
2762
1297
1519
3965
3552
5140
-1
4142
2196
5133
5489
3996
2183
5133
5025
2133
2226
41
5304
2123
1313
1327
521
2138
4039
3139
5164
5210
53
1871
-1
4121
952
113
2670
5439
4270
744
65
2370
2902
3139
193
3110
4158
2196
370
2435
5725
5093
2022
1486
53
5146
2196
5186
3539
882
5282
5083
4929
1049
3485
5140
2841
4673
4192
1448
3682
1062
4993
1453
1452
718
3712
2515
1770
425
3386
425
1636
82
1298
278
5686
41
4125
5419
3139
5559
1849
975
3204
5252
3139
2390
-1
2153
3003
3139
1238
2195
3772
3139
2200
583
425
3139
5667
501
2269
564
3336
1715
2517
4142
2268
4226
2430
4695
-1
195
425
-1
3163
3701
2439
3656
2730
630
3974
548
1782
3139
3545
4740
1298
1723
1481
3309
2691
1794
3651
1672
4654
2332
5446
2714
2285
1480
5402
760
2376
366
3198
3139
398
2651
323
-1
4396
1842
53
5028
5049
1442
1427
2285
3139
2768
2326
2196
4497
1131
-1
195
-1
4720
4255
2285
3886
3139
4630
1479
1700
5587
1850
1105
861
138
526
1821
1313
2200
3107
5304
-1
3308
77
1307
1307
479
1583
1699
1480
632
427
2078
2546
5040
2196
747
3139
3086
2346
55
3003
3139
3695
1681
5493
2817
5473
1060
5402
3068
4158
2630
5674
5078
1480
4282
3130
1054
4942
719
158
-1
4513
5204
1538
2619
309
2878
3474
801
2825
3870
1429
232
1129
2377
3139
4125
5299
472
-1
5606
1320
4637
526
722
2957
787
2305
787
275
5213
2462
630
2370
-1
3933
1460
5152
2285
-1
2196
2196
2285
785
1131
4217
1052
1101
4142
5210
2544
1033
823
5613
4039
5195
2196
3859
1826
2711
3222
3139
1206
5049
3139
2495
2122
5672
1465
632
-1
3679
5273
996
5466
5258
227
4442
3408
-1
3816
3139
241
557
1586
2281
-1
4258
2746
4166
1282
-1
5112
2619
1719
4986
2075
1809
5062
5383
2895
785
1016
504
3107
785
127
5148
5627
3072
3238
5505
1699
687
1498
441
1427
5682
2079
25
3349
2615
4945
1405
3374
3238
2231
482
4614
1131
3144
-1
1410
4234
527
2660
5148
5226
571
25
3116
3822
2174
41
1266
1507
-1
4460
1143
5140
396
227
2615
2755
3367
-1
3676
1013
220
25
2591
4598
165
4348
4646
3107
1583
3072
5022
1431
5384
1368
5625
609
888
1821
1480
127
4007
5497
-1
716
4720
5499
2556
2196
594
425
837
3139
4497
170
724
823
1927
1480
5062
1634
4151
1244
-1
2285
5028
198
1354
1307
3820
2196
3308
3139
-1
3427
3139
5387
2813
2196
1817
1692
1577
304
1689
5426
2062
3139
932
1875
5402
-1
2122
542
3219
25
3139
1429
1601
5497
4226
5655
3622
1452
4884
3867
4064
1703
1177
-1
4853
1465
3422
1496
5613
3139
1274
4325
3139
1276
3696
1157
2552
-1
2890
2593
2918
3878
1588
3904
4306
676
427
3003
2825
1157
2196
303
1601
384
703
881
1499
5402
2883
4966
1269
4169
5183
3139
2947
5116
-1
1405
3139
304
3934
4007
-1
4808
5410
3168
3650
4951
2960
3838
2414
3623
-1
-1
2622
1945
3154
-1
799
2612
2360
2196
425
681
2196
713
3194
3139
5729
1694
-1
3139
3988
3240
5080
3006
1601
2583
4964
3427
2906
1821
4564
100
4651
5402
2451
1611
4039
2196
5648
5087
1427
221
2647
3201
3584
1498
785
4371
963
275
1743
3139
5370
-1
-1
3263
5066
3139
4194
2697
3139
1220
1249
2444
5067
3139
482
4784
4298
2578
2671
3528
4781
3673
25
3069
1073
4497
1636
3540
3139
1358
212
1830
831
1681
4311
5056
2364
1307
4662
3136
2285
3308
-1
3139
2164
2205
1583
425
3139
25
2778
5062
-1
5681
2196
4939
41
2246
1800
5162
-1
2828
2530
3308
783
4877
1482
773
-1
2177
5094
5062
2010
3961
275
2762
4328
3677
1588
1102
1464
3308
3139
5062
5729
1051
953
4633
1429
3308
2882
2568
177
5402
-1
1668
1255
5238
804
4713
4770
591
5442
5417
51
548
1765
1670
-1
4330
2469
4356
5049
2957
2400
850
2762
1817
3050
3062
2196
1298
556
3289
634
4388
1144
630
3625
2731
2724
1503
1401
3003
2762
4039
425
1352
1339
4720
1126
-1
1313
1148
5297
-1
4815
2364
2196
3139
2193
-1
1487
4158
4429
5062
1945
25
5264
3051
4039
5362
2183
5345
594
2196
3139
5109
2380
1608
227
4945
2196
1054
2584
-1
2453
3139
4040
227
3005
3139
3139
534
694
275
258
4373
485
1583
425
5062
4303
2196
4549
2159
687
-1
2196
2724
789
-1
4285
2954
3139
1128
4601
3726
4188
5156
3715
3730
2013
2390
572
4334
195
66
5062
3547
1902
1071
4226
4654
5271
1370
4552
5175
4918
915
448
4226
-1
5491
-1
2986
5197
5162
-1
794
1193
4201
3238
1044
-1
285
915
5720
2114
866
2936
3235
1168
1601
2998
3338
2557
5742
3419
3139
2296
2055
429
3789
2698
5362
5393
3162
5402
-1
933
3621
5097
1608
1480
3197
25
564
60
3683
3377
1381
3139
2285
3139
4032
2786
3875
1331
1805
1328
1185
4829
1073
852
5232
2882
4016
3587
2314
2885
3139
5133
540
-1
2566
4154
3139
2390
3456
4969
2227
4175
-1
5286
932
1152
3139
-1
2285
1755
1307
5300
2501
5235
2615
1405
3240
3495
3432
3139
5497
1480
5088
4973
2711
2619
1243
1619
-1
3030
5742
5158
4776
147
4985
2380
2306
583
3106
2283
4004
4635
3490
1202
1423
3504
5497
3044
274
5578
2383
5701
390
4720
54
1601
1307
1922
1598
5466
3139
227
4619
4158
4419
3139
2142
4529
3139
473
4311
5714
4772
1655
5466
275
127
1027
4598
5402
1152
-1
5367
5724
4098
1462
5551
3730
3682
3875
2516
2276
41
2884
5402
2314
1168
3613
5722
2082
1362
5402
2462
1087
968
4166
4937
4599
2998
3139
1082
3991
1101
5072
3139
-1
1697
914
5193
4373
2077
2716
3682
2566
313
3467
2764
2443
1902
2669
5339
5311
4666
2174
-1
25
5595
2827
-1
2691
1397
1161
5249
1019
1800
16
5587
343
5155
4684
4188
2299
5129
-1
4966
3562
2678
2196
5190
375
2640
2200
4652
1429
3416
2615
3404
507
1095
1427
3266
5602
1793
1931
3925
3676
4975
258
2691
3139
127
4082
1230
2383
2196
3115
3031
1548
5172
5402
2730
2285
4577
4972
4515
2971
107
95
2619
5049
5673
-1
5296
5151
2191
2974
3888
5572
2956
5290
5441
3542
195
4386
-1
5333
5213
-1
3139
4287
5050
1892
5322
3920
-1
2467
1307
3072
1269
2868
4621
1588
3050
289
4331
1542
3574
3976
3682
3599
923
4039
5049
1796
177
3139
5291
5213
195
707
3308
1945
1724
3496
2403
1480
836
4448
4132
1003
-1
4961
2550
3104
5368
2200
3139
5426
3139
5547
5271
-1
2462
-1
1712
2572
3139
241
5271
4239
5206
4861
286
1674
2108
1858
4705
227
304
3308
2196
2150
5547
-1
4135
254
1429
-1
1867
739
4582
-1
595
746
141
425
4150
1601
3139
-1
5401
1628
25
1461
859
1429
436
1513
1172
3139
-1
1956
3400
25
4740
3072
-1
4216
1178
5062
3290
5046
1044
3506
4073
2148
3139
2376
1161
2934
1286
2870
3747
2333
2196
303
1354
2196
196
3139
4857
3869
3291
734
475
5729
2843
2200
4014
4887
3929
3806
2958
4330
3139
3830
3139
1405
-1
3924
3684
3139
1168
5118
209
2100
2527
2196
-1
5207
1606
93
25
3414
3339
1441
5521
2794
1699
3853
4563
2601
1744
1797
4966
5377
989
229
2269
-1
2157
2196
474
2691
3271
227
4758
5402
2196
494
2428
596
3003
4507
349
5551
2196
4966
2236
1465
1157
787
2948
3797
2998
1706
2196
3712
4621
4039
4032
1482
3072
195
-1
3986
2196
923
1407
2619
3875
4984
1044
3139
2724
1407
-1
1193
5062
3363
2863
110
3875
1922
5254
4884
5094
2270
5069
2378
3376
5491
-1
2060
4140
1738
1382
112
540
5133
2298
3707
3218
5402
4719
2196
3308
467
5402
5237
16
3800
2426
1230
5474
3708
1601
1796
4502
915
2747
3280
1661
3438
482
3241
1183
-1
-1
1405
1157
787
5081
485
1913
3139
5082
632
5402
2072
937
5648
3046
2722
1725
823
195
4654
5672
3933
356
5497
1557
4093
4720
1665
5497
5473
612
5419
-1
2135
3046
1800
4403
3803
2287
2418
4822
340
4099
2189
3308
133
3768
1583
2222
4193
4110
5133
2886
5587
2238
-1
1405
2957
1288
4470
4746
599
2831
36
435
25
3072
3495
3312
2164
5286
25
1448
621
3930
57
5742
2615
645
2196
2407
5402
3308
5224
5419
5419
1044
2770
2838
5022
2333
-1
4248
177
2151
1004
3365
1155
3838
2516
4298
3742
3313
1157
99
5588
1195
2958
1207
4288
3554
3557
1320
4278
86
3485
4092
147
4158
2997
3795
3693
1003
-1
-1
4611
177
3139
482
336
3057
-1
3139
1455
4778
294
2510
5178
4529
1980
174
3895
1452
4183
3519
1206
2148
1829
800
5128
4261
4190
304
3238
4890
5049
2974
1248
1213
5062
3335
242
1848
4690
4772
3192
739
1298
4082
284
852
-1
590
3999
3495
755
5587
3308
4805
1157
3240
5468
4854
2421
5532
3676
3908
3139
703
3207
4660
4373
1313
5402
5271
3506
3222
25
1298
1334
4945
3054
1757
127
3030
4021
-1
-1
2957
3139
3139
4707
2780
3267
4337
1924
5479
2122
2285
3139
1661
5062
3969
1479
-1
410
2351
4376
1192
1885
5402
5545
-1
923
3139
2196
5587
2661
3046
813
-1
5287
3621
2016
2975
1313
4200
4142
-1
2703
2016
2672
5532
4243
5303
2122
2592
3139
5457
425
2521
4393
1429
429
425
2989
2008
4158
4255
3674
25
3759
1956
2113
1044
4158
503
1896
558
425
5551
4808
3875
5266
5205
1159
911
4953
1709
53
5544
1598
5547
3373
2489
5673
5729
4226
1657
1569
-1
3466
1219
1297
4664
1143
823
432
4326
3794
4181
4226
1465
3621
3233
4158
5304
2687
2049
-1
4079
4193
787
3315
623
3139
5372
5429
2144
4878
2445
343
3298
3314
1926
4555
2990
-1
4602
2302
4497
1054
4415
5526
1203
1506
4348
147
3139
2083
943
957
5621
3139
1034
1044
787
328
4539
5002
-1
320
1588
425
1527
5402
23
1298
1429
2911
4862
3139
2472
1844
3676
5077
1206
5565
195
285
482
25
5574
2084
3139
2724
-1
923
3887
3139
2815
4503
3605
425
4039
1230
1353
215
3777
1835
5313
425
1157
3139
3139
5521
1883
57
2196
5370
4576
154
1354
3057
3822
425
4633
3999
4556
-1
5183
1918
3169
-1
3787
3139
833
1429
743
3139
2435
5037
834
1990
2553
630
123
16
2200
5082
1727
3432
2164
5062
1056
448
4904
443
281
2263
622
810
5402
2385
425
3598
-1
411
5712
5728
3642
1919
-1
695
1583
1185
2149
4916
1252
1169
-1
5362
3139
3072
4709
4910
-1
2615
3142
2619
2154
53
409
5062
3765
5068
2097
4986
4799
415
2006
2825
2762
1504
4320
3999
1547
-1
-1
-1
4008
1150
3308
46
1097
5459
404
1307
3057
5424
3139
5455
4771
482
482
3477
3240
2200
1744
1753
3139
2440
785
3676
2101
2948
4226
1168
1953
4194
4890
4883
5362
66
5049
5306
5576
5140
368
2260
5473
195
5576
-1
1756
-1
3003
1681
852
1699
227
25
3810
2765
1139
334
1395
1418
778
73
3962
4704
2122
4038
4720
4689
5213
425
4203
4689
3378
5376
315
3139
1161
-1
2011
-1
541
1046
5402
1366
227
5196
1681
471
380
5470
4717
4945
3722
4878
3550
2974
1339
5247
1308
156
3439
-1
4422
-1
-1
243
242
2122
973
3462
1230
3139
5062
836
4695
545
1522
1429
3814
4671
1258
3845
3072
3139
5081
303
4374
4497
3242
2326
5511
2825
937
427
425
1636
1272
5587
1321
4181
4142
586
2813
3854
3139
2122
5475
25
-1
4642
3768
5406
5254
1240
1055
904
-1
4773
1393
1699
4890
2122
425
2548
3641
5595
1882
210
1300
3160
689
2196
3507
425
3139
4650
3593
3139
3710
2285
3109
227
4207
2605
764
5540
1428
2030
4654
2726
5077
5629
2466
1906
3041
5133
5200
4748
1269
5109
-1
5062
3139
2911
416
1874
92
-1
4998
1429
5566
1601
3665
-1
-1
5621
4684
3237
2945
1713
2196
5022
1744
5402
2825
2986
1452
3994
993
4722
2285
2304
208
2613
2196
195
4382
3139
2998
787
1804
2785
425
1405
3139
3003
2096
5642
854
1227
1636
4772
4688
3168
4853
4301
1006
5102
4051
457
4771
5062
1325
16
3744
1612
4654
2412
5587
3276
5254
3272
425
-1
4287
1157
4792
3035
4011
2468
2195
3821
1777
4966
3139
1072
3869
2134
1945
1200
1405
5587
-1
3944
-1
3139
1339
2684
3505
3139
304
81
3051
1448
818
2364
1862
2922
352
-1
4208
4834
25
1338
2934
3698
4392
4063
1240
1796
-1
3123
5740
4695
2162
1956
3139
2410
4497
1230
5696
1124
1333
4142
2824
5671
3308
4523
239
5531
3308
3966
2867
986
2122
324
2285
2697
3003
3583
5298
4713
-1
203
4142
3139
2882
4941
2953
1143
4956
5354
1480
25
5433
3117
1354
1868
5716
2196
5612
4082
2196
3115
4897
3139
1475
3672
2972
2762
1662
-1
127
-1
1468
425
2762
1601
1660
1319
2196
2285
5208
4958
5362
2285
1019
2435
2196
3139
-1
5699
-1
5133
1073
1586
4884
1725
5518
532
1949
2103
3139
2099
3887
3066
5695
5135
4541
3109
1480
3160
-1
4181
1598
5133
1936
4998
2551
5545
1473
3219
3623
4560
1581
3148
4039
1722
3139
2243
-1
3689
957
391
1855
4130
3139
3676
4298
1778
1441
2392
5402
41
4039
3139
53
3313
951
450
4279
5106
4615
2122
3046
-1
3398
2196
5062
3461
4438
4158
3875
425
1490
3308
3139
-1
391
4220
2252
4677
128
1054
1073
909
819
1325
400
5164
923
2658
279
4528
4018
4290
4766
4998
3621
4360
2958
5516
3872
4162
1269
1897
2196
3296
317
114
3885
-1
3139
308
32
2344
25
1884
5123
3393
2837
4572
2104
2882
5695
5733
746
2029
4966
2762
425
4810
2975
3308
1776
3238
5746
2728
2621
4386
1777
2451
3450
1860
3139
915
3238
1206
339
4333
4328
5388
2813
978
1429
2148
2882
442
1016
1244
3835
5062
1636
595
5413
2343
303
5022
4720
4099
1444
4184
4602
3601
3308
3641
4912
4386
2619
5581
2055
3456
4385
2965
3056
2807
285
1049
1565
4458
3139
4367
1573
793
1230
876
1584
2196
2200
2825
425
223
756
5165
3592
1800
5181
3139
5218
2839
773
-1
2619
195
3676
3817
5297
2135
506
4777
3190
4826
1044
4381
3667
3057
1420
3190
-1
5049
25
425
474
4442
785
669
5587
61
3139
4764
4945
5385
3139
3252
5194
5062
4520
2350
3139
5326
5412
4383
778
1632
4158
3875
4386
3711
1016
4311
2196
1627
5402
1405
3394
3007
482
-1
4445
4007
4782
227
201
3139
5420
2659
1601
2196
5402
5155
1848
1307
4751
2451
5156
5284
2462
4497
860
1941
5402
2649
1482
2194
824
4497
2084
2350
4874
2266
3989
5551
177
1372
5162
1814
5412
4048
3621
4158
4593
1907
1693
1653
2975
3495
3269
2164
3115
2016
425
4521
988
1699
29
5251
5695
1504
82
3581
4401
1703
-1
2691
1081
1379
4712
4955
2420
4787
482
5587
4708
4386
5518
2286
648
391
4371
2774
2748
612
2196
5057
5045
3139
79
2613
1843
1273
5497
1044
1095
4158
2196
2573
548
3671
4598
177
127
4537
2012
4371
4233
630
3056
1894
-1
1178
1636
227
1817
383
1923
3139
4484
4689
4697
2016
1354
1429
3139
2122
21
827
1830
3010
934
1461
1173
218
184
4377
35
987
2939
1475
4884
4082
2020
5402
6
1736
5587
25
1793
4438
1465
41
1796
1313
1847
2080
5209
438
1405
1157
933
3139
1161
536
1120
3725
5131
524
1149
1583
2159
4716
3676
2649
4932
425
1280
2195
-1
1598
1374
1083
556
25
4373
3139
4993
5538
752
1391
540
2481
2615
699
590
753
275
227
88
5288
5087
1382
5312
1602
5235
5497
1665
848
1086
4890
3592
5109
33
4978
195
2917
2644
2635
2762
3000
1405
739
2440
4564
3431
3139
5015
2285
-1
540
915
4772
5646
5063
5221
3139
-1
3528
5028
4881
5270
2090
2882
2762
1354
354
1152
1597
3308
1384
4433
-1
3139
3003
4394
3250
3308
3139
-1
-1
3496
1889
1945
3046
1307
1764
2046
496
5402
3358
-1
1265
5402
1957
3139
5537
586
551
5049
4884
332
520
1475
3623
723
1101
288
-1
610
2953
4890
1739
2285
857
1001
3371
1331
430
3838
-1
4332
3283
2826
2937
1245
419
465
2662
4534
4252
1776
3139
5714
3722
3725
145
631
425
1619
1465
2268
3965
3807
1998
4000
5123
4538
3403
4122
865
2014
3623
2435
4014
661
4035
3699
2122
5271
1696
1290
4330
5136
3943
5132
3256
1583
2878
2452
4039
-1
2435
1206
225
2206
1601
1447
243
1797
605
4824
5491
-1
839
1765
-1
1296
3369
5390
540
3769
686
378
5260
1438
2285
3581
2986
1095
288
3621
5298
-1
712
49
5269
2522
3139
-1
3072
804
2333
1902
3139
3280
4165
3552
1206
4039
2196
2447
3139
1046
4226
2155
1601
4364
3712
5373
4397
2732
3139
3021
4890
5171
2666
689
1269
258
5714
1809
452
3138
3729
3857
977
2333
1800
1583
5497
1386
3028
1166
1132
2992
-1
2830
2465
823
5199
3676
5587
5328
3139
3876
3238
2691
3296
4052
1692
2196
315
833
-1
2200
358
3243
2271
2369
1070
-1
3139
4814
2016
3077
2124
5402
4226
794
3604
698
4559
4890
3682
1597
1635
1069
2703
607
-1
1230
3644
5364
2979
-1
937
3177
345
3939
2195
3003
5062
5551
2825
5094
4966
5347
1223
5217
3175
25
5164
4226
3308
937
258
2862
5433
425
4763
3250
4891
4495
4654
1465
959
500
2691
4011
823
3676
1225
1588
18
2762
1925
3646
-1
3407
25
2064
1051
304
3830
2189
4007
5232
4559
-1
3996
5416
5475
5293
4896
302
1650
310
2200
195
2413
425
1336
1206
3139
3950
513
1722
5571
2326
5284
11
-1
4763
3003
3551
3676
5363
3779
3949
602
1847
1339
1891
4089
1175
3139
1183
3818
2085
3369
4771
258
4626
629
2443
192
5222
1523
2838
4598
4839
1616
164
2184
5017
2269
2075
-1
5027
5077
3000
3308
16
5119
2279
5313
3317
195
2882
2409
3676
2076
5645
2882
-1
2615
425
1778
2196
1429
1552
-1
3838
1914
3139
-1
2926
2285
588
5442
69
1186
3822
106
521
3954
5451
2828
425
-1
2167
3037
3838
1300
5623
2195
4986
5176
1230
5695
1405
2813
781
443
3157
3317
-1
3560
2654
2196
498
2911
5538
5402
276
425
5200
1286
4159
833
3308
3095
5378
3360
-1
2133
4032
-1
4373
-1
183
3072
-1
2513
381
2933
2328
1301
2538
482
5595
1699
2685
1754
-1
3139
-1
3222
2435
3500
1228
4658
1429
5498
2934
2980
25
5434
1699
5271
5238
1465
1064
3131
594
1952
3139
5271
3028
2583
578
2333
-1
3240
3964
1781
5062
3128
1972
3768
4986
4414
3435
3384
2825
3615
4720
2423
-1
2196
1675
1425
1405
5402
653
4829
3139
1429
5642
2762
4999
2220
5482
4566
1725
5062
25
3391
2189
-1
1639
1945
2675
4238
4718
630
2785
2196
2420
2015
4287
3002
3289
3768
1429
1244
1681
3465
1968
285
1650
147
300
2489
10
2199
1307
3498
4998
4978
2884
4598
4831
4495
1429
5447
923
4513
5593
5191
2508
195
3108
5085
2719
-1
3139
4438
993
4447
425
5133
4569
1086
4527
5702
3531
5133
790
5654
1606
4654
4718
5562
3289
177
4884
-1
4802
4267
4441
5642
3139
4789
5250
3901
329
93
-1
437
5497
1178
38
2326
1016
5402
2620
1595
1573
2548
5471
247
2196
1016
3136
5234
5132
1298
2835
3471
3418
3621
937
5177
-1
4487
2650
5133
3139
540
2503
4032
4455
3139
3139
-1
4708
2285
5464
482
-1
-1
4151
2189
2196
5340
4039
2911
3139
3139
4759
2164
5373
5007
1821
41
1579
3946
213
2285
4158
5442
3883
2840
2697
3183
2534
3072
3676
1501
2333
3696
2200
4438
4774
2498
975
4913
3139
2066
2825
5349
743
5743
1579
72
3139
1590
5385
5466
3877
5508
41
4779
3869
4019
25
548
5674
3680
4012
1012
5271
5724
25
2250
77
-1
1268
2016
2882
5132
3115
822
3003
4218
4890
1579
5629
1364
5028
1019
4151
4393
889
540
2984
939
4869
1681
827
2221
3887
510
3803
4927
3781
5414
270
4199
2727
-1
399
4966
3139
4850
2005
1273
4348
5137
1583
4188
910
348
3000
4164
751
147
1623
5168
3139
185
127
395
5346
5085
4836
2975
132
4559
425
5402
425
5218
936
766
338
1265
722
3279
2196
1407
473
3820
2355
5143
3501
5565
4912
5133
2842
1297
1210
1174
2583
719
3995
2724
3621
285
1681
324
3880
4600
-1
673
1313
2388
2368
2782
1269
2691
2253
4812
1716
2122
3139
635
5155
4920
5269
1661
3767
4921
2196
4147
5268
2196
2196
1976
425
3086
1387
3193
2014
5252
5200
3240
-1
367
2050
2112
857
4928
5384
2204
1945
3372
4635
4778
4802
193
1349
634
5337
5507
2955
1278
2122
4287
3095
540
3024
25
425
3139
5362
4226
-1
2122
4142
3039
1076
5402
2724
127
5225
1462
2546
4994
3921
1246
3139
4462
2882
4890
4024
5164
1921
4977
1038
3800
5364
1427
2767
-1
1829
4205
5254
1480
-1
5077
1465
1897
3862
5044
3657
3066
4146
882
2619
404
1206
4851
-1
5643
5428
324
4153
445
4259
3222
5587
4276
5310
3075
3741
1699
3768
3047
2196
5062
2762
5491
-1
25
3676
1461
25
1919
1699
5583
2122
-1
-1
5230
56
2701
2495
1307
450
5062
129
1206
3139
5384
3139
3387
4353
1167
4349
425
3580
1032
425
689
1185
1819
1405
3311
4815
2369
5536
5245
2813
5195
5183
5598
3994
4902
3838
5062
3641
1161
3432
1042
4636
4371
1681
4771
737
2174
3451
4007
4771
3139
3496
62
3468
4417
1644
25
5137
5133
3456
3569
4038
3936
3516
5167
1010
4371
5587
3415
3139
1167
800
425
3139
2971
1681
4406
3875
4692
5022
3368
5001
1601
2196
2843
1
3139
3377
3026
1506
3200
3139
4525
482
2867
2196
5085
2679
594
4158
4763
535
3103
4024
-1
5587
3377
77
3878
1037
2879
3289
3878
5077
198
57
1323
2196
2493
4687
2054
-1
347
3139
4900
5269
1178
5402
4746
3220
4214
5062
2196
4667
391
4618
3621
16
3072
3139
810
4981
448
5614
4651
3678
1781
2163
3958
763
718
443
1371
-1
275
4226
3491
740
1897
631
3417
1424
602
4823
5028
3606
2127
2761
1323
4484
5265
3139
5547
4226
1480
3000
5314
2390
1609
425
3405
2635
-1
3399
5087
2855
1429
2196
25
4815
2235
2196
3409
3139
3833
1030
2314
1157
5257
917
252
3566
4143
1482
4420
425
5619
2762
1881
4059
2285
2615
735
3632
4975
2063
5699
5013
425
3991
4771
92
4558
257
1722
5402
2762
1163
954
787
4070
5714
1139
4267
1601
4351
3430
2196
3090
1908
243
5733
3452
1288
4322
1793
5235
3974
5433
296
1449
-1
2052
2762
3308
3139
3691
2390
4565
3139
1058
2542
1147
4226
-1
1161
3277
-1
1218
1546
2340
2281
4998
585
5744
2458
3725
1601
1771
583
1546
5402
554
5616
1650
2329
5491
468
4798
285
1113
3880
-1
2321
1567
2124
417
747
5553
4720
-1
1482
636
5731
1583
1347
3696
1298
5309
2925
5729
2202
1711
5028
3028
785
5501
5113
3666
3804
4074
798
425
3160
3308
4987
3496
451
376
25
1639
1273
5049
3331
3139
1405
5671
1675
2196
2440
3139
4633
3319
3401
2164
2882
997
4607
4406
4387
2724
5165
1101
3308
5714
5254
3621
3000
646
1167
5269
5238
4585
-1
3139
1016
2825
4712
58
4380
3139
2485
1163
4830
3139
540
3139
2164
1407
5505
1984
1601
2989
147
3139
5219
871
3032
2806
678
958
3475
-1
1452
425
2966
5126
3748
2196
1650
713
3030
2159
2571
3682
1701
2564
4698
2619
2693
1206
1197
604
5062
4645
5212
5340
4158
985
5538
5062
5561
672
411
4478
5491
4107
2383
3139
1095
5587
-1
3534
84
4163
1475
3139
539
2200
3066
3099
5022
425
4153
4787
1910
425
425
2762
5466
5177
2189
261
3139
-1
4723
877
5049
-1
3641
3891
4193
-1
3308
774
1168
4060
5029
4945
3146
722
3955
16
337
1681
1073
556
1136
1884
1789
382
-1
3139
4902
5062
3255
3945
4906
3440
1044
3485
3676
4792
-1
2285
4067
2724
2196
1556
1300
2614
772
5609
4654
425
1528
1313
2065
3275
4597
4945
1183
1315
363
3240
68
2257
746
3139
5081
2751
3139
1496
4484
2196
746
1813
2200
425
4966
4720
4373
-1
1860
4348
1823
1088
2548
5402
1651
4188
1607
284
2017
5255
5587
2196
1429
1887
785
2330
2317
2266
3621
4713
37
4713
3591
3366
3841
2147
3139
5394
1193
288
1822
674
-1
4513
4763
5513
5102
5505
4966
2196
-1
-1
665
4945
5621
541
2196
4181
1425
238
4188
4957
-1
1307
957
1025
5370
1168
1080
5149
2911
868
4311
4983
3360
1285
66
916
2600
5037
3139
-1
-1
4900
2462
1338
2196
3838
1158
3628
739
459
2084
2813
4615
3037
-1
25
3695
3139
1373
4763
-1
472
4402
2146
1830
2959
2810
53
3838
1350
5661
3754
4896
5475
2645
2762
3829
41
4335
1017
4323
1624
3115
3139
2619
4041
1571
2122
2122
4890
1096
2189
67
2129
1178
739
5313
195
4497
1095
4287
166
269
3429
130
1583
2624
3692
25
4966
5705
937
3624
4158
2345
2913
1019
1071
2056
140
5587
5165
2848
2328
391
1598
4071
2200
743
548
3863
2164
3246
-1
5652
5571
227
1447
-1
-1
4273
1107
3855
1137
4718
4053
1573
5062
2122
1408
147
2196
1672
1307
746
1256
-1
2674
630
3887
5382
2605
1297
3139
2321
5466
2374
3195
425
3621
1951
5576
5430
4998
4329
3830
3139
4561
4907
4903
2628
2420
-1
3139
4966
2691
2762
1683
2541
4547
374
3126
4718
2362
913
5170
1830
425
348
3139
4945
1090
5364
4993
3566
2285
3476
425
-1
2030
4493
2383
5534
673
5297
3071
1875
2442
5671
4039
3887
4966
1680
293
3795
-1
1540
2615
3875
586
3648
2189
955
3958
2762
3094
1475
3879
4978
3308
275
2950
5203
-1
2179
25
1112
-1
5215
5036
4348
1288
1337
2943
3139
4763
3139
5566
2672
5481
5184
852
5333
1681
4352
5022
618
1466
4654
-1
1472
391
4371
2196
25
2148
5587
1429
4085
1230
4005
227
3139
3057
5466
2762
2698
2511
-1
1307
-1
1985
25
5049
4158
4332
3139
4142
463
66
1432
3682
307
5096
-1
2127
5402
3757
3139
1307
4342
1342
3139
3748
4978
3714
4999
-1
509
3046
1152
3139
425
975
1140
4443
2140
1928
3933
1035
5727
4590
448
5703
5696
3057
863
555
4095
3752
4007
266
2399
1916
-1
4792
5587
4501
364
373
3623
1529
2245
3735
3418
3662
4713
406
3996
2876
485
4158
-1
2189
3095
3094
1048
3467
2612
4310
682
5567
494
2989
482
4039
-1
301
3139
3880
4373
482
594
1601
1434
347
1081
3308
2515
5359
1422
1530
5028
1480
3064
1185
3202
3445
5262
2364
2189
5138
5402
739
1601
1185
561
2200
5077
-1
2027
105
5671
2146
327
1044
2400
1913
5609
4125
3139
1601
2285
1190
4032
1066
3139
4901
5062
3905
2619
5254
4332
1996
3139
4192
4103
5474
1405
378
3305
5617
5037
1178
-1
5683
1722
418
87
4640
4997
2376
4856
5738
808
3091
5444
4553
484
4938
1699
4892
2665
-1
1647
556
5020
2919
3139
5090
1791
1471
4875
1210
2612
-1
3027
2420
304
1279
1583
1820
5725
3487
3003
4778
3389
4567
4210
3355
2901
1643
695
3338
1077
3139
1414
1183
249
342
823
4158
3396
5616
3139
5671
5471
4142
5402
1827
633
41
1586
4986
2871
2360
1681
5595
2328
344
2515
1213
3481
1331
2449
3704
1686
2196
719
3173
2294
124
3615
3542
481
231
425
5062
271
5636
3182
5271
1775
3158
5726
1355
1598
2164
2995
1798
402
3904
3442
3838
3332
5648
3984
4877
3658
1905
2249
5062
5497
1307
3523
4381
1018
5479
5095
1216
4868
-1
716
5576
2383
4613
3139
2531
5318
4039
1054
5098
2825
1575
1313
248
4332
2146
645
2907
3808
1313
2462
460
1155
5133
4879
590
1206
3862
2623
1152
-1
3615
1636
630
4966
4580
4998
3347
2825
3925
4893
3869
3139
4608
844
1400
5576
2122
2196
2095
641
2047
1698
460
4482
4125
4039
-1
5640
1185
4015
3596
4957
1856
5609
2859
2253
391
2285
4974
3485
1722
3337
1800
2737
1073
183
2393
3743
3439
5587
3378
-1
1587
3527
4966
3615
3139
1546
2753
1229
3296
-1
62
-1
1407
2196
1482
4511
1208
3395
1515
1049
2196
3139
3095
2281
1044
2196
1003
1798
2555
-1
2958
1465
3365
3139
-1
4124
1148
142
-1
1196
1636
347
3302
1636
1465
2196
1429
2619
3145
3247
4788
-1
1681
25
3008
1501
1219
1044
3314
5500
5402
2662
4088
425
3980
1187
2285
5387
4406
5224
5087
5733
930
2431
1477
3914
4787
3139
2164
2196
2781
3098
3192
3676
1647
1741
5404
805
482
-1
1154
3621
2493
2662
4890
4925
4039
482
645
268
3003
196
3139
1044
4718
2838
-1
4003
1119
1429
2200
2196
2318
4776
2192
5714
834
1429
5402
4373
-1
3749
25
1116
5402
695
5503
5362
662
24
4858
5077
2060
2615
1241
1359
3215
5421
2724
2853
2890
5191
3422
1636
4643
1405
2247
2653
3308
1353
-1
2153
195
3148
1313
3139
427
5434
2165
4226
-1
2333
4569
1795
5650
2714
482
4157
611
4497
2686
3549
630
-1
1798
2825
5426
2122
785
482
3061
1157
2487
-1
57
3000
2748
1783
743
1429
2921
1601
4530
3711
2200
2196
2412
5402
2227
1978
4435
4945
314
2196
2196
1624
2399
5280
3689
1506
3770
4489
-1
3315
1616
5159
3139
127
2627
1161
25
5714
1504
5062
4032
546
2084
4689
2420
1963
57
1787
4471
3139
4314
-1
3978
-1
3139
5271
1405
5216
5696
3722
2243
5704
1772
3139
24
2364
1469
1580
4784
41
1302
25
5635
2196
1185
1800
1599
5156
2196
446
5122
3953
-1
3825
2466
242
3139
5679
1205
3139
-1
3139
25
4458
1633
2364
1044
25
1298
1244
630
2097
5630
2196
654
4998
5493
558
195
5021
1514
25
2612
5254
3139
5049
2196
1465
3800
294
5049
2150
1273
1017
3830
5518
637
2200
82
5405
2319
444
2345
53
3837
1117
1230
2191
1816
1405
425
1573
2200
4966
4032
5156
531
2502
3650
1874
4914
2885
-1
5087
28
1559
3730
494
5471
1282
1206
-1
2200
2122
-1
3970
5587
2196
1307
3139
4768
5062
3313
569
1862
1307
2974
214
657
-1
594
5745
2308
2838
5495
3139
3139
2364
1323
3930
4947
4295
3139
5402
1429
347
4188
348
-1
4058
2574
1429
5009
41
2943
2160
2115
5028
4634
5402
-1
1098
2122
1229
-1
1475
324
3676
3923
1447
1929
3970
3502
695
4771
3040
180
5744
2664
2615
4562
4482
1016
276
1885
4763
2158
3346
-1
3331
227
5497
3139
4492
3843
4016
642
3838
1178
1636
5003
25
985
1270
2493
5413
3139
3139
3865
1284
4966
2724
1269
-1
4750
4255
425
369
2519
2269
315
3496
4074
4677
5194
923
3139
3000
348
2993
932
3401
2285
1009
5607
3878
2196
4473
4694
-1
377
5672
1741
2749
3140
3480
5227
4428
-1
5558
787
4835
2464
4055
2548
3427
947
4454
4689
1903
5293
5402
2825
4107
5616
3139
1354
1298
371
478
1780
4572
3497
1429
5499
1012
322
205
1231
583
482
834
3139
3139
1714
3996
681
3916
4032
2762
2146
-1
1796
2958
5671
5433
2345
1752
-1
1121
3139
5062
5419
464
-1
315
2762
901
1649
25
5294
5402
3139
4235
3085
3139
2196
176
1638
5402
2196
195
5454
2196
-1
1168
5141
1492
2762
4193
4851
3444
1812
716
2196
797
1429
2825
482
4341
1465
4890
851
25
202
131
2122
1596
540
25
928
397
670
2088
1585
1482
127
3139
5587
5749
4408
835
127
62
5390
4996
196
1056
4771
1456
2196
2867
18
-1
974
1608
1892
2784
1520
3034
2290
2239
4393
1462
2019
1902
16
2455
-1
5374
3066
1014
1766
2200
425
2036
-1
1358
5433
880
195
5402
1601
-1
2619
5254
5267
1475
1230
4841
4430
-1
674
3961
2196
5128
4720
3139
1288
1888
2285
3628
2413
4195
1588
1065
4570
4735
1354
2057
5068
4255
5455
5362
3095
1809
1021
5402
482
3397
1429
2754
4720
1636
2383
3614
2160
3610
1185
4908
5436
3682
5133
548
2464
5587
2314
2187
1407
4669
227
3139
5125
16
482
5003
1589
3822
1392
4188
-1
4039
65
1503
3512
1650
630
1459
-1
5674
4877
211
3824
2652
2464
4442
3959
4749
3709
-1
3824
5111
1255
3863
3226
121
-1
2160
4978
1275
1534
4975
5419
-1
5050
4513
5574
2146
378
1313
-1
1044
4585
1938
3139
5273
4825
2792
3676
4346
2148
448
51
1637
3139
4847
4226
5497
4926
242
3139
4427
1502
4778
3041
4611
-1
3395
-1
425
4181
4862
4994
1941
2334
1943
5213
2599
4945
1681
616
1161
4000
-1
-1
3061
1339
3975
4995
4482
154
3548
-1
5737
1931
5010
1675
4909
5254
4778
2619
5062
769
3973
1289
331
2246
5154
2301
4855
-1
5685
1465
5177
109
5062
3072
3875
3308
2894
3139
2178
605
-1
425
3840
1007
3353
3401
4734
1706
167
923
649
4396
4777
4578
2402
66
3781
301
-1
3134
4514
2190
5497
4005
5674
719
2897
120
3994
5524
5499
2200
1909
2065
2084
1584
1101
5486
1479
4069
2196
4737
-1
999
975
1429
3808
5162
-1
3308
1405
580
903
1313
-1
4629
2911
1518
-1
5587
2548
227
5322
1546
3992
5329
1727
-1
-1
5108
4171
2196
3928
3700
3139
1734
1161
2507
4293
-1
861
5049
4436
1230
3211
849
1809
-1
1413
1184
497
482
3139
2465
2861
382
1800
5671
2196
200
3997
1300
3345
3239
3139
4873
2137
3330
5497
4808
4771
3267
1298
2590
4142
4188
4836
1958
41
25
4350
3139
1998
1791
2122
5402
5535
4373
4497
2649
4373
2383
2562
1445
5694
4389
542
1354
4890
5571
75
1458
5028
3553
1601
41
473
4075
350
3487
2762
3240
746
2111
2762
763
3111
5186
3139
5497
3139
4497
4929
2091
5200
4663
3676
1139
1362
1904
4763
3357
2971
2380
4548
2189
711
4152
3317
4082
1823
3771
1508
2195
701
1178
-1
3139
4432
3003
1452
183
3706
2629
1187
1699
3422
3115
2989
5387
41
1100
5397
285
5337
3326
4815
3208
3003
2196
5695
5545
517
2196
5250
2153
5009
1583
5015
25
1769
1016
5133
3396
1475
51
5280
3139
25
425
5402
609
-1
1112
937
227
2196
5013
1619
2569
1022
1687
255
3221
1168
3139
3003
3139
495
787
1905
3493
469
74
5698
5021
4302
1248
1958
4454
1397
925
99
1307
4048
4226
5191
3139
5506
4815
5402
542
1307
5325
5550
5156
630
1339
3291
25
4424
923
4438
1759
3815
414
2196
1346
3139
4771
4265
1601
5402
4001
4223
1339
1281
1754
5546
823
2964
3378
5381
3879
1427
689
-1
3244
1796
1405
815
324
4226
1044
1063
303
2944
2376
3308
2934
1131
5402
5263
5714
2724
1023
5402
1453
4240
3308
4497
1067
5269
2867
-1
5336
787
-1
1798
556
5547
195
3676
3139
1793
3042
2196
4115
1168
1429
138
3591
2085
3919
2200
1601
2016
5439
1131
3067
5062
425
1206
4226
2517
1642
2333
482
5729
5497
3428
1878
80
5576
600
2825
3139
875
1429
1636
2232
4890
1452
4158
3139
3469
3057
3381
827
2146
2269
3740
2291
1343
425
1575
3051
4373
-1
-1
1780
4502
5330
1688
3621
-1
4878
4682
3317
1608
775
2703
425
482
3015
301
3717
5631
318
5433
3279
1405
-1
4945
2014
4277
5317
2585
4720
2904
2974
2194
1768
3892
3067
4213
4615
4398
2285
5595
402
3800
2619
2243
462
4803
1215
4133
123
3651
2762
5576
613
2751
957
1429
348
1313
400
3139
4162
3838
1168
1504
3641
5272
1404
2790
4777
849
5062
3461
1852
2182
2749
1958
3396
-1
3887
3139
1429
70
2825
1269
41
1104
3139
3315
-1
5310
681
3113
-1
1480
-1
4978
4934
5735
3003
2277
1206
3139
2124
5621
3570
3763
1636
4965
2085
4444
4252
515
4469
907
1444
3800
5542
1945
2892
5580
-1
482
4032
1504
1480
594
1601
2715
905
1601
4733
3262
5637
175
1493
5052
747
5155
540
1168
304
4158
2169
710
-1
-1
1429
785
1873
1845
1601
1583
4437
1947
2384
3410
425
789
3245
4946
3616
3139
460
4197
1339
3650
5437
1949
2724
1061
2724
3060
3592
304
1002
5132
4111
3875
1157
-1
4725
5327
5119
3899
4631
4142
353
2196
4226
5254
147
1931
684
5471
1667
4014
5254
5380
4617
5068
2196
3081
2976
1273
2153
5402
2813
591
1699
695
2724
191
1427
4952
1751
3155
25
3998
3003
3793
1460
1313
2223
3192
4453
5247
2478
2196
5232
57
956
5254
2702
2589
2435
4044
4406
5671
4000
654
1405
391
2196
5431
2588
4007
748
-1
25
2196
-1
3324
3462
4097
3069
5402
443
5233
1891
2196
4654
4158
4966
3294
2156
341
373
2383
5006
3139
4158
1359
2067
2793
5687
2898
3139
2068
1722
5356
4888
147
2392
3621
1283
2863
5022
425
25
3003
-1
4392
5071
3113
-1
1836
5463
3696
4157
3053
4738
258
2200
3139
1429
3308
408
5384
2762
3621
5286
-1
1119
2750
1611
2122
4213
-1
-1
3676
4801
3931
5512
3139
1890
5093
350
5687
2150
4591
3341
5729
5389
4771
1176
5712
1408
4945
1298
5452
3139
3510
3991
5382
583
5009
5402
1975
4275
3139
5087
5331
188
5140
5564
4158
2993
3057
3573
1210
494
5062
1081
5497
2583
-1
5062
937
1086
335
1429
915
2286
1026
1774
633
1405
2518
2887
-1
2489
86
3998
3863
3887
1307
3238
3581
632
5402
3139
3507
4584
2939
2751
810
2097
2374
1354
5402
1666
3139
1017
1706
3160
4686
1206
1429
4045
2638
3062
2100
2532
4570
3623
2762
2394
2146
1584
2241
5074
3057
3137
1269
1601
4403
5309
3139
3041
3696
2863
1928
4240
3139
425
2646
630
806
2762
1988
2196
-1
2420
5140
-1
5156
1320
2126
2759
5413
4945
24
3139
4718
3595
3148
1452
5235
1016
4808
3941
2189
4777
1161
425
5402
1636
5583
3592
3317
850
3579
2594
1695
3418
3022
5254
4559
4355
2724
361
4105
3139
4513
870
542
2395
751
5433
3039
5700
3944
4852
5616
1681
4086
1131
3621
5402
5510
541
1092
193
332
3139
-1
-1
4226
2102
3534
4209
4823
3496
3139
2148
4598
5466
2146
2376
3046
3321
5272
3812
5156
2180
1016
1324
3308
3054
4332
299
3256
4891
1940
3139
5683
1405
4272
-1
425
2462
16
1630
5241
3139
5587
1361
1410
5244
1044
2345
3591
2514
2554
1147
3139
4700
1257
193
3379
2196
3875
5494
1583
4749
1298
3139
1759
3139
5419
2390
-1
5597
3382
736
937
1298
1429
1054
1681
1681
901
-1
425
4450
2517
4226
2285
2474
2477
5402
1598
2451
4358
5130
5402
3766
4945
2825
1300
1597
5341
4769
1091
1153
5062
92
1163
2196
689
-1
403
25
3820
1536
1851
3520
5609
2414
3630
4342
5362
3608
4158
3676
3296
3621
1603
5315
2187
5471
4371
-1
3887
3932
2196
3616
4197
3095
1601
685
4260
3641
1785
2250
2495
2200
425
5062
2958
5091
4896
4567
957
667
4276
374
2762
645
5402
1230
1429
1286
3139
5182
147
2196
4747
3820
4153
2615
303
747
1583
2313
2619
4998
3132
16
-1
1777
1850
5213
1210
4589
95
4505
4650
2196
1814
4479
5465
3781
5262
3139
1945
1211
2279
4373
5062
4761
2200
-1
1681
5023
1206
5116
590
3139
1727
3862
3623
4031
1475
5062
2325
4439
3139
25
1081
5336
4497
763
-1
53
2200
2146
3139
-1
2762
4632
4890
4110
5547
1592
3317
96
5616
3139
5402
77
5671
25
4720
5313
4206
705
25
1307
3049
475
2196
2164
3856
3139
3139
4009
1699
2189
3838
5205
5271
5485
1650
3139
316
2768
3923
2098
857
1429
-1
5723
2724
4149
3875
3037
3980
258
4123
4945
-1
1584
1429
890
1625
314
3383
3308
2189
2560
5426
1699
4202
3641
1491
355
2506
573
314
1170
18
4014
36
3139
1135
1429
275
5062
4244
425
5164
1964
2196
4956
1583
4078
1616
2420
4316
2016
324
842
583
4270
4166
138
2189
4492
5402
3629
2153
-1
70
1377
2567
2390
5030
3977
1616
2196
2285
77
3771
1699
3517
1916
3072
-1
3720
864
-1
5480
1740
5114
4007
2269
5049
4451
2794
258
1427
5062
4924
59
5466
3139
659
641
4668
5706
3453
647
1443
3924
117
1273
2284
4825
5733
1795
1638
3428
3218
3743
4506
3841
785
704
5178
1636
2975
4042
5178
2798
305
195
2060
2976
5409
2016
840
2724
745
4784
1240
4768
425
2844
285
5402
993
-1
3676
2196
3179
2762
4938
5587
4575
3390
4517
3139
993
2210
3876
1802
2989
2390
1313
3139
5267
1601
1648
2051
346
4225
5387
1971
823
1042
4513
-1
5402
3323
666
-1
-1
3433
3621
5183
2673
3037
3623
160
2696
4615
1184
1681
822
2602
4188
3641
1606
1579
2269
1331
1945
5587
697
4188
394
2042
747
3280
1800
671
2243
1318
1793
3072
411
5402
-1
3833
1452
3470
276
1508
2465
-1
1704
123
1263
908
1185
2196
177
5744
1165
1078
4896
482
1488
4392
2762
3449
1452
-1
3575
285
2435
3100
882
2662
4877
1479
2615
5165
4853
722
2619
369
1872
2882
3850
1016
4847
2196
3964
4215
3875
1362
5549
1429
1347
5475
3139
2248
1362
303
3448
3283
4792
4226
4315
1048
3457
1374
3499
5062
2196
4148
2615
1194
1931
2813
5240
255
186
695
1467
1637
3690
4797
5458
561
275
50
425
3139
1226
25
2043
3838
1369
1583
2514
5402
2762
53
3676
4990
1044
2109
2285
5620
-1
2196
4162
4126
2867
41
2122
5627
5110
5587
11
2539
1054
540
2016
3526
-1
3284
4890
1307
304
66
450
3069
3468
1429
5633
3066
304
-1
4586
623
3139
2196
5497
425
4127
482
482
2860
2420
1298
482
3676
2813
1178
1699
-1
4616
4226
5402
787
1360
1917
1234
1155
2038
2326
1434
2242
2724
3537
4096
3139
5402
3036
3136
2168
236
4733
3105
4226
4836
1777
2196
5034
169
1313
3139
4555
740
1615
-1
5039
1183
-1
5402
2265
5414
4871
3509
4890
-1
1798
4706
1099
1244
2092
-1
2882
5733
2196
25
3120
5183
1095
2084
2196
2111
916
2196
3139
134
2801
179
1934
4142
1829
5297
425
3139
3805
998
4304
25
3139
4315
5695
1184
-1
2285
401
2629
1636
2078
1471
4298
425
2196
4127
2998
203
3975
4371
3783
1307
4720
41
4390
556
630
5497
3133
1185
4945
5688
1788
4045
1750
5667
595
2911
4878
-1
2462
5333
1482
1399
5471
2225
5254
3240
4998
3139
630
2463
2396
4529
2164
957
4000
553
234
3479
356
780
4975
4732
5587
3165
5402
4266
2619
5022
-1
3139
1821
-1
1314
-1
1309
4884
301
1307
512
4408
2093
3139
1430
4483
1912
2788
5374
2762
2200
5671
1471
2124
3485
1793
2196
425
3916
3822
4373
3139
2055
1914
5172
884
425
2196
1079
4898
34
3136
25
1480
244
740
-1
219
2486
3771
2619
2404
4494
4884
-1
425
1323
2173
2196
4177
716
4801
83
519
16
3113
5601
5183
5736
1017
-1
-1
3939
5028
2196
5402
2572
3738
3609
5362
3139
-1
719
1210
3072
2172
719
3760
3328
4945
1828
5050
78
2066
1813
3369
5611
2285
3308
-1
5222
1595
4840
932
2196
93
1495
4654
-1
5574
2615
850
425
1564
1504
3317
1224
5301
4598
378
4453
2122
4986
3484
-1
559
3139
2390
2724
4338
4654
1148
4641
5507
5100
4998
4106
5566
4890
3621
1203
2781
2122
1452
4226
494
3139
590
2795
5665
5160
746
391
5313
4404
3875
3139
2697
4413
4188
324
681
1731
3563
482
1601
3139
5161
1185
4713
5576
1307
4107
2200
2160
2196
4332
2420
741
5062
2382
1832
1157
4458
540
53
2196
5313
2159
610
4160
3308
1465
5362
4475
3139
5132
1638
2285
3139
4826
2435
2196
3139
958
440
4375
4740
-1
1405
3003
3869
2582
5077
4720
3228
4142
2911
565
1429
4713
4594
4763
5271
1269
3074
4579
2146
5086
5731
4287
2196
4179
2516
5402
900
2383
4880
4313
4534
938
3139
4188
1405
3562
482
4142
5672
162
275
1330
2267
5362
4417
3034
5086
-1
3982
4720
303
5402
1776
3428
-1
280
4192
3577
4569
5154
5009
3242
1949
3074
2195
4030
4576
3139
-1
614
1465
425
3003
5545
1429
-1
147
4493
3308
3827
3124
3581
4811
3768
2331
3637
4236
3288
2858
147
1897
533
3822
2882
114
227
2821
1831
2948
1396
3348
3456
3320
127
-1
2569
1945
5133
4497
2194
4312
521
3139
3264
2968
3676
2196
2508
508
1705
5062
1230
1675
1083
1722
1297
4564
16
4919
425
4408
1439
3121
3431
3003
1082
591
1355
2873
3301
1307
4438
4438
1522
3151
1298
2441
2915
66
785
2460
-1
2213
3139
3739
2989
1307
3707
195
1352
3761
1583
724
4139
2196
1117
189
25
1722
-1
1948
2825
453
3922
2399
4141
1193
5414
3565
3697
-1
1255
4471
2896
5385
2895
2216
482
4491
292
3115
1122
4332
3676
2941
206
4718
2864
2200
4027
2383
4718
3592
1859
650
4079
5384
4723
-1
4658
2196
1681
1016
3308
3342
252
1185
2196
2339
4484
255
-1
1745
1869
5094
3199
630
3997
1298
957
1427
1720
482
16
25
107
2548
3380
2473
1938
4882
2811
1073
5664
5111
1613
2146
3072
3738
4032
3875
4611
5062
5235
5668
590
1653
3800
223
3389
5049
890
4384
1551
2537
5142
4053
3682
1178
2215
4471
4270
768
485
3028
3240
630
1381
28
425
482
636
937
4080
5626
-1
-1
3139
4933
-1
5062
197
15
1185
2156
3577
4865
2876
4287
265
4807
2963
425
2591
1405
3756
2160
3139
4718
4327
5059
425
3139
4397
1796
195
5664
2122
4912
1931
3139
785
690
1111
3140
5047
-1
5150
-1
92
1298
1999
1260
4568
3059
3514
25
1253
1533
195
699
630
425
5499
1286
1095
2255
138
2581
4965
2200
1506
5520
5378
4043
3072
2970
227
5433
1185
4975
2122
2504
1601
3139
2122
4966
4966
2762
4906
3215
1987
3046
10
3809
2762
3210
1933
1576
2615
2865
4775
2297
1614
5587
425
4762
3456
3139
4720
2059
4087
19
2285
4763
3721
2872
3000
482
5558
1902
5744
4934
5426
4226
53
-1
425
5402
3924
1348
41
1776
5595
3139
2880
3274
4724
923
3792
5419
4820
4792
5576
4142
3139
639
4555
1650
5062
3139
2533
3717
2196
3139
1480
1298
5460
1837
5104
1692
3139
3139
2189
4294
2306
4373
4800
2939
25
4936
1299
4371
3862
5742
3139
1543
2200
5499
5171
5345
746
2855
5293
4611
62
2603
5491
4561
3960
3072
4551
4654
3139
1185
1167
5423
-1
3697
1636
423
1989
4092
644
583
2117
3333
4307
3724
2181
4137
2196
695
25
3238
53
2762
3139
1194
3732
1756
1405
3967
4966
1618
1354
3139
4332
3738
583
4792
1016
1397
2243
3840
5667
5326
1900
2119
1188
5402
389
2948
608
2719
1598
4391
2655
3832
4138
601
906
3139
3839
5671
4771
4054
2454
-1
3055
5035
5340
1210
4188
3139
2389
1673
834
5286
4763
2196
1313
2196
5733
4966
5118
716
-1
2256
1416
57
4983
1800
3308
5435
2796
1044
1779
3139
3210
4287
-1
5699
1131
-1
25
3008
-1
3491
3938
3139
4189
3427
1949
-1
3923
2656
152
3139
1017
2483
5292
2145
1757
1595
5459
3127
594
2085
1298
4890
3634
5191
-1
883
3751
3506
4020
2939
1677
34
2196
5719
1429
3553
1651
1016
4142
548
1429
3615
2071
3495
4945
2825
5121
2200
2306
399
3139
225
4438
4945
3800
4998
1722
4010
3139
5050
4287
1902
680
425
1238
4136
1083
1016
1016
1504
42
1619
3308
1130
4753
4039
823
1598
1152
2576
3875
5490
4075
5695
3139
539
4109
5624
267
165
4966
1829
632
4008
2467
529
203
3139
1388
5123
1320
2962
4129
3089
4508
4598
3139
1429
1780
3003
3979
1044
5197
-1
2333
5709
5587
4497
1093
1551
5241
4763
1012
5491
5062
1269
-1
3532
4340
1057
1313
437
470
2196
2196
3400
5576
1019
5664
3487
4332
5402
1601
76
4966
2836
2141
1853
5680
2515
5133
-1
545
2084
2196
2706
2007
5666
566
3139
3139
1593
1016
25
1429
5472
1446
-1
-1
-1
1405
2290
5012
177
4209
3139
1759
2724
4188
3015
5362
4007
3773
1335
-1
5695
3450
630
1313
4087
5293
1465
1354
3582
1429
5432
425
2818
2595
5652
594
1681
1583
1379
195
1178
2164
301
821
4373
3651
615
540
4343
1403
3139
556
2888
4000
25
748
2135
220
1068
5419
5062
852
3768
4481
2691
2285
5107
3439
2574
2196
5062
1781
425
1240
1333
5231
1757
789
5062
3139
4328
3485
594
4113
749
5521
1222
425
2710
3800
1954
1462
5362
2275
3676
911
1831
5316
5271
630
1307
324
1568
-1
2196
3139
5049
1468
2196
3361
256
3676
3213
51
862
2911
5585
4013
5717
1016
25
1470
2930
1902
4792
1821
-1
3150
3676
2342
66
4104
1354
5466
2825
951
5133
1405
1824
4564
2122
5003
1722
4689
892
957
4989
4119
1291
1118
3518
1893
1352
3621
4276
4002
5387
2698
4096
567
4700
595
473
99
1586
3881
598
-1
2200
3449
4039
71
3386
5712
485
550
1468
2566
3172
2882
3753
-1
4718
3849
1792
1127
5060
400
-1
357
2645
2189
5402
5675
1979
4499
1680
486
3139
3838
5362
4222
1344
1313
275
104
2195
4421
2365
1384
3439
1843
2876
2040
5360
5456
3685
547
-1
4226
2390
4188
1273
5402
3150
3139
5295
5638
3289
1206
3775
1706
1016
4825
2196
-1
2245
4185
4991
3139
5671
5557
3668
1610
1699
1601
1601
2059
5049
177
-1
-1
3003
4373
1016
3931
3003
5062
3771
2195
536
4280
1210
4188
3139
165
1429
3196
-1
4410
2645
2023
3585
5021
4799
1138
2285
3139
5133
16
2919
3191
713
1809
2274
1264
2462
246
2390
3947
1102
738
5022
4945
4677
3095
1625
5037
5155
2484
4945
3139
482
3996
1671
25
195
5079
2463
4821
227
3349
5558
2288
3220
3139
4373
2196
4128
2771
3139
3293
2122
3903
1798
3570
5518
1183
3902
4689
217
5488
1016
5362
5140
2189
3436
2762
1016
1465
5669
-1
1048
3786
3153
-1
-1
5574
3069
4685
486
521
5183
3346
3139
3216
3322
3139
4890
594
3388
539
425
4022
2196
1019
4980
5218
2200
759
936
3396
993
1085
1945
27
427
3561
1206
4490
5539
1429
5062
1800
-1
3139
4007
548
3098
4100
4713
5426
5611
-1
3696
3135
362
3736
5721
25
1273
3864
923
2762
4181
4739
5502
5729
1427
5402
1498
4032
2704
526
5271
2189
163
5453
5402
2825
5028
5726
5132
-1
255
4799
3293
1793
3412
2378
722
147
-1
2981
630
2048
4876
1298
-1
4060
5402
855
2920
5028
4890
2943
3139
1083
2803
3851
5746
850
696
1126
5049
1106
1810
5587
4255
3165
3225
-1
2195
967
2259
425
1307
4348
4406
2200
2164
3732
5364
3350
4929
4604
4225
3053
353
18
5313
4418
4082
2825
-1
3491
4620
5271
3308
1250
1297
2196
1341
2630
1425
2356
-1
4497
4149
52
1204
146
5676
-1
5200
540
-1
2437
3317
82
1588
2164
1178
4608
5122
63
25
1799
4257
2411
1210
4336
1298
1452
13
3044
4777
4158
1376
-1
425
3139
1709
4026
-1
3592
3139
2122
4160
-1
2285
3139
3387
3623
3488
4161
990
4521
1178
3461
1782
1452
3013
1307
-1
5147
2084
3340
2762
4028
4539
2615
4900
-1
2200
2066
3139
976
3076
5707
3139
3997
2745
4250
1359
3876
126
915
1692
3343
2083
3061
2390
2339
1044
4802
48
1996
3420
4411
4188
935
-1
4771
3137
425
5746
5687
284
1429
5111
4077
4155
5600
1722
2735
2289
2864
1872
3139
2729
5673
31
494
41
4591
536
5062
650
3289
3588
5402
5518
1429
2669
3380
2615
1178
2863
425
1361
5254
3838
5402
3568
4975
4890
4966
882
3862
1620
1101
2496
4815
1271
5133
-1
1676
3791
1298
1019
2113
1475
1057
1664
1389
1909
3569
-1
396
3139
3015
5061
3917
1924
3318
3003
4680
5280
2880
3581
4894
-1
94
881
1283
625
2153
4824
1601
4575
5462
3139
1562
326
-1
1185
2559
2961
827
5049
3251
-1
2184
1692
1501
4039
5432
2912
5615
377
4158
1731
987
3485
1661
304
1976
3752
2196
2189
474
4784
4513
25
127
195
4966
3057
4431
4763
2071
-1
2196
3139
4145
485
825
4733
3623
3354
5221
547
5386
2300
3820
3447
4638
1865
1168
761
2021
52
4281
5402
223
2196
2154
5062
4725
8
3871
1885
879
2189
4693
1452
1371
3746
2324
1809
1112
1965
-1
4253
1378
2762
1549
33
1452
5270
610
301
1482
4792
220
3217
876
4078
2531
3522
216
1780
1681
425
2911
3873
1949
630
4825
960
2200
1721
3046
59
3308
-1
51
3800
3474
2254
407
3696
3695
1307
5159
4324
2548
2016
2285
3479
4226
1777
1830
4438
195
1652
3003
5499
195
1003
3592
4235
3040
785
138
2648
2196
3044
425
3595
425
3214
3882
833
2200
2195
1089
275
547
1776
4117
5073
2266
4886
5171
2619
1465
1899
3139
4144
720
1722
3139
-1
303
3446
4093
172
4297
1601
127
515
2176
2406
4331
2923
1405
5476
3287
5402
482
425
3676
3713
2615
2154
3254
-1
3621
951
25
4480
1429
3686
5283
3946
5313
2864
4756
1411
2814
5172
291
2482
1429
5062
3139
-1
1095
746
1466
1031
425
4744
2196
2510
2697
3066
5419
3838
2538
1157
1313
2740
2248
1960
4903
4592
2978
3478
1185
4763
4265
3107
5402
4945
5461
275
9
1339
3826
2196
5587
3240
1619
196
3088
4170
1429
3957
3291
4332
4482
1071
3039
5062
4156
3702
-1
1475
2196
4742
3525
2257
5128
2697
1178
1313
3308
1727
5089
5691
3139
1134
4371
2208
227
2285
1094
400
5719
5068
3494
5724
1681
540
2196
-1
4186
5419
4670
-1
1937
5313
4929
994
3139
3139
1692
1604
3003
1483
3136
5062
3800
25
3139
374
2841
3159
2338
1658
3139
5466
2224
3380
4890
5402
2586
1699
850
882
-1
3752
3139
1249
3139
3139
4851
835
3139
3950
5340
807
3327
3401
3672
5176
2196
5109
5587
1410
2615
4893
5087
2502
5402
138
1227
653
651
1681
576
3485
4158
934
3507
3139
2243
2475
5573
4040
177
1809
4317
5320
2619
1429
3051
7
3139
2619
2882
3139
-1
359
3675
425
5410
4371
2891
5589
1351
3139
-1
5213
4226
5232
784
5547
5062
3645
5152
25
275
-1
-1
2448
1269
746
1247
2196
-1
1775
5418
2819
252
4000
304
1584
92
2724
2196
3139
574
16
3495
5706
1579
4392
2165
3349
2762
1471
4335
4045
2999
3455
3139
4763
2630
719
4833
3316
2247
1300
1623
2285
4998
3136
810
2016
3149
5358
1932
2762
5598
1891
3017
2391
4466
2551
4702
1530
3139
3325
2376
5344
795
885
4287
2633
1931
2397
4720
1273
1356
5598
1570
1019
2365
901
1504
4966
3991
-1
482
5700
2273
1330
2375
3308
25
1494
5063
2168
5528
1504
1608
25
615
2285
2308
3860
785
695
5433
4195
3842
2799
4998
25
5576
3848
5293
957
4771
382
4718
971
-1
2400
995
2074
726
5419
3181
1785
579
3830
2838
4968
2719
3139
425
425
3139
1016
4254
5466
1125
2450
3688
1546
1269
1782
4945
2724
4584
3781
3260
3396
-1
638
4356
1681
242
3139
3392
1583
2209
2812
4097
4570
540
2566
350
4733
3084
5200
2671
934
1703
110
5681
2127
5253
5402
4727
4245
1601
4902
1172
4564
147
1178
5710
5062
3790
5075
4949
3062
952
5419
5049
4057
5402
3139
4863
702
2196
3160
195
770
800
227
-1
2572
1183
4298
1794
731
3454
4211
4574
4158
1405
4609
4905
633
-1
4158
5547
25
4976
1083
1983
2816
2838
2144
3437
4517
5144
5657
2603
1583
2135
3822
2574
1016
425
2200
5336
4425
2285
1116
1757
4070
787
1126
4008
3289
4378
4944
3289
940
3580
184
1524
5062
1414
1074
1185
967
3811
3725
2977
482
4890
5671
474
3139
5502
4007
3003
195
1168
2383
4287
722
920
934
2306
1421
2948
1809
2843
4900
222
3011
3788
5706
258
4486
2615
2067
2196
4050
5155
1718
1339
5281
3499
4444
5339
5587
4435
1012
5402
5402
742
3363
1939
4116
1119
2851
3139
2269
1185
5235
5385
5022
3139
669
3029
2718
2940
159
1017
1016
304
3643
691
4405
-1
2196
4274
251
1879
-1
3139
4280
4222
116
3696
5352
3592
1872
1681
425
4039
2748
5533
-1
1601
2724
1496
2619
3139
1636
427
3015
606
2333
4718
3913
2825
890
448
2762
-1
1452
3426
2446
-1
5395
2200
5405
3931
3054
2914
155
2615
4836
1076
1044
4280
3983
739
297
5425
25
3424
2196
147
92
1044
1201
2691
5326
25
4049
1151
47
3897
-1
964
3904
3461
3139
3127
1157
1504
5236
1429
5097
2196
1922
4494
1601
1504
5028
5062
4884
-1
3190
135
2196
4393
1616
4890
5595
1119
1215
1137
1036
4998
3758
1101
2244
1178
10
227
5457
4400
3485
1083
196
5384
5746
5632
2200
5259
597
3479
5310
171
1759
2769
3654
333
5712
5695
5122
4993
3813
5049
2196
5084
4672
4966
5159
5122
4045
-1
1518
2834
830
-1
2390
425
5426
1312
1777
5269
195
1269
2863
3139
-1
2160
4825
1699
4358
4222
2376
3080
351
-1
482
2390
1179
4188
-1
2688
2166
5016
425
3449
2879
275
1320
5467
5431
90
2877
1283
127
2196
358
787
4497
2427
5402
3067
185
3139
5466
2350
4238
2998
660
971
17
2285
3492
499
5085
388
4227
3139
41
2762
2200
2462
3544
3066
1601
5730
3139
889
1313
-1
5304
3732
-1
4550
1817
4073
4471
1832
1073
3800
3139
1095
3139
4345
5587
2228
5028
5714
1748
5256
1786
1214
5732
2159
504
4075
2285
1269
-1
-1
5000
4966
3820
275
3508
-1
4555
5690
3161
932
846
1155
411
3437
2143
2797
2102
4158
1005
4813
2818
1861
4494
844
2713
2191
147
2190
2370
3139
5692
4816
725
1313
425
25
2417
2311
1354
493
258
938
5087
3139
2760
5473
2196
1898
3889
315
3937
5402
3139
4039
237
-1
2685
4832
-1
4493
3048
-1
2757
1394
1679
36
3284
5405
2147
558
2196
4262
3591
4497
1686
1830
2724
4489
2989
425
3077
1160
1307
630
5051
-1
3139
1594
5587
3592
5402
2932
1298
1854
5697
3968
1664
89
3308
5433
5160
2371
4452
1329
4890
1116
3615
5402
-1
2527
4298
4497
2860
3875
5133
3139
5547
5313
3880
5031
4732
1095
3435
25
1003
3016
5491
1307
2285
2196
3819
3595
3676
-1
1913
3003
50
1945
2167
1788
3043
5214
4226
3711
5340
3367
719
5685
1103
4522
4718
425
1185
1309
1210
1902
2962
3764
427
1304
4286
1717
4754
4763
-1
25
3462
-1
3095
275
3934
993
12
1185
3008
2724
2789
3308
2196
5547
-1
2016
1686
2285
5410
4766
325
4066
25
3082
1075
1153
2376
5616
3629
4838
4078
1617
2196
5413
5529
-1
-1
2652
2269
3484
-1
1410
1287
2210
5049
4039
4890
4890
4144
214
1841
103
324
3308
2304
2791
5724
2724
3139
-1
4945
1761
4194
3955
3623
223
3139
3776
1984
3621
2164
53
2712
3282
-1
2243
2805
1152
2379
3396
1588
3139
1215
4819
2024
2390
549
3308
227
4400
-1
2316
5491
3910
249
5451
4308
4238
5062
3139
434
-1
655
2562
2994
482
5119
1181
5587
4912
1183
5160
1645
1230
1598
2196
482
1044
5528
3458
4742
4372
967
-1
1251
1194
2691
2830
823
3264
258
3139
5354
-1
3621
3640
1776
4007
25
2619
2829
2196
4625
1232
3334
5744
1004
3046
3139
1452
945
1746
4763
2285
425
425
2196
3733
1504
5611
281
1608
1448
425
1672
3269
1624
2364
1058
4134
-1
3676
3990
2383
66
2130
1152
-1
2285
650
1504
4713
4720
5164
1854
3086
2285
1160
5672
2194
264
1426
402
2630
2016
2196
5714
5049
5587
4224
957
1727
482
5049
2189
-1
3162
3306
4730
1156
4662
3822
-1
41
2154
3139
3248
2390
4158
3591
148
4321
700
5496
4438
923
5343
1728
2364
2636
1583
919
1588
5243
4998
3945
3308
1407
941
4513
3427
1230
1095
2725
1681
147
4489
4072
2470
2196
3377
557
57
957
1194
-1
1967
-1
4434
2545
1583
2196
4849
2149
-1
425
5603
1476
1928
4209
3738
5049
5108
4851
1544
2393
3893
787
1832
-1
5254
823
5293
3000
3472
3653
5322
4720
-1
3697
1661
2882
5222
1206
630
1896
2076
787
64
1571
1833
1749
4485
3732
3139
4226
3458
3095
3449
5068
-1
3688
4265
4378
3838
695
3045
2196
2349
1902
875
1468
3257
1671
1269
57
2724
3799
2991
482
5677
4761
706
2881
1082
628
1309
4060
5269
787
1388
3139
5714
2863
301
3066
5156
3308
5313
25
444
3796
2139
276
1601
-1
2285
3178
1699
3057
3485
-1
2118
5247
5189
4555
1681
1379
2141
2292
3572
1427
484
2491
1307
275
2269
177
1699
2196
3139
3056
2196
2196
532
5667
425
1042
4720
1313
3139
1475
3840
2739
4251
1480
4890
2998
425
1354
25
4689
5514
25
2332
-1
-1
275
261
1790
2243
1448
3139
5049
1699
3259
3139
4039
3004
5236
5702
4618
5618
3482
4998
1142
350
3139
180
2359
1945
-1
5050
540
4287
2084
4272
1583
1210
4877
4510
385
2440
5695
5519
4478
1583
2635
2673
314
5370
4081
1405
3072
1339
1468
5195
2689
-1
2241
2680
2354
3115
1300
1427
-1
2195
3569
3628
5062
3139
1044
3046
4945
4615
5398
2198
1210
2630
5733
5107
3139
3039
4226
1313
1979
3980
993
3576
5172
2021
5022
4535
1818
25
4366
779
258
2420
25
2724
4792
4378
4944
4545
-1
425
3592
25
2697
3139
5391
147
3949
4596
339
3308
5318
1012
2106
3113
414
4654
2345
5491
3341
4992
3242
5402
1463
5587
5293
3139
4465
2366
1681
4787
3861
980
3139
-1
2762
2619
809
5000
829
1101
962
4437
3931
1874
3097
2019
1901
5285
4786
3711
4488
2846
5433
3621
1429
4415
729
3993
934
3510
-1
2002
-1
4944
1157
1664
3621
787
2267
3639
2136
1762
428
226
528
4158
1339
5169
-1
2364
5403
5332
639
3119
2734
5062
4039
-1
2762
1705
5062
-1
4791
1814
810
1058
2539
1909
2813
3711
1578
3308
4884
583
3139
62
5062
2966
1095
4255
-1
25
4438
758
2089
1465
25
3139
880
3139
5019
16
2055
1405
3192
540
2332
4457
3139
2376
1012
3559
2269
3139
1653
3703
3017
2946
1298
2762
3308
5048
1082
4945
4226
3841
740
1887
708
1298
-1
51
2033
2949
1405
3087
2196
5183
2905
25
2828
2576
391
-1
4497
2499
3980
4902
1653
524
2373
5128
2084
2949
4126
1008
5280
2899
3781
2098
2934
2420
449
4160
482
5517
102
4192
921
288
4760
1879
5558
4458
1294
5402
-1
1619
3402
2195
1480
844
5734
2579
1095
650
4039
3633
645
485
4142
1294
2196
4497
3802
5069
2023
3139
2217
2430
1420
173
893
1722
5062
2285
3139
740
3139
1300
1003
1582
4226
144
4959
2497
4720
25
5342
827
5214
4837
4720
1405
25
1419
1016
4158
-1
2462
1554
25
1242
2315
2290
182
4971
2399
817
428
4182
482
4501
5142
2196
3308
190
4814
4945
3009
3139
195
5235
1095
2882
630
425
2884
5497
1350
2948
4763
1123
1019
746
-1
3395
2934
3564
5013
5473
-1
586
902
1452
3970
3942
4776
3513
156
1699
1686
249
276
469
4463
2383
3139
5576
5402
2525
3118
2703
2496
1307
5515
820
4373
4017
2041
2666
861
-1
4373
5085
-1
5530
4644
2245
4468
4299
3139
5028
5599
413
728
3261
2625
1332
2304
4624
3768
2885
675
2196
4442
923
4332
4173
195
99
5446
3139
5648
3813
5062
2660
3139
4281
224
2852
-1
5703
5015
4836
494
5112
4196
3278
993
2911
3166
-1
372
5062
5192
4890
1601
865
4542
1157
-1
2629
2630
2825
2122
1759
3292
425
2200
1699
3952
3392
2122
1277
5279
4044
4711
482
1583
4080
4238
1650
3180
2911
2210
3652
4390
1406
5402
2988
127
5740
4188
5402
3495
4884
2910
5671
557
3349
3621
2619
3377
2523
3139
4701
1044
1137
2461
3139
5402
56
2110
254
5587
1497
5483
5639
3485
524
425
3139
-1
5657
2050
4040
2609
1095
4204
1707
1044
3580
227
2196
2196
5336
5059
2269
25
5671
4263
-1
1384
4804
4492
5402
3308
2196
5512
3308
763
2958
4890
4513
-1
3887
1044
3240
4158
668
1059
3737
1090
1797
3139
1352
666
5671
4379
1452
260
5538
1410
-1
2758
3308
5576
1380
4875
5384
689
3584
168
4963
5587
766
2390
1313
3012
1168
5505
2830
4388
1468
2489
515
2958
3139
5402
-1
2219
3241
3139
2004
3503
3833
1681
623
25
2338
425
1475
5362
1352
524
425
540
4516
5557
5724
4409
1168
1095
4945
5238
-1
2122
229
2989
3308
5022
-1
-1
-1
2285
2243
3139
3164
3869
630
709
2882
2097
2196
482
2122
432
5183
3554
3732
2153
304
1601
5200
3139
1038
2035
889
3760
2724
2416
1999
4047
1044
1157
1811
258
227
4361
5525
2248
3717
5122
2473
2243
2200
204
1056
969
25
2016
1287
-1
1417
1244
3676
3534
3046
4533
3139
4571
5077
3302
4693
4238
5031
3251
4718
5587
2470
-1
3843
1731
4890
1405
254
882
82
1898
1085
850
2307
4583
2332
3524
4675
923
1704
775
3139
1857
118
490
4420
2541
3139
630
1280
4950
1909
2122
1354
4627
4247
788
1311
619
5545
3607
4860
16
5402
-1
52
1429
24
5731
1178
4884
2768
53
899
2951
514
4477
3761
1307
2882
314
3139
2175
2196
3304
241
2
5402
4222
3875
3240
3595
3137
1108
5032
1727
425
3989
1168
-1
5062
4745
5475
2911
3926
5037
2773
2189
5592
3931
4383
5062
3875
3139
1203
1480
1601
1131
2411
5014
1313
4157
16
485
4649
2882
1016
2669
2164
5099
922
4369
-1
4118
2398
4836
1979
4266
2350
3174
5405
1601
937
1914
3718
285
5271
2227
482
5285
3139
41
4966
3868
-1
-1
4713
2676
2383
4623
2167
3406
3940
2838
4890
3139
43
1218
4771
3096
4158
785
1680
1946
2285
1149
1116
4866
5587
393
669
1191
4829
5506
1185
3946
3139
5211
2390
2517
551
5690
5693
632
4158
243
3139
3363
1015
1269
3052
2333
2114
4603
443
1474
5402
425
635
4362
2762
3716
127
4889
425
5173
1429
1195
834
5122
1298
1330
115
4226
-1
778
2512
568
2697
-1
4004
4226
1307
4491
835
157
3431
4890
4198
3641
4484
3991
283
1465
4373
1028
5558
630
425
2986
2200
1189
5641
465
1470
5055
785
1823
5210
62
-1
1310
2220
4444
4083
3230
-1
5695
2196
498
4521
732
5026
4546
1983
3285
3139
1864
4035
2924
4111
4890
1446
1588
5159
1870
3573
1356
2698
4911
3682
5022
485
241
1044
894
5402
4884
552
425
3139
3866
-1
4287
196
1300
1307
1294
2009
-1
4000
2196
4890
5671
4158
570
1702
1977
4090
1451
1307
5739
4679
3682
2200
3748
838
5062
2016
3785
2120
713
3249
3401
2196
485
4902
3139
5049
5712
1011
5713
1601
1478
3927
1313
425
5049
2196
5198
-1
2200
3293
5672
14
4397
4787
5576
5062
2762
-1
584
52
3761
425
1742
-1
1800
3139
3800
1405
4536
4272
2196
3040
2364
630
3862
3139
2196
4915
452
5195
628
2164
-1
4196
5053
3627
425
5684
4339
594
5402
983
2697
975
3375
5493
4046
2390
3139
2122
5566
-1
3223
3434
1727
1230
2935
5402
2645
