2730
4713
25
598
4713
5003
4438
3164
3678
5068
3115
147
1825
2875
5576
278
4945
5133
2867
24
1016
2745
4884
2196
3139
1282
3139
3308
4438
3925
3682
5232
2196
3200
485
5152
5349
1813
5285
4784
1429
694
5412
2934
5432
3389
949
3139
1699
4945
5701
2196
610
3846
3087
1694
4566
5422
823
3139
3200
540
3139
1807
2610
3136
5695
2196
3046
220
3164
4992
3139
4600
274
1690
267
4162
5491
2934
2875
3695
5695
5641
4287
900
1122
3977
2709
666
1083
4654
3308
5156
4884
853
5402
2383
692
5466
4039
5082
25
4482
4000
1405
3222
2934
5340
5340
4951
4908
3240
3000
4158
3176
4217
1073
521
687
1012
3121
3206
1405
4270
3609
1307
1757
2084
2289
1993
5036
1350
2084
3158
2978
258
4718
2069
5714
2277
5412
1405
3218
1556
3066
4800
4516
5340
4679
1260
4348
4039
5329
4815
1813
1016
5232
351
3115
2649
2349
937
1427
3443
674
3139
301
3120
2749
4815
3377
4771
2255
604
3711
3069
5354
2891
1619
3611
1019
4679
937
5081
2154
2153
301
3308
1073
2973
1016
3139
5345
378
548
1961
3665
3888
3269
4945
1601
3377
834
1586
1073
2673
3139
1083
4489
53
3485
949
3069
1601
5588
5671
2838
5497
3610
3822
4281
5254
1598
1770
2179
25
2673
1842
1210
4720
195
3105
5402
2981
4686
3495
2200
2060
876
1928
1213
3272
999
3555
2669
40
3439
1798
1583
3206
2825
746
3583
3257
5700
3308
2084
1583
3479
2090
3139
258
4858
3834
906
4713
4408
301
1122
5402
3440
3139
2306
1429
279
5491
5581
2430
3206
1897
195
4139
4890
5238
1017
2786
159
889
2196
25
2196
4365
5084
38
805
2060
5558
3120
3046
2060
3703
2196
2673
3139
3164
842
1619
604
425
415
1278
5390
4679
3139
4998
301
5270
2850
3061
127
2934
1654
4298
2525
1523
4332
3060
1667
3139
2626
3875
5499
1800
5523
3676
5077
5402
4524
5082
1362
2850
127
3682
301
4226
3443
4945
-1
1825
1083
3950
2825
2825
223
1486
2484
1049
1122
3618
3139
3139
223
4471
4666
1016
3308
1601
2911
3541
1595
4772
2165
4851
2967
3139
5507
2196
722
5160
4047
1504
2691
2638
1206
1816
5248
1407
5428
1800
1073
5049
5744
4679
464
2084
301
2200
1307
452
4000
2196
4283
746
4890
3139
3308
3326
4373
842
1450
521
2673
-1
949
4397
3139
3119
4945
3139
3000
5402
3703
4142
3141
-1
5082
4679
2825
2335
2383
348
2060
5714
1339
4373
474
1999
112
1405
4000
4332
4041
2566
5133
304
5706
3139
3091
-1
2722
3666
5468
1210
2444
746
1490
4428
550
1699
3821
1025
5199
740
2196
5402
5016
1513
3076
4142
2703
2390
301
4713
3139
3117
1250
1175
-1
2227
4808
5632
1800
1054
5402
4877
174
455
3325
1659
2759
1407
5044
2709
4815
5062
16
3272
337
3711
276
1842
2196
1339
3139
2882
2506
3139
5706
4792
1429
1800
1405
2196
2023
5402
3139
4772
5733
3363
2084
1297
2693
2333
5606
2122
1492
4110
5497
1543
5062
4373
4032
3875
2196
4400
4720
2735
5695
5402
5500
1702
5466
474
1987
923
25
3687
5402
1950
1543
2164
2673
1729
1874
4039
25
1727
5066
301
2196
555
3090
4992
5049
1586
2882
1220
823
630
1782
5706
5062
3139
2200
1313
5062
3120
-1
1926
38
3139
2328
2023
2200
4000
2023
3240
2978
195
2673
4716
5623
5412
4727
1345
1313
2826
1429
5062
3139
3017
3628
2673
785
2200
1067
3862
957
301
4166
5062
4813
4493
1187
3618
4956
1800
998
1361
5587
256
485
3377
1913
2196
4729
1178
2822
4603
3881
3139
4473
4975
1583
3139
3035
694
2154
3689
4937
2489
2060
5062
2255
4679
3863
3854
3157
1601
2125
996
11
5729
2095
3427
3846
1729
1323
4032
2719
4226
1601
1620
2071
839
2084
1924
5272
4884
3257
1594
5402
3468
1973
3595
4771
5706
2998
4249
1841
227
1206
36
5532
1352
5433
3308
2823
1352
5734
1769
923
1825
4633
2299
810
2409
5402
1837
2931
903
1362
3206
4890
3139
4725
3616
3916
2055
1137
482
2196
2507
5587
4226
5679
5062
3139
2830
1168
1777
3164
471
5522
4040
4795
2444
1210
1825
3479
1083
1056
3003
1516
3000
2084
5013
3028
3443
1339
4000
2390
2538
3263
3139
4085
1429
147
3996
4829
1452
3139
2241
482
3139
3400
942
5497
3139
5697
4119
3015
2285
127
1057
121
5000
2882
2198
2241
754
425
4847
2200
1601
5390
-1
894
556
25
594
1999
374
3352
746
5062
3834
3164
1601
2160
690
2383
391
425
4249
195
5571
2164
4633
2144
260
482
616
4426
3139
2412
1798
2285
1157
1405
2986
1016
1410
766
5109
4884
1298
4039
3137
4893
5720
5587
3182
2650
4945
2321
4896
1709
2378
4226
4007
4884
4249
3139
77
81
1313
4772
5700
4890
4679
1307
179
1727
57
3625
3881
2140
988
1410
2196
2489
2958
3139
5104
1300
4948
1695
4497
3138
1465
524
5587
4652
5587
3272
460
5734
1601
345
4890
965
3841
5621
2196
5467
4654
1646
4030
1601
3257
1206
3693
4408
429
4792
304
3544
5706
2673
2308
2825
2023
2196
2196
1016
1729
739
2882
5320
2965
1617
3676
2691
4000
425
1610
5499
3308
5276
1729
813
5062
65
2762
3878
299
25
3086
2856
5402
1354
3139
4633
5497
2762
25
3003
4718
3139
1653
1354
473
5495
1073
1184
2780
482
594
1588
5402
2189
425
1339
2195
425
376
3139
820
3595
41
4771
3150
1681
179
1178
1429
3139
3891
1480
524
112
1824
27
1410
1057
1601
787
1699
1653
4761
1825
3139
4393
4188
2196
4022
5596
1206
425
2861
127
25
1259
2904
4166
1112
2196
1298
1579
3269
4260
1085
5481
4379
3233
3139
4587
2833
2693
3225
1583
4329
5049
2285
2308
2638
3830
5621
5276
127
1019
1300
4438
3139
2435
65
3371
482
5062
2196
5424
5294
1551
425
1405
1083
4264
1044
1463
4237
1775
2762
3156
629
5178
5062
5729
425
3139
1491
195
1168
880
425
823
31
841
5133
425
-1
1586
5571
3072
5523
1345
5402
5384
3358
2163
1307
5271
284
3139
5243
3139
3338
1783
5395
-1
2113
4744
2850
2691
4724
1800
5587
2200
2285
4137
2444
1300
1150
2947
4160
2383
4861
5561
5505
1931
4742
1429
4804
3374
1731
540
3139
2030
3442
2122
3247
524
3107
3234
380
2971
2817
4039
2412
1731
3875
1410
2196
-1
3031
5571
16
3386
2673
221
3139
1583
1307
1699
4000
2138
3057
2691
3308
4772
2299
176
2934
3308
1206
5402
2326
5402
1210
5638
2030
3641
4355
4166
425
1168
314
3634
-1
2638
3729
425
1838
3225
1298
1206
1429
3814
3985
350
1786
2138
2517
3682
425
1008
3878
1945
-1
5081
3842
5200
1675
4499
3149
1480
2084
1501
5402
4903
3427
4039
787
3563
608
195
3699
4720
5062
937
2196
2416
4488
4014
4598
3930
41
3139
5049
2762
3043
823
5375
2198
3139
540
1873
57
1271
542
1407
2189
2587
2023
1300
5671
1178
1016
3999
583
319
3139
1699
785
46
937
3676
2825
2998
1405
3151
4433
2344
5402
-1
2023
3069
3621
957
1168
5497
1174
237
876
2486
5323
3592
5185
25
-1
482
3139
1157
1054
4158
2822
1914
4945
4040
1619
2882
1033
2732
2120
1206
208
4729
3139
4890
737
1783
2056
2023
3553
41
2113
963
5062
3139
3145
3139
2566
993
4718
3003
4761
301
3139
3630
425
3892
4219
923
156
5470
5714
1157
485
4890
2822
3308
2246
2934
1549
3051
594
5413
1429
852
41
1201
1647
1178
5451
446
1230
118
1681
127
2285
746
3439
2850
620
687
3846
2638
3257
156
1641
695
888
2196
25
2619
2673
127
654
5084
4347
3139
5706
220
5402
1206
3041
4515
1136
4975
2970
5232
5405
3308
4720
4039
2615
3200
1987
3822
1702
5062
4050
-1
1313
2164
3139
4226
1297
1429
1618
2945
482
5062
1178
1543
722
1913
3623
5524
348
3841
2307
5706
1486
2196
1783
3346
2891
4348
3800
41
2030
5734
3879
583
3132
5402
3544
1298
3921
4682
3257
2196
3046
3139
4335
3139
1579
4142
1486
2023
1044
4000
120
2813
4188
3413
2374
3308
3139
4188
4571
1902
5706
5587
2435
1561
5706
1405
4226
377
4471
4960
3139
1530
1504
25
1230
3822
5742
849
583
630
3841
4348
3159
5729
2610
3139
5576
425
425
5733
4188
4166
4332
2164
1057
1280
841
5725
5182
1116
1298
3139
1215
1780
666
785
4945
2101
3608
4039
1083
3003
425
195
2241
687
4016
5241
2285
5700
127
5712
1429
746
3557
1300
4225
1902
1692
5714
2241
2771
5655
3583
3676
4348
1300
838
1116
3377
1230
5254
1729
1705
4896
1469
3330
25
4171
2838
2200
425
1429
2138
1016
4697
2901
3791
1427
3240
949
2566
4975
4226
1601
4158
4890
402
3369
1022
2196
3340
4945
4166
5587
-1
2749
4287
1405
1016
548
1298
4998
4471
3517
2973
2138
2386
-1
3450
3308
3505
1555
166
-1
2046
127
2548
2164
3853
1300
1313
1197
4975
2703
336
2875
2601
3139
4713
5289
25
1475
4000
1470
3678
2463
4348
1205
4816
3069
3880
2468
2762
3069
823
2196
25
2899
955
5735
876
2664
4299
5595
5402
4945
2131
3768
2825
4004
4654
5062
4188
3880
3139
3139
3621
3139
1883
3884
4418
3139
3346
4772
147
1332
3618
4441
1083
1226
3665
2634
1463
2390
127
66
473
2285
4730
2762
16
1950
1206
4793
2673
1475
1872
5718
141
3740
3389
4945
5170
736
1016
1819
3621
3139
227
5049
482
2934
3139
1949
25
2200
3003
2510
4226
4497
301
4158
1699
5402
1291
3139
785
25
3086
5085
4718
3461
227
3676
2749
1307
1675
5062
3931
1601
25
5572
1149
1297
3629
4320
3363
1598
3689
792
3931
2762
1995
-1
4007
161
260
3071
3028
4000
2367
474
2270
2228
3003
5285
1452
1307
2697
812
1405
398
3308
5616
3595
3072
1699
1003
3406
1405
3046
1473
1280
4032
3139
318
1480
1206
1178
5133
937
1298
5534
1354
2333
4946
3490
3139
2196
4092
4836
2304
4383
3139
3061
482
1300
4032
1410
3003
4378
4729
4633
4188
3139
5558
1636
309
3139
3139
4644
293
3541
3115
373
1800
3104
5518
2615
2196
5558
279
3264
5442
3697
1429
4378
3490
1945
2911
3028
2934
1973
3139
1371
1681
4849
5419
3581
2326
425
5062
1622
2768
3850
284
3139
5234
3139
5251
5081
5674
1405
3701
3474
275
4333
4713
3689
5271
2407
79
2531
945
4039
301
425
1157
4240
1583
3506
463
374
4007
5191
5587
3931
5195
2197
4742
423
5528
5133
2459
1681
2333
695
3139
617
374
127
5499
4541
129
5014
1339
5402
5289
548
4278
5402
3139
644
1547
1810
1206
2084
5241
2196
1601
5402
5384
2326
1757
3924
3703
1583
1168
5402
-1
5745
5566
2196
617
1653
1017
3139
3711
2615
1200
5413
2842
40
2383
390
3813
1405
131
1307
964
4771
1931
2832
2152
1405
2122
3722
4941
4815
3726
2811
2673
2825
68
2691
4032
2304
3139
4589
1178
1795
2381
4884
3862
5706
5085
4380
1429
1465
3984
127
1073
595
41
2615
4840
5497
810
2016
275
2292
4720
3240
3139
2200
4216
4373
5417
4488
787
5395
2326
195
5595
3883
2122
5213
1817
1587
2196
3139
2285
4188
4082
2912
4166
2122
2792
1269
5587
5241
2084
5354
16
2383
4682
425
5276
1427
1475
4035
385
5457
3303
2084
2122
3880
1504
243
1847
556
2691
3028
3139
3139
1475
2866
4771
3139
4362
1681
5433
25
3712
2085
161
5119
1583
1681
2196
258
1842
4226
1016
2934
1331
-1
4471
1379
1273
2021
3982
3213
3240
3139
2882
1680
1601
1313
4598
3566
3295
24
1297
2724
2196
4992
1273
2724
1682
497
5082
5402
2619
2003
3881
5419
5497
3879
4484
3963
1527
1307
1095
179
1759
2196
2962
3875
4915
4269
3628
1579
2370
5587
1083
856
1699
1636
4718
845
2749
4614
5062
2196
2949
3875
667
1293
1429
2255
1105
2749
3255
916
2510
193
16
-1
1475
4896
425
2523
2566
945
584
4226
16
1444
2390
3382
4912
2376
3822
494
1034
4497
2517
2055
2531
1213
4014
4945
3141
1352
3621
1682
425
5564
3003
1636
635
2157
5402
1206
3822
1938
4890
4302
2630
3887
3466
3553
1480
2165
1157
2023
1307
4373
5271
259
4196
428
304
1477
301
5361
5426
2285
1611
3712
5408
425
5062
1215
3139
4557
2164
2517
3628
5729
3978
3057
4188
3439
2952
1354
1703
4642
3257
425
4938
4625
1313
2836
4763
2205
1682
3139
1625
4336
5518
4298
2023
5271
2376
2435
4763
1406
4735
5164
457
1465
2374
3175
2465
-1
25
4884
2200
1452
4039
3139
457
1767
2440
3139
3034
2196
880
5385
3836
945
4373
5558
4626
425
494
425
5471
5361
1681
4031
1779
56
5402
3530
3935
5700
3395
3887
4071
3139
4974
2276
425
4008
1718
41
4226
2147
1501
5271
3139
4718
-1
2662
2377
485
3139
3308
301
5729
1504
1791
536
2697
5368
4226
-1
2196
1323
3003
425
3318
1721
5466
3753
2030
5430
2196
2338
3598
5189
3139
5077
482
1659
195
2200
2956
246
3722
4053
3742
2819
52
5502
1825
1584
3904
3830
3618
3153
1206
4301
903
2196
25
3139
1429
1809
923
378
2333
2251
425
5215
2401
3139
1429
4158
1487
5197
275
3139
1754
1824
3139
432
3996
2285
2196
1549
301
5714
1601
4226
345
1945
5062
3005
425
1249
5354
1588
3139
689
425
1452
2614
-1
1829
4158
3139
1583
2698
2315
33
5287
1226
2285
-1
1210
949
2390
2937
2196
3105
664
1352
3139
1238
1643
3611
5140
967
545
4162
3435
365
812
4675
1598
1588
1598
3691
1241
4134
4188
5373
5402
2440
2762
425
1588
1044
5714
4657
1735
3640
282
1044
3920
3798
3115
3676
5402
5587
2196
4998
5085
2142
4493
77
630
2197
4078
5044
3699
1564
5172
3038
2762
2406
1914
324
140
301
5359
3139
5345
275
1044
604
98
1583
3066
1307
5502
4008
1288
-1
1777
-1
1302
195
1475
5595
2549
1480
661
5440
2825
4998
-1
65
25
3443
1980
1214
425
3363
726
5714
3139
-1
5282
254
3840
304
3011
3798
1765
2190
3115
1845
4373
3196
246
714
3384
242
2311
3479
1601
2788
2724
177
5706
2378
1619
4158
4494
3399
1873
1427
3539
3887
2850
5062
2353
3308
1775
4784
524
5466
3623
751
4209
4332
4165
425
5497
482
5402
1703
4097
1830
4014
4013
3003
2285
-1
1480
275
425
1681
193
621
366
147
3139
1016
3139
5028
1465
2724
350
1469
301
2902
5491
4119
425
4160
3046
5028
4720
1745
5564
5402
3037
2109
144
733
195
4720
3170
3034
1619
428
2333
2562
2614
3240
850
4871
473
3046
1429
1480
-1
617
1915
2269
3139
2196
1429
4332
5426
4226
1057
2691
1480
957
5587
3183
5049
4378
301
4992
425
4568
4497
2196
1204
3139
2447
2333
2825
2390
1178
3139
529
623
2751
596
4158
2027
1922
2440
4453
3308
2825
4332
2531
3319
4246
2197
2619
4975
5003
4546
1901
5599
5491
1588
1759
227
5191
823
2398
547
2708
2195
2673
541
3308
2852
-1
4209
3496
2346
440
425
5009
2122
1791
6
1759
1872
275
5499
3456
425
1452
2186
1383
2974
4226
1148
3996
4158
192
370
2813
1583
4158
4019
5140
778
1475
1820
3139
1727
1405
754
2615
3139
2197
3822
1429
4240
1610
4763
148
350
4037
3139
482
2825
2533
2698
3308
5085
3139
5433
378
2224
4591
2693
5674
4255
741
3139
5062
2905
1307
1081
5714
1654
3695
2619
3257
485
425
1676
4371
4032
3072
404
425
4902
903
3308
690
2189
3139
4772
258
2634
1830
1269
1155
3067
2122
3139
859
2630
1049
1583
1003
1307
2495
5587
304
1604
4196
16
1583
3223
4713
5402
3206
3449
3139
5081
3354
3139
1103
3763
5062
4993
2370
195
2023
3738
4763
425
1307
275
1818
3240
4611
1906
4067
4893
241
4226
425
16
5402
3614
5551
3003
2144
3191
4038
5587
5171
5109
3248
4359
1016
1646
2206
5587
1452
2718
1178
425
4871
1032
5487
2917
3592
5558
2811
1492
1360
3377
1365
482
4217
5270
166
1601
5049
3380
425
425
4945
2548
2016
4534
5548
594
1452
5062
5062
3725
1012
1178
314
5109
4763
3139
1583
951
4718
2196
5384
3139
5493
5028
2634
3970
-1
2167
1286
2503
-1
5133
282
3838
4092
1323
4188
4829
5695
2898
3587
3308
391
3185
3349
5491
57
-1
2881
3676
3396
229
5426
1699
2724
4511
432
3339
-1
1286
5247
705
1798
1601
2708
3485
1465
1438
5626
3139
3006
3696
3621
2662
1307
430
2304
4373
425
1319
2196
880
4890
2911
3072
4763
3999
2724
5132
695
4383
2196
2615
1945
2730
1192
5696
5129
5178
2196
3932
3496
5082
4415
5412
4127
4966
2333
4585
5402
425
5313
3346
5724
4977
967
2021
327
1949
4188
3139
3139
2411
1727
4799
2285
1307
5587
2762
2216
1429
1087
880
2278
3468
3003
1688
5587
1601
3331
3875
3841
5119
3980
3883
4772
2196
1339
4972
1798
4052
2798
3633
3443
5706
4281
2243
2622
1206
4835
1687
1166
1452
2762
5402
5003
3496
5473
5451
787
1817
4763
25
4392
5195
2060
4226
4226
3479
5081
850
5415
165
4341
5442
2285
5370
5690
521
4388
66
1480
446
2621
4287
925
957
2882
16
5132
3318
2144
889
2615
2317
227
326
1907
1047
5548
2934
425
5156
835
2631
1783
5049
1680
1157
2676
2762
3641
234
1581
4878
5565
1178
-1
3072
4107
5049
5062
4586
1588
3139
4107
427
1833
276
5473
425
2751
1083
4158
89
5699
3696
5139
3800
3980
2440
3489
5085
3139
443
3893
5576
3996
4032
4276
3139
5402
2196
1777
5491
1429
41
2304
5431
4900
-1
3015
425
3800
2259
1313
2196
4929
3711
425
4127
-1
1047
1949
25
1079
1454
2775
3128
3139
1704
1119
3283
477
5518
2828
4920
1637
2200
3427
1480
1429
2828
4222
879
785
5083
3931
3086
993
3291
4832
1692
1564
2978
2078
5118
4827
3864
2202
53
3040
1058
2285
-1
3618
425
3924
1601
3948
3139
2456
41
1448
4158
2825
425
2142
2333
3139
5049
2825
2383
4646
5160
1825
4471
3107
3139
3676
1269
2095
3139
3139
2841
5049
1002
2131
5744
1618
1083
1056
2724
2296
1800
2673
4598
25
25
1588
2884
2390
2285
138
4994
4922
5178
2196
1304
3419
2016
1158
1601
3863
3130
2876
5576
29
1583
3017
2575
1152
2762
3139
1313
3219
2614
425
758
4383
1429
4761
590
304
-1
1339
5547
2071
3696
3139
5413
4209
4720
2562
1379
5529
2555
3735
1699
4720
2392
4774
3253
2243
953
3139
666
3139
-1
3862
381
3095
4209
3856
595
1083
1546
25
1588
1119
4644
195
5007
2495
4332
4007
1482
4039
2619
3788
2071
1680
3922
371
57
-1
-1
2964
558
904
3002
932
1588
1765
2196
2160
4497
4445
5442
1210
2762
1083
4792
923
3838
2200
1950
3911
51
5213
1286
774
2832
1405
2164
561
5370
2196
25
3139
5085
1850
1157
664
3939
656
1655
2194
1283
161
1118
853
3676
1999
739
2122
4893
1779
1044
4373
4763
1307
2069
4005
3107
4896
3139
4713
1601
3139
437
1405
4720
533
4717
1987
4188
5426
5402
5714
3139
323
4067
4417
2122
3139
5706
4039
1054
3800
5426
907
2196
2196
4255
3086
-1
1840
4166
3592
195
2566
2922
1185
3139
4039
482
3139
3115
583
3139
4373
2086
4851
1080
25
3219
25
5404
937
2189
5049
2278
5133
1062
4252
4082
5127
2709
5003
3139
5028
258
583
1968
1429
3833
2825
4878
2435
1588
1922
4890
1791
450
1263
4998
-1
16
5313
2923
3738
1334
1637
5706
1119
2078
3139
223
5402
2651
2326
2724
3115
3621
2605
-1
4226
1832
77
2615
3139
4073
1601
2092
2122
1185
147
1699
5133
2072
5062
617
4945
5744
3252
1465
197
1112
3139
1429
5402
3771
4222
1480
1845
402
1583
5172
1450
3003
4226
258
1508
5432
4441
1157
4598
2425
3095
3086
1800
5200
2064
2688
681
3830
3034
5164
4093
2196
556
324
1095
3306
4208
656
3139
5587
2196
5062
1122
3003
3057
1170
5442
1339
1547
1601
1787
4038
2364
365
1298
5402
1961
3807
107
4890
5169
1354
1185
265
2514
1475
227
3456
2189
1178
5398
5133
3139
3592
5310
2071
1288
2200
3911
275
5402
3490
3139
1399
2285
5062
1759
5219
-1
1832
1139
5062
2023
4427
1210
5547
2243
1530
1583
2762
2352
1799
2838
5362
5062
1825
3735
1504
301
1312
425
5274
2462
4723
1564
2131
324
3139
3581
5148
4503
3120
3621
4535
25
1161
2534
3138
3869
2196
227
1313
1594
857
3798
2196
-1
147
4972
482
740
3769
1583
-1
2196
4371
2954
482
304
929
1821
2531
3139
1510
2122
2576
5062
936
5402
1112
-1
2766
1311
-1
1699
3924
2285
246
1601
1405
1163
2485
3616
3833
195
4379
1273
3331
3095
973
2703
3139
291
3786
5422
4707
5615
2724
425
1157
2838
4163
3875
2837
5355
3309
2195
285
3139
16
4890
5156
25
1482
3678
5133
3139
3621
3139
5059
3139
4569
2538
2825
1949
722
3139
5330
594
695
4777
425
5361
1452
5558
5011
2189
4634
1699
195
2420
1029
3139
5206
4222
3396
-1
25
1796
1538
482
2858
3139
5200
1694
3139
653
3346
746
2196
3139
630
25
3676
2196
2517
990
823
8
1365
5062
2225
583
460
425
5062
3161
4280
3968
4171
1692
314
1551
1885
1949
4945
1480
177
2200
3137
3676
5632
1212
1178
1681
2241
4896
3676
3139
3240
4130
1323
3139
3144
1358
1480
2747
4720
3139
785
2462
4679
2656
1681
5271
4397
1044
2196
1480
2843
5493
664
4419
147
5003
485
5205
352
1185
25
482
4085
4998
1220
4226
5269
5543
5193
3716
2882
1482
844
2762
4960
2593
-1
4615
4935
4335
3567
4142
5706
957
5337
3003
552
3017
378
4960
4196
1157
1788
425
4488
3339
25
1929
4400
4371
1041
4890
4771
3623
147
3926
5405
1328
1298
5499
833
2390
4578
4296
3139
1779
1307
5587
3994
3942
4763
3139
4546
3134
909
2884
1320
1352
92
2417
5340
1831
5269
775
3676
3496
1949
3428
41
425
5062
1636
2838
3431
540
4877
4784
1793
5402
3139
5132
1722
4158
882
1198
3139
2164
227
3139
3621
425
1536
1705
5340
2122
2988
4777
378
4032
937
-1
4890
5695
2832
425
4839
1681
4342
1448
3008
4255
3761
5009
3067
5549
2615
1047
2196
2911
5182
2023
3676
5419
4829
5474
1044
3479
4000
5316
16
25
4884
443
3139
521
2576
485
51
1504
1178
2619
1583
3778
25
863
5155
524
787
2196
1083
3136
-1
667
5617
2219
1215
2269
1699
3308
1095
3157
2350
276
425
5172
2196
3650
147
4998
2196
1850
25
4582
3139
889
3279
2440
1897
2285
2413
3095
3238
5133
2198
1504
4131
5558
5648
3838
1794
3256
2060
3139
2314
3139
3139
4226
5725
5547
907
2122
3393
4378
425
1323
1779
2884
5271
4497
1298
2016
4792
2710
5587
1307
2958
739
1916
3139
3623
2153
3641
4497
3139
823
1692
2285
4000
4998
2196
4713
1681
5576
4864
285
1800
3222
2388
5128
3139
3046
2449
2241
2984
1462
3580
4373
1168
1465
3139
3461
2462
425
4986
5473
3540
1045
3139
319
1469
1813
5143
3677
2196
2148
5712
4564
3682
3267
3840
594
656
5687
285
1589
3311
4837
2958
694
2196
5587
1583
3396
3621
4884
425
5174
3139
4004
1506
275
3377
3139
5213
1653
3838
-1
1919
2285
5376
1108
301
482
1273
3268
4166
3875
2995
2196
722
916
666
1624
2146
5642
923
2619
1946
-1
425
5695
1016
1283
425
1958
41
1946
2269
3269
4039
3360
1817
4116
2122
3139
5671
751
2948
-1
3745
227
4964
4284
4547
53
5610
362
5313
831
5402
2124
730
5269
5053
2196
4838
857
5062
5068
3840
195
4966
2474
3342
1298
4690
3139
766
2863
2267
1206
1608
5254
5232
3702
2269
485
3279
476
4677
3139
4777
3257
5049
2420
-1
1504
2243
1522
301
3768
1152
3442
5719
5029
378
1564
482
4029
4718
1899
957
5155
5414
1623
227
5254
2196
1365
2784
5562
2958
3410
5587
3676
3139
196
3139
2196
5587
2376
4158
4158
25
1583
4130
3878
2619
2619
278
1588
1471
51
2196
4951
147
4890
3838
4039
5729
2426
5667
3139
5062
482
689
2856
3586
3308
4209
719
1814
2493
1083
5241
1298
1496
5402
3139
701
5676
425
2285
5013
1501
240
4884
1021
4226
3139
5687
3139
2947
4225
1480
4929
2084
127
3413
1692
2527
630
4890
81
2566
4497
4497
1462
1238
1298
3139
4039
425
177
5402
5133
695
1448
4158
3676
2662
2196
1945
3499
1101
1185
792
425
857
849
4075
4032
3250
2196
5587
1938
1616
4553
177
1738
4600
1117
1016
4417
5361
1722
2390
5499
631
5062
1026
2160
2200
3240
25
5337
3367
3552
5667
5466
425
3139
2644
1471
3890
4718
3139
792
2290
4615
920
2196
2455
5191
301
2619
1313
4598
5102
5178
4902
3351
3946
2285
66
5205
1637
810
2173
482
5609
5402
147
1834
3139
5706
2122
2755
2615
3575
1178
2084
5313
583
3139
57
3875
5087
1346
5741
3139
1304
4729
1681
2729
658
3291
4635
4725
4099
521
5402
2958
1829
3406
3445
1320
5384
5616
5060
425
2200
258
1583
1462
3621
785
636
823
1465
3139
5184
2154
2269
1346
2122
1651
1601
4966
619
5671
5028
1230
937
5630
1465
4287
1681
1601
1300
546
1405
3139
3139
3218
1116
1874
3139
2709
5402
4998
3676
373
4654
3591
3838
5058
5719
1872
5022
5696
4945
36
1789
3139
3308
3436
2681
3518
3682
3668
3139
2159
850
302
3308
5451
3377
2308
2196
686
4079
193
4998
242
3882
5587
1913
25
1897
4332
4221
3192
2466
-1
4861
928
4038
5475
425
3021
884
1178
5271
2200
1800
541
1987
4039
2620
1044
5402
2196
850
725
2619
1821
3396
5062
1606
5271
1148
3003
443
3840
3139
3139
3072
5699
2382
2724
4347
5062
4986
5402
3367
3139
4494
3439
695
425
5062
3139
5576
1405
2615
2189
275
1800
1722
506
689
3401
1178
3931
1298
816
2122
4105
1832
3621
4004
4188
-1
2974
3238
5150
5594
3003
3533
2196
3111
5413
5060
3628
-1
2669
5434
2242
1044
2647
1465
4779
5589
857
1427
5254
-1
3139
5150
4411
288
425
3139
5551
1168
2086
4850
2544
1405
5318
4051
3569
5062
5269
2566
2199
5077
4998
2196
2196
4226
3003
923
-1
3793
4598
3676
1429
1157
4415
5673
2495
4945
4244
5362
448
2189
321
5226
2333
785
3443
1624
241
3284
4771
1446
3939
2717
3139
3057
2196
184
3875
3621
1817
3139
3127
4394
304
3139
3489
836
425
1215
10
4393
2127
3139
160
2665
1161
4633
4444
1504
2706
4494
1636
5547
883
5068
25
425
5178
16
5128
377
2762
3139
5340
932
798
5292
1916
2673
3682
3139
1147
5205
4226
3641
3878
4740
585
4082
485
5313
2269
-1
5205
2200
1579
2830
1823
3531
92
4829
195
1601
1405
2958
3139
5165
3139
1307
1405
3257
425
4014
551
2510
2089
540
1298
1307
5471
772
481
3996
-1
391
5254
3046
191
1601
2682
3193
4373
2350
3676
1307
1298
2091
747
3338
5063
4892
1239
1636
4226
3139
2196
5335
5744
3406
1798
429
2228
656
3139
5576
1682
5491
1452
3621
5491
1876
4397
4226
1407
3280
4265
2196
1185
1551
1619
1149
4994
3139
934
5160
2175
5011
1619
5384
5402
3769
3000
3111
3115
4027
82
1157
1771
746
4107
5547
2762
482
4900
536
266
1858
2659
5450
746
3139
3288
5155
2567
111
2148
2919
203
669
3003
5133
3139
5183
766
5579
-1
5254
5341
3676
1614
4998
425
5183
1339
376
2269
285
2150
674
3863
975
5212
3931
25
5104
1003
1122
2992
3993
4450
4195
2196
1230
923
1699
1616
5587
5687
1814
281
4371
147
1206
3003
1065
2014
5587
839
740
4629
3308
4413
1807
350
3489
3834
2048
161
5335
4444
522
-1
4497
3380
1325
1149
540
1446
785
3139
2378
1914
5724
2591
4052
5402
747
1677
1405
5140
3592
21
4718
2724
448
1230
140
4771
2691
4491
2998
5587
4226
1867
3139
3735
5554
425
4270
3673
2253
1564
3194
5062
5247
4535
3862
2267
5475
4471
1508
1468
3800
5412
425
3139
1429
4654
658
3160
3862
425
3095
1095
1949
5491
5183
25
3682
3139
25
3115
3139
1692
3488
2381
5481
4270
4753
2068
4975
4815
99
2999
5402
5491
1300
3433
2863
196
425
2572
2762
4032
1152
3072
2196
2150
2196
1619
5576
3139
2164
4690
5618
4600
2191
3278
4458
1172
5213
5140
4175
2390
1189
1471
25
3139
4750
1044
5695
24
1093
324
556
-1
3389
1371
922
1817
161
3238
3061
4776
2825
5664
2413
2200
2021
25
5133
5636
3139
4226
5139
4179
1465
4192
594
4422
3592
3623
4206
3449
5402
5469
891
1429
5316
4075
3766
4926
4713
3139
1883
5001
3150
2619
3592
4728
347
1480
3139
1681
2197
3991
3410
2531
3592
1362
3095
1551
1535
4329
3458
4689
4377
-1
1054
425
2843
5451
5414
1722
1670
5331
1429
5419
485
5127
1016
5671
3599
2938
3469
3240
540
4226
1469
2864
2831
2383
5558
632
2096
5200
2122
195
1101
1427
4966
2697
5402
-1
411
3996
2619
2014
3139
5682
485
285
2285
347
5062
4966
993
4371
5681
3422
2321
5733
3696
4799
2084
25
2724
2777
4181
1601
4005
4188
2196
1230
1528
5209
1650
583
3139
3403
4972
3676
3139
4283
3051
5160
3980
5587
5382
4878
4889
1448
418
4771
3139
285
557
2861
203
4998
5571
4121
2591
689
275
3139
2762
785
5706
1459
1007
5675
2697
4799
3835
1794
3840
1608
5642
5094
5633
1405
2285
3422
3996
3139
248
4720
961
739
138
3308
1175
5062
4966
535
5272
984
645
3510
1351
5269
1681
1829
3339
3766
537
5620
2615
3621
4815
2364
902
3139
3396
5062
3696
1681
2391
1945
3887
1178
301
1230
637
967
4378
3644
2813
3139
4147
425
2615
4425
1269
2882
473
2551
4975
2376
5028
-1
3139
3561
1095
66
5389
425
3499
2085
275
1161
1601
3003
3964
1210
4884
5051
4945
5022
1283
2012
3930
3139
3222
1475
1307
482
5402
2370
4225
5176
1796
4502
2813
4974
1504
4019
2196
517
2563
2540
4419
4039
2075
1379
2515
2724
1813
831
1178
482
5195
1892
3346
1843
347
4679
2196
4494
5049
3768
5082
3086
2443
4398
4378
2153
3139
4878
5022
1425
969
5681
1429
1940
4131
3139
4565
2285
4307
2198
2568
428
5028
993
540
1619
2285
5571
4564
810
177
2843
5671
1333
4792
3735
2619
2367
5538
4500
2196
1044
4298
4298
1475
4142
4884
133
5515
4068
2
2456
3180
2122
2200
1107
4297
5621
672
3456
3139
3242
-1
1554
1218
1452
3057
4990
3676
1763
4682
1245
4663
5695
5648
3139
4045
3139
3095
1429
5068
-1
4014
1441
2200
2285
2615
1680
1849
-1
1071
2347
-1
1686
3139
-1
3552
3284
-1
4650
2195
5587
937
1372
5527
2514
3046
5364
2882
4718
2993
3139
3456
4119
1429
5162
785
155
2165
3240
617
2308
630
1313
5419
2269
4235
1793
5062
2804
1465
3822
5173
5126
5254
1480
-1
5448
4713
5300
2011
3139
1441
4188
5062
482
4865
3139
2241
3139
4986
4131
4438
630
4794
2557
5402
545
-1
1502
4945
2269
3086
1044
4045
2462
352
2285
1902
2174
-1
10
2882
3034
4985
482
4725
1902
2243
3139
3139
195
3692
976
5671
702
482
4371
4158
5062
2243
2211
1555
951
2615
5218
4717
1749
3628
177
1307
2619
1056
722
3875
1297
227
3440
4331
3461
5731
3838
5731
2575
2762
2196
2511
2768
166
1157
3989
2328
4032
823
4497
2196
4902
5062
5200
3139
4799
1178
4188
1081
3139
3676
4438
1468
3795
2614
1636
4008
4158
5009
3377
3615
3915
1300
5077
2196
3139
3139
3139
985
1083
3589
3994
2285
5156
3139
3382
52
3000
3838
2137
3800
1298
5402
5402
1396
1184
3240
993
3616
3316
4142
223
288
3840
1601
1465
2085
2196
1817
1972
3139
2474
4088
5497
5402
1931
2864
-1
3363
2672
2274
3796
3139
4145
1891
3240
5402
1902
3937
1888
4890
1185
227
5433
1405
3595
-1
4596
5427
2724
1206
1913
4039
2761
3053
5473
3862
2228
1186
421
2269
2974
5015
3045
5719
3139
425
3771
2634
632
2198
3587
3308
2285
3003
4378
5416
927
5576
3221
2642
1471
3707
3865
2015
4188
25
5216
51
882
1831
1504
365
3229
3008
5402
480
5088
1480
4718
5402
5497
1353
3682
5702
5587
2400
3360
1639
177
3501
4998
2285
504
5714
5547
2650
1012
3676
5077
3518
5130
191
2885
3081
1185
3554
3999
3238
4373
3139
5706
195
147
2462
1016
4500
3846
1329
2619
227
3139
5525
4615
590
3771
4019
382
1894
3875
1405
3446
1646
5616
3139
1313
1465
3875
965
4191
5087
540
3241
3114
1230
5178
2768
2122
273
4080
1788
5062
5504
3449
1434
5466
3362
4898
3768
3095
4048
2493
2084
1902
1230
2087
3456
4896
1583
4696
4945
3712
595
4226
4945
1601
5173
25
3121
1945
1395
3562
227
2934
3503
1054
639
3139
227
2417
1269
482
241
1313
3139
1425
1054
5384
2198
4734
2612
4653
3396
4039
304
3015
3139
4158
307
930
2646
2724
3933
3621
156
3003
3331
2413
5085
4851
1206
2691
2285
261
713
4408
4457
1830
99
452
476
2444
5429
2196
2684
4042
5133
25
3378
509
1601
3621
4792
3593
5269
3017
2285
4975
443
54
1298
3682
264
4398
2198
1148
2830
3308
746
2390
563
3139
1931
3243
-1
2462
2742
3139
4808
5402
18
5580
2838
3036
2200
2285
25
3056
2989
3317
482
2697
1298
927
3770
-1
3581
1739
1769
2966
5402
5360
3139
5063
5062
1044
1753
1264
4854
2370
5102
5050
255
2882
2290
1149
4270
1230
1465
5258
1058
117
2790
3576
1830
4160
3728
5485
1101
2203
1681
1990
4664
324
5062
25
3748
1155
2156
3139
5062
5729
191
5176
4521
3256
3946
3724
2830
5504
4890
5155
612
1347
787
2196
285
1601
4539
5566
1168
4890
227
540
5673
4853
2196
1465
975
3485
857
3623
890
1337
1019
2615
16
3696
3375
3139
2665
1945
1899
4191
5074
2146
4258
227
241
2796
5009
1083
288
2974
4713
203
3139
2922
5671
242
3880
4978
4035
1269
3959
2184
4966
630
659
1616
3533
16
2050
3741
1830
1588
3037
1452
1102
633
3201
923
391
482
62
482
3363
2644
5133
1571
5548
3062
1101
3869
5587
4342
4347
3139
2762
2318
425
1501
3072
1722
1167
1115
1038
5313
556
4792
1300
2296
425
482
2016
2308
3850
195
41
4628
5382
5731
5074
5285
2838
1307
5049
3139
5402
5086
1941
-1
4158
5671
1202
2166
782
1004
1304
3139
4032
255
2724
2421
1876
5019
2016
5062
5446
4555
29
1298
2619
5200
25
179
3346
4771
4945
41
548
1928
531
1897
3106
3591
443
882
3139
5671
590
4776
457
3139
853
2553
2974
1178
4966
216
1829
4720
1798
2194
2672
4853
2096
4330
5088
4654
5333
96
5426
5026
294
3183
5547
4432
5049
1313
3139
719
2691
3240
2408
5577
1619
2197
5564
1688
5017
586
248
2247
2615
1871
2196
4594
524
2383
5345
4703
3139
3003
4736
25
-1
1307
5712
2440
2465
5576
2724
4966
4453
25
4890
1259
2144
1813
3771
2404
4763
4655
2390
1016
5273
2067
709
2996
4966
5247
2055
3817
3881
348
3139
179
5267
41
4484
5497
1669
4986
4903
4158
831
147
127
3772
352
2196
2196
4945
1924
5024
1323
4082
1139
391
1681
4142
694
1504
4054
1017
16
3682
820
5340
789
3192
1847
-1
4615
1429
1429
1865
5402
1504
425
1493
2863
4040
2948
3744
4226
1405
4693
249
3996
2762
3124
195
1024
5384
5576
3139
670
1316
5336
4255
4188
3257
4158
2481
425
3800
5518
1465
5461
3139
4373
3904
1980
1117
3108
5558
3568
2196
5318
-1
5062
340
4131
1240
2825
486
4966
3661
1266
2781
2630
556
1242
4332
1636
1277
2159
3800
273
4371
1099
1339
2196
4410
3506
3838
2122
681
1331
25
4265
1044
1699
5370
5402
5733
50
2410
3069
3627
975
1429
5025
25
494
5085
2762
4453
2903
207
2463
923
1054
4153
4677
778
425
2762
2884
2726
2096
2151
273
5587
1414
1950
1017
2111
3824
1350
1405
1820
2304
111
1407
5362
5049
179
2911
3139
185
255
5232
3066
2762
1822
2863
1019
25
718
425
5476
3487
4332
3485
4896
-1
4740
3937
2196
1012
1313
2271
2285
3279
3139
66
3456
861
5402
1095
615
2196
1876
3274
2196
5402
4890
3735
2762
1694
2164
482
4389
5742
3308
5491
225
5122
5497
1675
4890
1482
719
5077
3308
3057
5724
4567
3794
3323
3139
5545
2200
1353
1405
1157
482
1681
3621
2025
2023
4562
2863
5015
4600
4957
1686
5003
3869
4586
1769
1429
2912
3401
1759
5481
4799
1821
2612
1480
1452
4966
789
5465
2530
4784
5405
305
425
425
-1
225
3199
2825
304
3895
2400
540
4158
4158
3838
1480
147
2566
2863
5158
4732
3493
25
630
275
4461
3139
1123
5402
746
5195
1307
50
227
482
3339
3264
170
5028
4032
5269
425
5049
1354
3676
3865
1054
4045
2609
3139
3431
5402
2285
2673
16
4888
1586
425
2615
5431
2122
5699
1429
5587
1313
1017
240
2925
3139
1073
2153
25
2004
215
2196
1429
3378
5587
273
1704
540
5133
4720
1681
4007
5587
4332
3131
2934
2390
5062
1482
834
1354
1450
444
836
353
4254
1255
1300
646
4963
2572
818
4679
1213
1675
5384
1922
3802
521
2442
2911
3333
5385
5728
4075
2285
4378
3730
3046
615
3669
-1
1405
630
3034
2762
3139
1123
4195
1083
1230
2673
4966
5077
3139
5576
3139
4515
4657
4039
3360
2793
3465
878
41
4142
3280
3072
1922
5335
25
848
138
425
236
4915
4226
3039
5104
903
5316
3139
147
3015
3139
1598
1407
2650
3072
3139
2474
509
2225
1185
4215
320
5390
3308
3296
5128
1754
402
635
4287
1924
18
2154
4771
1987
2196
5109
2762
5466
82
5278
1071
1178
82
987
873
5109
4890
823
5118
747
2435
4915
4039
4778
2122
4362
457
285
2724
1091
3888
4371
4438
2227
1874
1823
3976
937
3139
5505
2243
3592
2619
1885
5431
3875
5049
1429
4896
5402
1579
5254
1194
3838
5364
425
2325
2170
3382
3875
4956
5153
1429
4914
4609
3034
1785
5197
4488
-1
2195
994
5576
1157
5128
4945
4226
348
2178
2023
2196
5333
3432
5556
2382
1199
1829
284
425
1044
348
3485
425
1949
2377
1533
1851
3418
4417
3139
722
2198
1152
2021
4720
1429
1475
3139
2689
3331
4497
3139
-1
3722
2949
1167
2704
1410
425
5648
556
2496
5466
216
5265
542
5284
3395
5198
4818
835
2306
4536
1936
4177
4039
3269
5177
2724
1044
3139
341
5017
2189
3139
1471
3034
52
195
1174
2097
5544
127
810
747
4772
2698
4315
1683
576
4082
5706
3396
4004
3246
3265
645
482
5035
2882
5731
1168
-1
2196
2060
3496
4896
2060
2762
3139
632
2615
4393
4978
3054
1545
3308
4393
3051
2478
3139
1407
1931
2200
1811
5629
2195
3296
5062
1608
1468
4912
5402
743
1365
4235
1598
3621
3139
2184
4791
4222
498
722
3538
4158
25
5128
2196
5517
3385
391
2858
220
1706
4787
1230
5201
2927
1809
175
227
2629
3308
4188
5402
1480
25
4890
425
567
4373
1354
5062
1426
242
5052
2748
4298
3884
3234
5632
5671
3139
5433
3607
3676
1090
4884
4978
227
2751
2974
3553
4319
482
5587
2084
417
-1
1471
5564
3771
2673
1139
5471
2724
3166
952
2724
482
3072
4853
1185
5695
4718
898
1821
1429
2196
4400
2697
485
24
1323
248
427
630
4631
1979
5574
648
296
1243
4497
2615
2159
3800
4732
307
4409
2462
3139
4327
1823
5609
5250
273
1540
5576
3584
540
258
1313
4272
5559
1594
4668
2122
4518
4884
792
5491
1347
3641
3738
1779
4330
4196
630
4226
5671
25
2378
276
2879
5671
540
2067
3996
2697
983
810
3869
823
2850
5062
521
482
2196
5062
4552
2243
5714
196
70
2376
2146
4553
3512
630
3413
3939
286
1731
5362
3771
270
36
5402
2193
4829
3160
2127
3813
524
4529
443
4307
5714
3435
5650
1796
787
5384
5275
617
52
5028
3139
5313
-1
4763
3836
2196
2196
5385
2148
556
2923
-1
2619
1320
3431
1681
1902
304
1636
4881
5471
3255
2370
225
498
1809
195
4611
5062
5053
4360
4870
2614
2574
5723
2189
5362
3676
2503
5202
5062
1706
5466
53
25
854
2994
3676
2882
4330
1073
5028
5548
16
1777
-1
5336
3066
3676
850
3126
1095
4016
1688
4575
2574
126
3139
4444
2748
5152
3140
3813
5094
4497
1583
1850
4224
5729
1598
2619
2253
3621
3623
4374
5451
94
4201
1044
4763
5357
2196
4225
1919
1149
3139
227
275
450
1003
4966
5062
2370
414
2127
1722
3676
785
5062
1987
425
5516
4555
76
594
482
281
2122
2724
4978
1137
57
5718
66
41
3288
5384
2328
1624
2694
1297
1668
2703
1800
4911
53
425
1722
1601
2998
4912
3831
5313
3139
4677
3139
1744
3685
2380
1147
1918
66
4884
2498
1475
5744
4635
5254
735
1480
3595
827
1468
1549
4817
1583
3409
2942
1163
4000
1583
1244
2435
2863
886
5062
1213
2285
253
3401
1129
1381
1044
444
2200
4032
3578
1480
5426
2619
1781
2122
25
2531
1498
810
1016
2000
1153
1071
416
2495
2129
3139
2189
2131
5402
699
3422
4654
3592
4771
1495
2546
5098
482
5671
5336
2630
3735
2338
4011
4030
2709
1636
5479
3099
1602
1050
3139
5671
2135
4454
5556
1343
359
2473
3592
1909
5402
5366
5047
1544
3385
4733
2350
1738
3581
723
610
5551
18
2146
2521
583
4381
1800
2724
3000
3037
3139
264
5034
4721
4693
2615
25
1684
5077
2369
1809
1601
4004
1384
4373
957
425
4396
4188
630
4936
4226
2243
2911
1839
955
1601
746
425
872
1298
102
3355
5195
907
5402
5402
5414
4373
1339
2514
3697
2943
3992
3768
3875
5147
2146
2464
2096
492
719
2867
4497
4039
4491
425
3996
4039
3139
5200
3139
3931
795
147
3748
4235
1781
3139
4808
16
804
4945
1013
3682
281
2019
4471
4600
4532
25
1049
1403
1215
3553
3030
4489
1290
23
3139
2420
1405
2656
610
1427
1307
227
3317
3072
4000
4944
1044
478
3800
2196
2195
3848
4497
630
1356
865
2016
5402
5062
482
5519
5094
5454
482
4045
1603
689
2762
5165
4912
1821
2196
5413
-1
2097
3628
558
2576
1044
3504
1038
2196
5677
1724
3139
2669
2514
66
3580
967
3404
118
2712
1090
38
1350
3363
721
5419
3838
5292
5326
4188
1576
2196
1225
4960
1370
1298
3875
2559
268
630
5497
1949
2267
4484
4823
4975
1661
2195
2619
3116
4743
2196
5156
1044
2135
5402
1612
1681
2189
2662
1210
25
1331
2383
361
249
4545
2583
5198
1854
1588
526
3647
3580
3139
4851
3308
195
4039
5149
275
3730
5014
5387
3462
1598
3139
5270
4720
1206
3511
5122
4164
1269
3056
1016
5032
3003
425
1793
1601
1405
4100
3139
2196
4771
425
590
2196
3139
716
425
5039
4469
2016
2070
1049
2196
4825
2350
1352
4226
10
4545
2724
127
5587
3139
2186
1598
177
2285
4267
1588
1044
4566
1280
5499
5547
1405
4781
4763
1429
827
1583
720
5114
2164
1154
3197
2882
1429
769
1313
3139
3865
1298
203
1902
127
1148
375
5062
1636
5385
515
3206
4890
2762
2662
5357
5062
2762
432
2154
4637
5502
3139
4523
2189
3855
2883
5402
100
1699
1478
630
984
1727
3676
2762
5155
3711
4226
5587
3676
3240
3621
1453
5250
482
2958
1206
3760
4812
3070
2693
3139
1984
4792
2189
3401
2825
227
2435
1768
5062
3682
5616
4626
3724
1206
5681
4555
1778
1298
2196
4689
195
2209
-1
548
1192
3930
5132
1598
4136
2364
389
25
4039
5595
5402
177
1185
5049
1660
5576
195
2146
2619
1163
4489
2782
1681
5586
5293
191
1030
5062
5442
1300
294
4778
4130
204
1073
5518
2961
4332
1777
3308
2395
4820
4438
1249
5671
3559
2196
1601
324
3139
5433
4484
510
2200
1928
2600
3621
591
5096
304
1269
4526
5310
2698
4633
5505
254
3144
718
5271
1240
540
1405
3139
4784
25
2153
2200
3003
5370
5703
3046
2672
1358
4718
743
-1
195
310
1280
3134
5378
2333
4966
4209
1304
3051
425
5545
609
-1
1976
3139
1410
1320
957
3768
1210
3139
4787
1504
3396
4945
1185
284
993
2390
594
5566
5587
2333
1465
1586
2762
1800
3686
4408
-1
5028
2196
2714
4585
480
4604
1337
2724
5156
634
1095
1208
4004
5451
5696
2490
5725
2762
4125
4559
5022
2196
2435
36
3752
3139
3067
4626
1287
3379
2619
1435
3779
5733
2194
3996
630
25
1112
41
3139
3980
5385
5595
3154
1601
2016
4763
2979
5133
5005
4632
3320
4763
4720
427
3308
2285
3676
2200
4820
4606
3411
410
1532
2196
4142
5402
515
4712
416
5162
41
1410
3396
227
2619
5452
960
3250
425
3115
3962
5022
4110
303
5414
5426
482
4406
5171
2189
346
972
3683
3615
4869
2911
4373
3046
2096
482
4158
993
1508
747
2612
2146
5532
4921
889
882
5070
1958
1382
1881
5340
53
3308
25
4088
444
3139
1185
3449
993
4082
2196
2315
3573
5062
2196
-1
1472
4945
3360
3139
540
4036
3461
3418
1017
4108
2058
1048
1244
5289
5405
314
1707
4406
425
5140
2302
4373
5213
5556
3790
5726
482
303
3696
5402
242
2098
2139
1777
2958
4836
1288
2884
2619
1257
1419
3289
-1
922
1927
2196
1429
4039
3615
4039
2329
217
2699
1434
3139
1167
3317
3142
4674
1619
2660
1307
2200
25
5157
482
2971
3761
3838
4944
787
2098
630
3139
5497
4014
1601
53
689
425
1681
4353
1405
1798
316
695
1152
3139
3747
4087
1809
5224
1966
1618
1410
1492
4525
3139
1601
1821
2196
1405
4600
2096
5587
2285
4847
216
5466
605
4321
2989
2615
1044
4802
3139
3875
1601
329
3595
3726
1653
992
1339
4348
1829
4654
4194
2168
840
4142
460
1288
1249
3139
5109
5313
3139
2662
715
5346
1964
5475
-1
1407
2196
5667
4689
4771
4954
689
258
2285
2943
1792
5609
1255
1744
4949
482
1584
834
3752
25
1902
2674
400
3080
5312
3289
1672
285
1307
4945
748
4998
3289
3050
425
1157
4155
5718
4579
3360
1778
5022
2111
5402
2200
4158
3266
3601
5432
629
3213
447
2122
3931
5183
822
2724
601
367
127
540
4720
3676
5022
2196
1848
5062
5724
2649
2972
5671
841
2285
623
2196
5671
2226
1230
2196
5636
1172
716
4300
5049
1646
3139
1633
5587
4733
4057
934
3997
2565
4196
4975
2695
3139
2164
3139
3308
3139
147
1650
5062
315
1475
2412
425
5729
303
127
2877
1347
604
2462
1852
4777
2714
2189
2194
634
4544
1498
1058
4705
4966
1042
2948
4482
4545
5254
4890
5155
630
1653
51
1681
5404
2913
1606
3426
4417
2354
3267
5518
3676
3887
2860
2519
4188
3553
5151
4438
404
4383
4966
5433
1157
4020
694
2974
2711
3139
4890
5730
4999
222
4203
1444
4111
3994
1057
3711
5165
425
890
5429
4963
1506
3696
2345
3167
3296
4158
419
177
2619
4226
4702
2096
5205
5387
2052
1618
443
425
4093
3771
3676
981
25
2016
4701
2813
25
1793
1638
1156
5362
227
4408
2196
5457
3308
2864
24
4559
713
2998
2339
3615
1583
1071
3390
195
3856
-1
5074
2023
378
2200
1796
425
3313
3836
2196
3875
3139
2442
775
827
391
630
425
425
2880
5556
2335
3353
4987
3833
3036
4877
972
1465
1584
239
2813
225
987
5133
147
3220
241
-1
1313
195
3000
3139
382
3480
3659
3443
5648
1636
1003
145
658
5587
5497
1417
4706
2060
2122
2196
5062
4287
2196
3210
5062
823
5313
4900
18
4787
4016
4870
3308
3262
3139
4280
3510
5497
2576
1546
5449
689
3869
5642
2825
3240
3349
3139
5472
5297
4890
5587
5062
1405
425
5062
3838
1472
1373
3139
1738
2724
348
5235
4454
1902
2189
425
4227
5497
1191
686
2189
425
3139
1048
-1
3069
3139
1095
195
2943
5062
2619
785
5128
3139
1019
4497
3139
2243
1965
4210
107
3139
4878
177
-1
5271
4437
633
25
5402
5200
3139
2189
1682
5313
127
1636
5657
3651
2430
2692
1120
1273
915
2159
2196
5207
1452
3190
2279
3308
1475
4188
425
4287
1417
1564
2200
25
2055
5196
3416
4438
519
3371
3003
1681
3139
333
5109
4348
3619
2652
2189
3139
2886
5471
4773
1235
1131
5133
4615
1920
5566
3074
5648
5671
5292
5576
5133
3752
1885
5493
3139
4884
3696
3360
-1
2962
5530
5152
1040
4148
3000
147
5049
482
2133
2825
4373
1945
5493
4226
2252
1475
4916
4371
1588
2993
275
2285
2241
5497
5402
1429
594
1699
1452
2882
1313
5112
2196
3621
1681
2205
1242
2390
1119
5062
5154
1145
4709
1681
5142
4348
3510
191
2189
1650
72
2096
5695
4945
1909
4778
1885
5573
4318
2532
915
2196
1479
2464
937
4802
3646
834
2813
4966
25
5022
4046
695
2339
5545
4318
5558
5201
1054
590
4131
5692
5028
1583
2911
315
3991
3378
1307
2724
4170
5387
3315
3240
4966
1949
5685
1300
482
778
4877
3139
4082
62
951
16
3566
3034
3057
893
5587
3621
5729
273
5068
579
1338
1888
4005
1307
5087
3139
5700
2164
4033
5530
170
2715
5293
4226
4226
681
5280
1793
3362
2882
2435
5402
4878
488
4986
195
1410
880
2336
2263
1054
2986
452
3899
3139
2719
4634
4497
5556
5502
3146
5148
921
2962
450
5062
482
147
2196
5489
5419
5466
4496
3153
3095
4325
699
2196
3139
4096
195
4373
5402
2677
3313
2122
4712
1083
1601
1196
1313
227
2630
292
4888
5512
2762
4904
1230
5178
275
5402
2394
216
692
4559
3838
324
3682
2762
4910
2867
1977
5049
1703
5062
303
5097
1055
1647
1071
5615
1746
4945
689
3139
2016
2813
3139
1429
2949
1479
4442
1777
4039
636
5049
25
3423
1287
4356
2700
938
3604
2333
5238
2724
387
4567
5238
5345
2891
3215
3015
4938
1725
4713
632
1168
4005
195
2828
3621
1439
5685
5062
1952
1313
2196
4408
4158
5387
2724
1909
5439
2939
2017
2304
5576
4226
4950
2196
5183
107
889
138
5402
425
1827
3142
4836
4890
3206
3057
4226
4966
1703
4732
2515
547
3096
2333
1405
1780
1601
5197
3139
3925
4256
1003
3275
669
4662
5382
2592
2462
985
3139
4144
3201
1185
2200
849
43
3797
5247
2285
5474
1018
482
4142
3037
1016
542
2589
2822
4815
1958
5642
1095
3240
5281
2146
442
5737
3136
3496
1832
4720
1405
5254
689
66
2154
784
1958
1095
4755
4052
5183
3000
1362
3970
4316
5154
3139
2863
1019
665
547
3555
25
2196
425
2364
2196
2702
4032
25
3110
2000
5410
611
3869
2920
4492
3269
4725
5384
3780
884
2864
3567
561
3086
1323
4851
2870
540
461
3800
2762
5031
165
-1
1470
1083
2556
1095
1044
5203
3481
714
4763
1588
4833
5402
3728
5402
5396
482
4188
395
905
3139
510
482
1688
3684
-1
5062
1361
382
3040
5544
4153
5022
443
1793
319
2615
2153
630
195
1979
2358
5571
4444
4349
3139
2200
4327
4213
2337
5402
1405
645
1185
2200
2934
425
4890
2200
539
4421
2196
3838
4444
3387
1218
25
4555
41
2739
493
2189
1095
5466
3520
4733
-1
1155
1722
428
4158
1307
1937
2246
2245
1821
312
3573
890
2619
5176
1650
3040
2762
3317
4004
5707
2196
4081
5441
1598
-1
177
1965
3139
3943
157
4654
3139
191
3212
5133
5491
1931
25
-1
2135
5595
3139
540
5543
2200
5184
258
2200
4621
4978
2825
5125
3676
2918
1480
3565
5133
77
1095
1161
4699
425
3676
5313
1636
2196
2950
1681
2435
5113
1493
5419
2196
2243
2462
3139
1588
3139
3474
425
3072
3139
2096
494
1569
5155
1829
3458
1647
4158
5687
4989
3308
3887
3139
4447
3139
3220
-1
840
967
5547
5133
185
3641
-1
3495
1843
4039
2383
4808
5402
5235
4053
3169
110
1681
3887
5627
4130
3139
25
1480
114
2200
5712
5591
2008
3822
2939
2762
5547
482
5055
3220
5061
2583
492
5706
2196
11
4209
4751
3945
1418
4763
4698
4000
4595
2164
3139
5247
2671
2195
617
1624
25
4998
5271
4787
1185
3843
823
1639
4180
2122
4720
5015
3139
5343
3987
5062
5087
1309
3595
437
41
4713
3139
5505
2462
4887
1584
5433
3037
1638
3139
2014
763
5505
3072
2619
2322
1931
653
2380
2825
2023
5326
4553
4373
5706
2517
5062
1116
1053
1313
88
956
4497
243
62
-1
2629
41
37
2619
425
3461
275
1185
2156
1019
2989
924
3507
5178
1210
3468
5402
4733
591
4053
5472
3934
2281
3738
425
4720
4039
4078
5499
5433
216
833
2435
2243
427
3139
612
1313
4339
787
5576
4654
4713
5690
332
195
428
2571
2124
4771
5729
951
1945
425
3334
3139
5049
4825
3629
971
2279
1722
2849
3139
2619
2196
3468
3994
4494
3506
5449
41
5354
3704
275
3392
4981
5576
93
4196
1595
25
1601
2605
5550
1031
1083
3623
654
713
5362
3795
1570
482
3815
4785
4125
1448
5000
3240
916
707
4890
1811
5112
5222
639
628
425
1348
1914
3432
1168
2615
3428
1354
58
3057
2148
3147
4007
1057
5573
5402
626
2658
4945
4008
1307
1300
25
5111
3817
4654
3139
3139
3487
1727
1215
432
378
1722
1664
704
3139
792
1298
-1
5062
2196
2680
5197
1504
2000
2196
3057
2196
812
301
3676
62
5225
1759
4142
621
4823
314
1195
-1
4771
1378
2619
2195
2196
2136
1681
3139
3241
3641
4109
1153
4226
1780
1420
425
1131
1633
79
5068
3887
5472
3308
681
3422
515
4295
2196
3467
3308
2016
5336
632
3139
25
3139
1583
3783
5267
5558
18
2196
2196
3139
1057
4372
99
4373
1183
3139
4713
3139
25
5475
3439
2285
2825
1601
2634
2830
5288
4717
1244
3875
4771
3139
1269
2481
5672
4880
2678
16
2196
1183
1322
425
1938
-1
2724
3139
974
3863
3003
532
5497
4181
1132
2038
4689
-1
227
4482
2356
2016
1595
4159
2354
5079
2399
4769
1783
1686
5370
178
5583
18
787
5101
5410
1044
4693
681
3308
3676
4825
4978
5430
1503
41
425
1830
1168
2911
70
4763
1116
1131
2919
5133
3542
536
11
1583
3577
3165
2514
25
4975
469
4043
3875
3621
195
2167
1611
1294
923
2196
4193
633
5402
4373
3261
4193
4836
5111
4690
4702
822
3148
25
3584
2522
3238
1588
1095
539
2085
2195
2248
4039
2517
747
5028
245
1429
1185
1891
5695
3725
2326
2189
1405
2435
5557
4347
5703
62
2517
3139
4373
4158
2162
4559
673
3516
2813
2813
5733
2966
393
3521
2710
4255
164
591
3139
4432
3349
2489
3820
3066
4332
1386
2462
3308
3689
1297
1095
5107
2989
3781
414
3095
3139
4966
16
330
5293
1598
2473
2196
3317
1648
2196
3139
3808
852
5674
5370
4378
2754
2501
787
4875
3028
1680
3876
3875
-1
452
5556
3360
4521
5305
1583
3506
348
1044
1456
5241
3139
1047
4142
4060
627
1309
2122
1019
3838
-1
5028
281
548
2539
5491
4005
5521
3215
1709
642
4701
2196
2435
2196
427
3040
4569
2198
2159
52
4373
5412
1356
3013
3139
1178
2065
3139
1939
2630
1883
4804
177
4373
5586
2281
3953
4966
1339
2859
5290
2200
5289
2285
-1
3528
2196
3641
25
4131
16
4287
4497
3875
425
3928
5049
583
1562
2016
4127
5324
4497
2523
3716
2164
1269
2724
4478
2773
785
2096
1405
2583
2879
4890
5122
5706
2951
5518
92
1183
425
1168
3850
2220
3991
2124
5062
967
1384
209
486
4392
3115
2164
2196
2325
-1
789
2196
2189
275
4700
5293
881
2390
7
3800
937
2196
3467
3139
2153
2936
3887
1313
4506
993
1800
5402
923
739
1890
5156
5271
823
2073
3496
1429
1681
5702
2605
4932
1807
2146
2689
5587
3756
2934
3139
3137
3139
1517
3139
3238
915
3003
2372
4192
834
3264
4073
1313
5527
25
92
4561
2131
4801
3192
2444
425
1549
5132
2615
1183
2998
5490
1999
3506
3139
1601
3308
5643
1601
1465
2949
5088
5734
25
5706
1384
1686
5583
2281
2390
4249
3862
3191
1145
3139
2290
5049
923
2285
630
1452
5156
1342
1936
5140
1178
1230
5308
5616
227
3086
4890
3139
4567
4997
1187
5419
4654
3139
1802
1465
4986
1405
4232
3856
-1
4226
1699
2093
3944
2067
1902
3820
5299
1702
1194
5293
25
1076
-1
2200
1019
4358
4142
4890
1830
3902
2636
4555
3139
1338
275
3139
1427
2473
4997
5402
5050
630
2196
343
3139
4026
3642
3003
2882
425
3904
3030
195
3623
5402
382
4484
425
2867
3761
2057
1968
4181
754
3136
4158
2762
1286
1468
5155
5340
2196
5582
275
3228
540
5381
540
2821
1727
3139
1582
2103
542
3682
1307
957
-1
3139
5402
5616
2196
5280
5411
2882
2628
4392
448
3494
2691
3308
631
4671
1776
4158
41
-1
1210
4017
-1
5558
503
4549
4226
4142
3725
2316
2144
1184
-1
4453
2285
3057
1206
4153
4654
4074
2542
2167
3499
633
3139
3803
1482
923
25
1567
441
4945
3401
5402
2181
1298
1044
3139
2122
3838
746
5616
5611
195
4470
1782
3077
2200
4607
3139
2122
2974
4280
5587
2911
2200
885
1356
4007
5431
5402
5049
303
214
4611
1624
3139
1949
195
25
4126
1699
1429
3924
3139
5551
630
5419
425
2863
4890
1706
2164
1588
25
1504
3854
25
482
1631
2220
4930
5538
4904
1178
4718
4373
2900
4584
1185
3003
1054
5218
1210
4890
4107
2911
2374
4945
5402
3688
258
3506
1335
175
227
2200
4929
2659
1480
2196
5512
1215
2200
188
1549
1636
5695
1650
5062
4342
1352
16
4521
62
4658
4702
1953
3139
3933
2949
5402
1638
2380
4771
2332
835
5419
1601
5322
5499
1391
1131
4994
3313
4819
2474
5049
1269
4720
1407
425
4286
3576
2520
3139
1601
5254
5714
3725
2164
590
2189
524
5686
5419
833
1460
343
1287
1137
5022
2200
1692
1699
474
4555
2146
1928
5342
3139
787
288
5303
3308
2876
1775
1178
4351
1601
258
2615
5561
3139
1371
1405
1185
2514
3139
3484
2333
2724
3273
2615
4438
1300
627
1890
3727
3919
4014
5010
1516
3447
2200
2325
1973
2462
4784
5370
2345
5402
1558
5587
2122
5062
937
4373
4890
3139
4188
3410
1681
3653
4323
2571
92
1763
4592
3139
489
304
3781
4181
2372
5221
3139
-1
1635
3072
4718
3508
3139
321
1163
3592
4287
3341
650
1307
3139
1429
1429
1073
4878
2587
3139
2196
724
5006
5436
2269
1601
5293
1692
1681
2895
-1
3377
1016
482
4785
1429
2762
1829
4890
25
19
4417
2149
3946
602
3139
4598
4463
196
304
1800
2989
1116
425
4891
4945
4533
3582
4611
4720
3139
1298
2762
1331
1298
3591
25
425
331
2150
5080
4142
2196
5587
4474
127
5062
4158
2724
5402
3280
3920
3396
5133
5087
5732
2122
1945
837
5440
1431
1830
545
3141
5587
3695
2824
5547
4615
2345
3139
2196
2914
3041
2645
4695
937
4944
4158
5689
5142
5213
3192
2196
1468
1699
3896
583
2390
425
4777
5650
3781
113
594
2762
4720
1269
3905
1168
5488
746
5171
3066
24
4901
5466
747
993
5402
5628
1597
1583
5316
1452
1809
193
3820
5587
2440
5740
2101
3064
2113
539
3003
2196
1269
4014
3139
1139
4086
2196
3789
1452
3139
4906
3852
3139
1779
5111
4906
3139
5022
827
4265
3362
4615
3139
1429
1796
5691
5402
4815
2619
5239
861
3569
484
265
4354
3400
5062
425
2753
5077
4158
1759
2520
1269
5362
5333
5402
5595
1339
2196
3069
3074
1410
2182
4316
1583
111
2548
1339
3139
2882
3427
3591
1844
4544
1616
2196
1759
3139
1374
3643
1405
1601
2882
485
2825
2986
1297
1752
25
2873
3240
5595
2930
2285
1588
3650
1185
1135
1217
5172
4261
2911
2335
-1
1095
3139
2095
548
3667
2989
3994
882
4341
3592
834
695
2196
1480
889
1468
1504
1282
127
1016
4335
304
4679
4654
-1
3139
4312
3813
1230
183
152
5426
400
5177
2989
3641
1307
3782
1066
477
1949
2122
594
5471
4332
5260
4080
2122
4998
2662
2243
315
3240
3139
1187
1044
3074
2463
5402
1943
-1
1106
1339
957
5322
401
1187
2548
2267
5402
1272
25
5621
5108
2380
4506
5068
3838
1206
5150
2097
2562
4513
5061
3714
2880
3139
5491
5729
850
2324
5062
229
2364
4005
3072
3393
1898
4758
4836
719
5050
-1
2635
4570
1095
1429
957
1016
1570
494
3029
1809
1206
1452
1429
4890
5133
342
5087
1210
2762
1157
2925
3139
675
2750
2099
1054
2189
3697
3139
5587
3139
2153
3139
5254
2200
2901
2096
25
5318
4658
2874
1797
5695
2420
1296
3967
4111
1152
275
4993
4255
3865
1601
16
1168
1230
1681
284
1354
3139
2527
5062
5085
5497
-1
1145
4117
1843
1167
4998
4192
90
4902
3974
1829
1354
2865
547
4575
4316
2098
3528
82
1675
1762
1215
4884
5497
4142
1945
768
4778
5254
2867
1185
3003
954
3240
1636
339
5419
4222
614
2279
3139
5629
1206
3308
3139
3396
1636
5598
3628
700
1614
2463
4787
1494
2189
425
3800
4111
4984
2135
628
433
-1
2863
486
482
227
4003
5393
2306
2489
2148
1429
4770
5164
1307
1998
285
1479
446
4222
1427
3191
4162
66
4195
1480
5082
1508
1777
4039
923
3139
1699
2200
2735
4387
962
1429
425
2192
3139
297
1465
5587
5402
25
41
1298
1273
5412
3485
2943
227
623
2285
3139
3139
2514
2834
2248
482
5062
3596
4890
3621
2195
3077
1664
5654
1902
5085
5433
-1
258
2911
1945
1405
1016
5364
1458
2195
1432
2390
3996
3499
1410
2285
2939
3139
2190
4933
591
4826
2159
1725
5687
2135
5200
3738
4902
303
1298
2113
425
4492
2724
3139
2867
2825
785
400
3630
4287
1283
719
1964
2911
5155
1905
4871
4032
1405
1206
3139
4966
1945
3188
5297
5648
1012
41
3139
2325
2673
630
4162
4665
-1
2438
5502
3148
3959
2603
1722
4453
5521
2146
1193
-1
5062
850
2196
3980
2285
1101
1921
2876
315
5214
2569
5161
214
540
95
5254
5236
4181
1699
4039
3194
1234
3339
4497
1498
348
595
5377
308
1298
3240
4226
1058
4371
5162
2516
5497
53
1914
3863
4371
2196
591
1588
1007
1425
3139
4945
2867
448
2257
1123
5271
2164
2762
243
3472
2200
1584
5062
2638
3721
3676
2195
103
5587
5089
4226
5132
5336
3623
5665
4193
1489
2615
16
612
3401
5402
5240
713
5587
1479
4127
2196
4039
5077
4626
425
4176
1298
3029
195
3730
3139
2841
301
5112
630
5712
25
823
4720
2699
4689
5271
4802
5159
4695
4877
2333
3450
1504
3965
1848
4223
5609
1405
183
5706
1217
2196
4192
4966
1928
2724
594
3191
1016
1588
2810
5057
508
2548
324
3229
1692
5402
2115
5062
1694
3054
1405
645
494
4497
4720
3867
4238
4406
957
4945
2196
881
4354
2934
4398
1817
4695
3139
3592
1414
3072
4693
4142
4442
3875
3067
4383
943
1672
3931
5402
2645
1297
1085
1727
5062
2383
1681
1506
4215
5449
2239
1359
1300
66
2613
2312
4032
1900
5587
4238
5650
1429
844
4725
2196
5384
1376
1307
5683
4026
5527
3939
5466
1480
2762
2369
2000
2882
2189
5714
3820
3139
583
5574
4713
2194
161
666
3945
4945
5068
3711
4162
5402
475
2325
5117
1664
4575
1437
1356
2390
3139
5551
5744
2825
3217
4591
2393
2619
4984
4830
541
1352
3830
3055
5109
3139
5612
1944
3139
282
1429
198
3289
425
1482
1897
1339
482
2724
2196
1152
2200
739
2196
4429
5595
443
461
2196
25
3349
3449
482
1699
1000
2257
4559
5062
2100
5211
1452
511
1163
2196
-1
3139
2619
5121
3595
3139
1507
4319
25
3713
5671
254
1465
2195
2801
2762
179
4966
4373
3095
993
337
2257
5402
5195
3139
5651
5062
3875
1568
5305
35
5455
3139
2691
3139
1776
1269
365
56
2174
-1
2196
4654
3444
1126
1644
1931
5180
4559
3470
3485
1902
4983
1807
3139
2813
2285
4763
5049
1300
3139
3132
3401
823
92
4502
3139
1573
882
1206
950
3756
4513
2196
1128
2164
1016
3308
4111
3392
2196
934
687
3347
5271
4039
5521
1178
5512
2543
2328
4188
3046
1517
5402
2883
1044
41
3332
1427
1409
3615
1338
2196
263
1354
4564
374
5123
3980
5528
227
4517
1429
5045
1230
1713
1475
1681
421
485
5362
92
1106
548
4110
681
1168
2645
2066
3308
1781
4392
4947
3147
5287
1012
2876
2685
5086
2949
1595
916
5402
3743
2619
2440
3702
4539
2973
2908
3448
3139
2758
3500
407
5243
1854
4237
5507
1984
4226
1897
5587
1699
5122
2200
2495
2327
2345
25
5575
5035
4312
5262
227
-1
5387
425
1339
5592
2648
195
5022
2447
2200
2944
1636
515
2159
3210
2462
4315
4693
-1
2196
2932
3139
595
1206
3333
1300
650
540
3308
4158
916
1307
3139
5271
1583
-1
1796
5574
2560
3222
3386
2462
53
2155
195
5700
5497
3287
5048
4157
3139
3139
4976
5142
4740
4966
2430
3003
510
1379
-1
4367
1636
4188
3641
3837
573
353
3396
5313
5402
3781
2327
53
5304
-1
1902
3787
5049
4957
3139
5540
2196
1583
227
4232
3003
2813
3139
3682
5414
5140
2196
2724
4406
1429
2658
252
2269
5122
3621
5140
414
3930
2615
4427
4720
5110
3869
2703
284
1521
5362
645
5746
638
1434
4986
1366
4851
4126
5706
5587
810
2196
2189
1465
5473
2567
3392
872
2376
1339
5049
332
1307
3761
3139
3317
1429
4292
669
5031
53
2830
399
1601
1082
2196
2269
4966
304
4998
4040
4184
41
823
102
2778
4238
4945
1429
3139
227
1244
2122
3485
3315
4087
1294
3467
4945
-1
4342
923
4078
4945
5523
196
4912
4598
195
4966
1145
1506
1945
716
650
4966
2200
4182
1429
3035
5062
2146
3401
3139
382
4890
4276
5160
1996
2245
937
5362
1608
547
2813
2007
-1
748
3958
1157
1623
2364
348
1905
1430
1509
3997
1671
3880
3308
3072
4603
425
4619
425
3308
639
5402
3650
3849
1298
376
1463
2247
5664
4634
5262
1757
1829
3139
3292
2227
494
1836
1429
425
4298
3950
1307
3800
2218
2711
4438
1482
4765
1283
3813
25
254
249
2196
957
2882
2122
1160
5348
2623
425
4645
3048
2610
3084
1206
2517
1405
5362
932
2338
3387
1947
3991
787
875
5362
586
2333
5402
109
1101
5726
4482
2762
2084
2903
5739
2724
2496
99
4484
16
4238
2619
1307
4438
2882
2195
4995
2176
2762
1313
5062
5210
3139
4252
4651
1674
3139
1778
3462
936
3061
2444
3139
722
740
4890
4487
2100
1379
5423
2451
1185
967
4521
3308
3876
1407
2327
253
389
623
1614
5491
5598
4417
1210
5249
4814
1874
1101
2196
3988
5497
1405
4986
4923
4007
3308
4527
241
-1
5107
5671
4231
53
3139
3862
2882
4039
3592
425
5402
1998
2838
5585
5373
5154
2196
338
1619
482
1578
5547
203
425
425
4200
2383
5348
2838
2114
575
1121
2164
1756
2285
450
1298
2191
1776
1673
5191
661
3139
540
5475
2376
1313
2377
539
1359
123
2376
785
41
4836
4720
937
2510
1482
2314
1161
3736
1534
1230
3139
3870
5077
3222
451
3139
3139
923
975
195
4188
2974
3053
195
4786
482
2333
4729
5254
3107
2021
887
2435
1601
5714
1511
1313
243
2420
2465
425
2240
2503
2435
4040
753
543
1222
2131
1573
1283
1785
1101
3241
1823
1860
1152
594
425
3396
1465
4287
2813
2574
1427
4272
4602
5182
1606
3580
1885
1601
3139
3003
1775
2470
4381
2383
41
1570
5172
-1
469
923
3072
2515
2465
1017
835
5198
5028
3264
2383
2096
1230
3576
514
5362
4825
4131
5062
5576
4039
3115
4448
1601
2155
4151
2294
4720
2187
1058
432
3240
3675
303
526
1076
3468
3781
1144
3513
3160
-1
989
3139
3139
957
1300
3139
5402
2019
1800
2825
2196
1429
3725
1210
1636
425
1194
4373
2770
2538
3875
25
1294
2286
5156
3317
243
1876
2196
923
4598
3621
-1
1583
25
25
1298
1429
630
4495
1001
425
1466
1307
3039
-1
1465
1583
4497
4393
2196
4007
3707
356
4760
5062
3296
1183
5709
-1
857
1429
3139
3242
3054
2703
2934
1870
4733
1757
2838
429
5480
425
594
49
2365
3139
880
4718
4129
5340
3580
5402
1161
3139
2314
5213
4570
1830
4266
4966
1044
1178
3242
4269
3139
4097
53
3933
5472
2189
763
3291
2196
1095
1804
5719
3650
485
2420
2910
5049
2835
1405
1608
2167
3139
5402
3139
2751
3405
2187
2196
3066
3139
5714
1173
920
5086
3615
3139
4096
3562
4650
823
950
3113
25
3257
-1
2651
5402
2306
2331
2691
25
5062
743
3072
3069
5587
57
993
4126
2380
5164
3760
2924
1967
1703
5497
3875
3162
3308
499
2443
4884
1744
2462
2934
2691
3139
5547
719
5093
3820
2016
4437
923
2658
1529
1313
5642
3676
1230
4877
2024
4576
2694
275
3139
3067
5062
4801
122
4226
1504
1453
4356
4683
5391
4743
2516
4564
5123
3933
5402
2471
3139
4912
2414
4890
-1
3302
3851
297
462
4032
1699
1636
1664
5162
5587
2130
5616
3136
4155
5141
1119
4497
5318
1452
275
5724
5496
1300
4720
425
5062
641
5049
5715
-1
1016
5271
923
1780
1313
1307
2389
314
4802
4693
3139
2450
3139
695
465
1307
5576
5132
3315
3621
1193
2328
827
5402
4348
3792
25
5082
3554
5419
452
2354
2551
2467
5119
4032
489
4004
3725
3875
951
-1
1681
4615
1300
1890
1307
3139
-1
3238
29
5040
1583
2652
1850
1699
5746
243
3296
4569
923
2572
2237
2196
2671
330
3887
1012
3115
4504
4889
1312
787
5213
5254
1512
1625
5195
3139
808
4934
1313
1471
2304
1887
195
1857
3039
425
4968
5249
1569
5583
4225
4038
24
3240
4999
1210
3757
1556
5122
5402
959
1471
4772
5285
3595
4944
4618
5587
4074
5258
482
3113
5214
5022
5591
4966
3991
5587
4381
5003
2671
607
1448
852
3820
5271
1854
5598
5028
3139
3136
3040
3139
425
249
3139
1796
3139
2840
1777
391
3654
3139
4158
147
739
1902
2326
3139
5062
166
2691
1931
1195
4280
5497
3955
34
1104
4039
1829
4825
193
1661
2403
1932
5028
5339
1230
2147
3591
2360
4587
1631
4874
1776
524
5049
1727
2350
536
2882
1757
2196
1354
1313
1251
5524
5616
2777
3205
2489
473
1240
1178
5062
1004
4529
1703
3139
3773
4211
3054
3037
2517
3067
5311
5742
5304
1979
2285
5087
4978
2372
5062
158
1168
303
2431
2390
3139
5471
94
5087
4197
3997
4142
1206
3621
1661
4815
1131
1307
3028
1424
5254
3507
2615
5362
3107
2794
706
1044
5165
1692
911
5616
3139
5499
4792
1057
3198
4868
5059
719
474
4792
2098
4657
2665
3615
1117
2515
5714
5565
3072
932
4099
2953
5062
482
787
4373
2016
4966
1019
2196
3838
2160
1452
1699
3444
5611
951
5538
5538
1179
5587
5587
2190
4998
3177
1481
2085
2196
1945
4184
1475
2420
3308
806
1405
275
3139
4111
5497
203
369
2196
303
1297
4986
1323
1795
5218
25
1598
1546
4998
1161
1914
1428
4720
4493
5271
5742
-1
349
526
2762
1309
706
2266
2548
3616
2122
703
792
882
2649
5235
227
4890
2200
1622
1681
980
4383
1545
611
2630
2837
5742
3033
4226
4287
1429
3703
1506
3338
3139
2055
3986
421
227
1664
4890
3139
2501
252
25
3139
566
2469
4104
1101
4761
482
5254
5050
719
425
3308
5177
2009
3341
184
3688
2160
448
3139
4896
2762
4177
4900
4125
3495
3934
24
716
586
138
258
4772
2196
1897
5547
177
3139
3566
425
5419
2196
3875
3809
425
3317
1240
3865
4576
5049
586
3139
2630
1354
5717
3066
5050
25
540
482
2508
1355
5062
4004
314
2164
1800
2477
5725
3164
255
66
4311
4484
4007
556
3098
1992
33
1861
4809
2818
5194
5333
3139
41
2473
4654
378
2196
425
2682
1722
4435
1452
5062
2548
3139
12
3139
2125
880
950
2543
2196
591
5419
5106
53
975
1330
548
1776
4720
639
3485
1809
2884
4045
4966
3621
5183
4890
5545
1624
1482
4478
1016
4497
348
275
4718
1650
5587
4214
3139
4718
3046
2325
3066
77
2390
3139
915
1800
2670
1339
2615
3041
1269
1158
3885
1392
2762
590
1307
2830
3946
4713
1813
3139
2548
2719
3651
258
3139
86
4048
3007
411
-1
51
4230
425
1914
99
2230
2196
1269
3570
1462
2327
740
4415
4149
470
4915
2935
4944
2013
25
3491
5146
4747
5263
3558
2724
285
1661
2160
2454
5627
4158
5497
1229
5657
4555
630
2374
5571
2697
3139
1793
1832
25
2164
5624
5280
1699
3139
540
2383
3057
5133
4959
4771
3136
4158
790
785
5628
5683
2183
2779
5049
427
425
1429
4689
4039
2285
177
3139
5013
5499
4226
2762
1047
2660
1834
5652
1451
5062
3437
3875
2016
4044
425
5313
2314
1427
1325
5128
3139
1429
2473
2971
2096
4521
2196
4508
3077
3139
301
-1
5502
724
1178
2266
25
5037
4416
1143
5378
4392
485
408
1313
3917
1410
2383
1465
2159
5062
5138
1711
1332
2943
2364
-1
3114
5132
1636
4185
3139
923
5271
5471
288
1
2260
5333
2292
5587
5587
3139
787
3139
5435
3139
4556
4337
2146
1298
4158
3293
4786
1583
1095
57
4439
1313
3107
127
1876
521
1095
2998
5000
420
1167
25
3427
3903
4541
2196
687
4028
4966
349
4608
1405
1405
2096
2825
3485
4280
2011
1427
484
5674
4618
3695
4348
1101
4763
2383
5087
190
1429
1697
1185
1230
2570
1313
1157
482
2195
2921
3485
2781
793
3507
5232
2748
4548
5667
971
1255
5214
1244
4561
1291
3139
4437
4282
3732
448
5003
2890
41
3139
3057
2813
880
4784
4162
4458
4082
396
721
1914
3427
2275
4718
5336
547
4746
3878
1681
193
3676
5554
2768
1016
785
5402
3308
2241
5111
3022
787
4561
3004
1945
460
482
3369
2059
5183
4458
5271
1408
53
5295
5269
2260
744
2566
2420
1184
4151
1095
5427
4777
2149
1519
5699
425
1445
934
2196
2196
561
2164
2233
3564
5252
2321
5062
-1
3139
2762
66
2814
3113
3071
425
2196
3887
4315
5477
1045
472
852
3139
800
1307
425
3800
4891
5160
1579
3768
5402
5183
2535
1405
4158
4230
1372
4000
3251
3840
5410
1598
630
2383
1313
4406
425
3139
5402
1083
2961
4287
4332
4708
16
4829
5114
3732
1586
1698
2196
1230
2280
5254
275
5718
2470
5497
4039
5306
1161
2196
1563
3030
1997
425
4919
2066
1183
4158
2699
5313
4929
3945
51
3139
2195
3139
1427
2083
2285
5213
3629
1049
1999
2196
1228
5402
1405
453
3283
1352
5609
1561
2250
3800
2767
4733
25
2196
3294
3768
5724
1715
85
2986
1429
5733
3308
4917
3585
4855
425
3139
5712
810
4564
5433
494
4332
5432
4598
1356
73
432
2520
5326
3139
94
347
3072
127
1387
1539
827
5729
3308
3066
2666
1452
482
3240
2558
2934
3140
5112
2122
4513
5154
3139
195
5466
1216
3139
2364
5587
1737
2196
391
5085
1282
2016
1457
1407
5235
2691
1580
2732
4833
1464
164
2269
3317
1504
2285
2219
2158
1155
4130
1969
3044
4396
2200
3439
1313
5402
-1
3659
810
2851
5238
2121
2345
1938
2762
1069
3039
-1
16
852
4039
2929
695
5094
4098
3308
3139
2435
2976
5542
365
2350
5680
1727
1354
1016
2713
3088
1269
1414
4720
4438
1699
1307
1359
4809
147
4307
558
1793
1082
5210
925
3569
1706
4900
4365
4038
2200
3383
92
1016
147
3139
3369
3139
3308
2096
3308
882
3266
5587
276
411
448
4515
3066
1044
5526
5076
2708
2673
630
2196
138
2196
25
4689
5402
4420
2102
3592
2415
5466
2453
595
950
1044
282
4356
1313
-1
25
3115
1726
3722
1203
4598
5419
93
2333
461
1570
526
1171
2376
1916
504
1892
1044
3822
1081
2762
3830
2122
4601
4287
1526
1941
1475
1183
391
2196
2882
2196
3156
1496
1131
2122
5362
2160
3875
4497
5387
5402
4110
5521
1123
4966
147
195
5402
4713
425
1405
258
25
5197
3361
