2196
4787
5518
5402
5235
5402
2067
5235
4927
5402
4065
1395
5402
3139
5100
2196
5402
5595
1016
5104
2974
3308
993
5402
1704
1876
4585
5402
-1
5327
448
4616
720
3139
195
353
-1
3139
2092
739
2561
5009
4438
3289
4900
3139
41
1594
4730
2333
276
4226
5374
4966
2882
2196
5100
5486
4253
5402
3154
3572
5466
1004
5588
5402
938
3139
5410
5354
494
1723
640
-1
4466
1411
5100
5062
5402
-1
2196
3579
3139
3139
1011
2778
2825
258
3770
5155
4662
275
778
5402
4515
3770
1487
5402
3139
3174
4934
5687
3770
1350
3689
2390
4438
3770
3139
1944
3676
5100
4158
1571
2866
5545
2196
627
4539
3139
5352
1794
5143
734
4099
3770
2693
52
3658
118
3308
1583
2200
4945
2103
2182
4078
3770
3139
3770
1116
2333
3139
4378
5203
3621
2183
1307
425
242
3139
2333
2196
3770
1106
1723
1407
4731
1902
2248
3572
3770
1811
4563
5111
1496
703
3770
1661
3653
540
3572
3946
5140
485
3139
3139
3476
1070
2103
4975
2243
3448
4487
3427
3139
-1
3959
2949
3308
2021
5691
3139
1868
5594
4438
5587
3139
5402
1401
3139
1072
1996
5655
5232
3770
5695
1391
2414
778
324
5402
1300
5497
2081
4280
2637
4833
1699
3139
945
2103
5086
4087
1157
1050
2196
5203
1480
3738
531
4209
2196
5402
1116
25
263
1976
3770
3308
1616
473
556
-1
1101
-1
4822
3118
57
5402
4893
2354
5402
4188
2195
4720
3614
3596
938
5195
127
2364
3139
1841
473
1598
357
4720
1720
2306
-1
5587
1616
3308
4815
2809
1300
25
2068
1116
5254
4188
4039
2706
5354
2489
3308
25
1828
-1
1337
1452
4763
3377
5271
-1
1300
5153
3387
784
2286
3781
1462
1313
5738
1352
4877
1819
425
3874
1616
2499
3174
1848
1339
746
2267
-1
-1
2154
2084
2196
3457
1019
4465
5402
3139
5402
-1
937
-1
-1
16
3621
1903
-1
-1
3887
4515
2105
4900
1410
474
482
4067
3572
1116
4039
4973
4039
5087
1552
5111
3308
2583
5087
1661
1095
1116
1427
3139
4181
2196
1300
2096
2809
294
-1
3139
3591
1787
3875
425
1016
1167
2531
2285
5513
1661
1616
3003
5313
5402
2029
3634
5111
4771
4815
3387
5087
4572
3770
5087
1824
-1
5152
3148
3770
5254
2516
2762
3139
4771
3770
4038
4265
1816
5203
1723
3423
3308
3139
1079
5100
3308
3388
5402
1016
25
3308
3139
5642
3139
1976
3383
520
3821
2016
4109
4287
5547
1468
3174
4966
1342
3139
1976
938
754
1939
1530
3572
5611
-1
1307
3139
1445
5402
1868
4525
1897
5272
425
5566
4564
2196
5203
3572
2619
187
4287
1840
3139
78
2228
1598
3770
425
5111
2196
1331
425
3676
-1
-1
778
-1
4287
1976
4771
732
5402
-1
1085
389
3315
4884
1723
5319
4039
4829
5402
5561
2196
3904
3770
3682
1665
1873
5402
2779
5271
285
3308
5087
4225
2150
3596
-1
-1
3139
4210
5062
2825
5444
3393
5136
3676
5566
2414
382
1976
3770
-1
3840
3139
1931
4287
4194
645
3770
4158
2838
5133
5088
1661
425
3139
956
1976
5176
722
1116
3904
1616
3139
465
761
5354
704
4497
-1
1616
5240
4226
92
3770
425
982
2200
2849
5495
4807
2706
-1
446
3308
1616
834
3139
4628
5387
440
3335
2903
2975
1932
4267
3870
1972
3139
1398
179
2182
2661
2873
2911
1969
2779
5576
1429
906
2441
1307
4566
3482
2043
2196
1721
3497
2762
403
5203
3308
5087
5077
288
-1
5587
3837
4223
5482
63
3505
1116
5288
4567
1270
2882
-1
5402
117
288
4269
3382
425
2574
-1
4223
2414
5185
4890
9
4053
3770
4265
834
645
25
2779
5473
2243
3745
2196
288
4287
4067
2977
1044
2516
1651
5156
3308
2809
1429
4506
25
25
4776
4411
5402
25
3690
1224
4946
1661
1616
5232
751
938
4771
3074
4945
4039
1616
5047
3382
2196
4711
3136
5587
482
-1
3334
3803
5558
5402
4226
5087
5402
288
5729
1073
3653
5466
4287
5714
4390
3040
1616
508
3572
904
1323
1320
3139
3139
2122
3770
5720
138
3623
1579
-1
2073
2307
5087
5600
4998
-1
3139
4058
4223
5664
1093
2290
4771
-1
86
-1
5673
1307
630
2228
5402
3139
-1
-1
25
2290
1298
3562
2851
25
1270
25
34
3820
1240
3770
3473
823
-1
5250
5062
4287
3240
227
1636
127
5067
5554
5402
5354
5576
1137
3032
4067
2841
-1
-1
4912
4795
3139
-1
2401
3139
3163
249
3796
4771
3317
3770
2762
823
527
-1
2122
473
3622
1480
5384
1012
4890
25
672
3622
288
4079
2378
2330
1480
815
2780
2459
2799
2615
3139
2843
3568
3171
1231
4763
1016
4287
1443
2200
3171
4158
3027
4053
5402
4939
4392
3203
5402
4134
5402
5402
1480
2015
1054
5451
1116
1200
1184
4951
5445
3829
3139
4834
1616
3392
3572
3483
24
-1
4223
1116
5402
-1
5491
1016
3572
2252
4945
2474
4815
5133
834
252
4890
2290
4827
4771
2246
3139
1429
3904
3139
3139
2609
3139
5171
3139
3572
1632
1044
2084
25
4945
3139
3657
425
2886
5402
-1
1616
5402
425
3800
4515
5203
787
4
425
-1
5139
3139
3232
2196
3095
834
1429
561
-1
2103
4929
3622
754
2706
3139
1207
254
4065
4438
-1
3770
3621
3074
1313
1157
436
1429
3139
5162
5087
5402
4770
4049
2414
4400
3139
4366
539
1276
2081
2871
4371
5087
3139
2414
127
1243
3825
3139
923
2762
2891
1480
-1
1116
3770
425
-1
5402
4649
680
4493
383
1996
5062
3746
5662
4420
5467
1583
3770
-1
2934
2208
4226
876
4660
3752
3497
4808
3308
3389
5466
662
776
25
1845
-1
3171
1945
1616
776
5402
3622
5203
5289
1138
4718
2694
866
547
1616
1172
2523
694
-1
3139
1269
3240
508
834
5518
1298
5165
288
2401
4007
4287
-1
1925
4562
5426
626
682
3139
5139
469
162
-1
834
781
1095
5547
3329
4753
3139
5012
288
907
425
3572
5354
2184
5402
4905
2196
-1
2189
2196
4939
5037
1928
5384
-1
1427
1313
1347
-1
3200
2776
3770
1470
3139
-1
3139
5087
3621
3572
3835
2789
5254
4771
4515
1270
4039
1168
41
1470
5117
59
2562
4039
2934
556
3139
5037
591
1429
1775
3495
3139
25
3139
3622
2612
3462
5566
4463
4576
1003
1269
5092
1195
834
1616
781
5087
4421
4771
938
2973
3397
2091
25
2073
232
2177
57
2285
1429
79
3363
2463
5471
3308
2562
3456
3497
4486
1903
1925
5566
5087
3763
1427
5062
1095
1976
-1
776
2149
5354
3838
1616
5049
2333
2762
3139
351
2463
719
3139
221
3139
1138
-1
787
594
1616
1095
5542
5402
5203
-1
3308
936
638
1095
3650
25
2328
3441
521
2121
-1
5730
3939
3139
3439
3079
1072
4067
5333
1610
1699
5037
2401
1366
4669
1598
783
1095
3095
844
5293
1429
4490
2719
3139
2401
1616
482
5353
2410
4019
5402
2196
3259
482
5497
-1
5491
4226
2390
3259
4877
89
3540
2200
2285
1601
4997
-1
80
2243
4771
5087
3259
2165
-1
1070
2863
918
3495
4255
109
1376
2285
3139
4290
2086
2372
425
5647
177
2132
5491
1172
5232
1925
25
1583
5671
-1
2297
3428
360
2290
2326
5022
834
566
3474
2776
1798
1429
-1
4521
2594
3215
4226
211
918
-1
1691
2290
3895
1157
469
2857
1099
918
5431
2918
5087
1044
3183
1925
1116
5087
1844
834
3622
3418
3139
-1
5587
432
1600
-1
1699
2995
2194
1095
-1
1298
2948
688
2236
2285
419
3139
2285
2724
3949
252
2196
4226
2810
425
5087
4484
3572
469
776
482
5135
2382
4978
5254
1831
599
2724
888
3086
263
5123
41
2776
4188
3572
1231
1168
4225
1601
-1
1295
156
428
5111
2124
1407
5015
2569
4621
2153
3492
3308
1036
4771
920
2724
4718
5419
3139
3572
3139
4287
3139
832
469
2724
3770
4876
5162
5139
3999
2153
1661
2196
4430
2618
2548
1095
1116
3171
1330
1016
2196
3862
5733
1095
3139
2281
3337
4265
2182
3711
5650
-1
2394
3139
2645
1466
591
-1
5384
2196
4107
2891
5500
834
4224
3622
3840
2562
4567
1751
957
275
1072
252
3317
4883
227
3139
25
872
3139
1536
5402
3093
932
324
4961
3139
1429
3139
1300
2786
1616
3485
4848
3139
1116
5726
-1
4903
3596
3139
825
5528
2196
2326
1016
4386
4844
3139
5587
2290
5399
2196
1019
3171
5575
1270
3139
5107
4223
1078
3258
3676
5518
4692
1616
2321
-1
4871
4771
3596
276
2357
590
2585
1298
2489
227
1567
2842
2255
3162
2760
3139
304
5221
-1
689
5062
4901
425
5037
-1
4295
-1
1925
-1
3572
3752
1480
5402
1465
4287
3139
2569
25
2263
221
1044
2706
3139
4478
4669
3242
3419
2285
4559
2285
1969
4856
4529
-1
5687
469
25
3788
3308
4047
2196
4484
2601
1699
4515
2218
3174
1168
4888
5402
1168
3838
3770
1379
781
1273
5232
2196
5384
2593
-1
1007
2762
4529
3139
1429
719
425
3875
2285
4720
938
5049
1616
2196
-1
28
1362
1307
5599
2691
4945
3725
1583
4295
1168
4549
5695
314
3863
4373
872
18
5139
-1
-1
-1
3621
-1
5747
540
2682
25
3518
594
1092
1601
3308
3826
556
2531
4287
1470
7
-1
2762
1016
2668
1588
36
2503
3752
5183
1636
2401
3139
-1
4939
3139
1298
2196
5051
5330
875
2585
5566
754
3542
1429
-1
2390
4890
-1
2333
351
4225
1069
2837
-1
1148
2267
1714
5122
2383
996
2100
25
5037
5616
3139
3259
3550
3139
5336
2619
5049
4219
1036
27
5049
-1
688
2779
747
460
5019
852
3487
776
882
4316
688
16
437
3413
-1
5695
3162
1782
1512
5037
1425
5587
4564
2414
1429
3139
630
3382
2122
1172
1095
825
1313
-1
1172
5028
288
4017
1470
872
594
1889
1677
323
482
3139
2989
2706
3308
2257
56
4777
1351
4886
3215
3949
4001
2376
226
4405
688
1427
5402
1322
185
3308
1486
2813
4876
2828
2285
323
2692
4771
425
24
3770
5402
3308
4836
3621
4417
1030
5575
288
3711
5111
2153
3097
2374
3139
227
2285
5652
4039
3770
185
3518
3139
3629
25
3139
2465
5286
3503
3003
3979
4471
4590
1313
1160
3139
4482
3039
2196
3676
1095
1583
113
2228
4158
5049
2800
3308
3928
5111
2287
1185
5078
5028
1661
1606
3593
5139
4215
5100
3171
5518
3139
4944
2191
1270
776
3139
3162
2762
1172
776
4232
5630
3943
3139
996
1944
931
4100
275
1979
5738
3808
5087
2130
-1
5085
1307
3621
1874
2399
2068
4226
-1
632
2706
1003
3162
2196
-1
3875
5566
5491
1722
2314
776
3363
834
-1
4229
1632
-1
3136
3528
5402
-1
561
3716
1172
1003
5402
1307
628
-1
3139
1095
3676
4295
3257
2251
3139
4158
4226
1999
2196
4065
1307
3061
4669
3622
2326
1850
425
1583
2776
3139
2760
2087
3139
740
1036
5087
1480
4088
1833
360
1307
1270
3139
4209
5747
5384
1480
5326
2196
1254
561
2523
3139
25
5254
3139
5402
1095
1429
1969
719
4876
1723
5062
1042
4587
2285
1993
1289
1226
4157
2933
1384
4742
5402
-1
2171
4197
5698
400
2376
3943
3401
3162
2269
3325
5671
338
136
1204
591
-1
5469
4148
3989
2516
-1
4223
1307
4771
2685
1928
1465
3691
3114
4437
2868
-1
3651
834
590
3139
3762
288
1307
4836
2196
986
1095
4939
5133
1307
-1
3139
1179
4039
-1
5006
-1
2269
5402
865
1892
560
2850
2164
459
4842
3682
3427
4222
4039
1071
-1
-1
823
1664
5384
-1
1943
4326
3139
3139
5737
2431
4720
3136
2406
2401
4912
-1
4238
4887
688
1138
3887
5616
4890
1653
5471
2200
2033
5271
5062
2196
1298
25
630
4634
3920
1976
746
2460
785
5598
3194
2326
3388
591
3945
482
4515
961
4039
1313
5111
5156
1420
1470
1564
4226
25
3875
1360
2326
2704
5402
2619
5387
569
5747
5572
139
1793
3139
409
1393
3240
3139
2619
4019
5177
5123
177
5405
3139
-1
3499
797
5049
25
-1
1462
3839
5160
2196
2850
5402
1298
1470
613
5671
2170
4771
4072
-1
1352
4079
5650
866
3139
4383
5119
5232
3682
3308
590
288
508
1210
4158
5505
2196
5228
3139
5111
823
1588
3139
1230
875
5087
2724
3184
5491
4569
5402
-1
533
169
2401
4387
-1
2760
-1
-1
25
4158
5737
688
1101
719
1307
1313
4688
1269
743
3139
3572
872
2191
4771
4633
688
3139
4274
702
1994
5077
2616
5402
5412
2196
4440
25
4393
-1
4397
227
1429
2333
3160
2196
4654
3222
1661
5474
3139
901
5671
4373
425
195
1210
4195
5384
3264
4420
4497
4529
4743
5540
3774
5062
1588
1204
3062
3643
1465
1234
1319
5538
2760
-1
1427
243
5487
3139
4689
1095
-1
1307
1727
1298
1538
3904
4024
1254
5642
4691
5384
3171
1016
4025
3139
3139
3136
4039
1298
-1
2958
3139
4529
1831
411
185
4270
323
4771
3800
1225
4315
-1
3003
-1
1307
5395
3383
5674
4802
1508
3943
5062
354
688
1969
2122
351
195
285
215
-1
5737
2153
3367
3139
1504
3171
2269
482
3506
3889
1240
3155
3497
1204
3469
1101
25
1616
3528
1470
2390
3770
2828
5402
1913
5111
3476
688
336
2414
323
1294
3160
5576
1168
5213
3139
5419
3772
2939
3139
3311
2196
276
628
3694
4369
107
4497
2983
904
1661
5232
351
391
-1
-1
2401
3809
2153
1307
5393
3190
323
25
5062
689
-1
2868
4467
873
5747
3284
3989
1486
3875
5062
3328
3215
3139
5181
3139
4181
2153
2200
2384
-1
3139
778
360
227
3543
5271
2200
4890
3139
2279
2902
3139
3770
2182
-1
4645
834
3139
3903
5471
3139
3139
2285
810
1168
3139
1168
781
3139
2196
630
3139
2285
5111
66
2615
5062
1601
-1
4992
4681
5140
2517
1856
872
3222
-1
716
1405
1269
425
425
927
1323
1661
2638
5037
4733
769
10
2113
3585
2350
4428
3943
4344
2111
3975
539
1036
425
1300
688
4804
2463
3139
1044
5313
974
-1
1636
-1
4720
5269
3875
2306
3139
2241
1008
526
1168
-1
3139
4400
1699
816
572
4580
1692
2127
4274
1764
2753
3139
2325
1429
5566
4844
4114
241
2868
86
3540
5743
25
2957
4771
2196
3768
3308
2285
5213
1541
-1
3139
-1
571
1685
2200
931
5402
2326
1462
965
1601
177
4222
2977
5119
2200
2746
4992
2833
3139
583
3139
25
5499
3095
4957
2222
425
5133
2196
1586
-1
1709
41
2554
4158
5364
4844
5408
5212
2275
5119
3884
5402
3139
3852
3869
3809
5587
3444
1468
5671
5733
3613
3104
-1
4381
4768
-1
4771
1685
4992
1462
25
1462
77
4223
3139
3497
5203
1709
276
425
5062
1699
25
5269
1429
540
2367
5232
2882
2285
25
3989
3038
3949
1168
-1
-1
3980
4661
2972
3187
4039
2750
2673
5028
441
962
2196
1529
2200
4265
4039
5642
2814
5037
2456
3367
1636
2552
-1
3543
3139
-1
3057
2091
3139
4195
583
2750
2200
1036
5566
1162
227
3288
5303
3987
2228
2750
5142
1722
-1
3678
90
-1
688
2809
632
2825
4199
1072
4986
4399
770
1601
4103
18
2762
2285
1300
1269
4833
3139
3596
1981
5737
688
3497
2760
5031
536
303
5587
241
-1
425
688
671
3139
4147
5402
632
1528
1947
4158
5062
4674
3772
3963
1468
25
4787
4799
3139
5435
3308
1238
4344
2220
3946
3684
4158
4118
1670
2746
3528
2200
5061
3495
5616
-1
323
4147
25
-1
25
2474
4266
3864
5033
3943
526
4975
193
2809
5713
3139
-1
3308
3869
4810
1373
1470
3057
3139
-1
5281
425
5062
3139
2327
2877
4836
2585
3734
4785
-1
2285
3139
5579
209
4280
3139
834
4763
2285
3621
3581
5049
2780
571
5471
526
227
3139
288
2371
-1
227
594
1677
3875
1054
5200
-1
1269
4687
167
1804
1016
1793
938
127
4772
1470
4566
1003
3621
1054
2269
3623
4447
2269
1685
-1
3139
5671
1709
5499
1949
3139
5576
4772
4992
4427
2760
4062
1405
875
2376
2103
3540
648
4802
3139
3139
4929
1616
1083
4337
651
3828
1236
3676
561
3003
5402
4771
5254
3139
4226
2815
36
3989
3838
1157
5313
1036
-1
425
615
425
2276
975
655
-1
3433
-1
2578
2122
3518
4615
2585
1468
-1
4771
3687
195
577
3606
2374
5318
1470
3869
4039
2950
1636
3139
3989
1307
1230
4890
2462
-1
933
4074
4420
2746
484
5104
2153
2196
195
1528
5512
3572
2196
3162
661
425
4162
1681
2257
2140
3139
1152
4718
2863
1601
227
2370
185
3288
1796
1230
4158
469
4815
4039
5000
1661
623
425
2196
2196
3139
1313
1259
5429
3139
5545
1298
1692
3621
1452
1601
4884
2333
2196
-1
-1
3139
4014
2383
3003
5062
1116
3139
1931
1295
2825
937
731
1168
3139
4179
2883
4763
689
3139
526
1452
195
209
288
2023
1298
2332
1298
5062
735
1601
3873
5213
875
-1
1722
685
5130
2224
2768
3139
4394
3989
3613
2777
-1
893
1168
1995
5165
4181
910
4643
-1
1780
25
540
1597
2615
2706
4332
2762
3139
5402
3139
5203
3327
1019
5695
469
-1
791
2196
4871
348
1699
172
5737
2762
402
5213
2196
304
5545
3162
4492
4226
2619
823
793
5343
2196
834
2360
623
2792
2062
-1
955
3433
3136
5384
586
5177
2196
1177
1300
261
4358
425
3139
-1
-1
1277
310
3051
82
2196
2200
2825
3479
1307
1601
1518
3869
1601
5384
-1
3476
5548
3003
4772
41
4482
1672
1504
1404
3139
-1
1636
1036
2153
25
1269
2196
3833
3218
5254
5177
49
482
719
630
688
540
1692
3433
3833
3989
77
1692
3681
1661
2267
425
2882
4966
-1
-1
1616
3139
53
685
3139
2809
1152
30
1347
2205
5542
1087
255
3072
594
425
3615
261
25
2724
4890
3848
2794
4771
4631
-1
3139
2196
4648
5111
614
-1
3908
5109
5155
1429
3158
1095
5062
583
258
1230
3139
3561
3057
834
980
4792
5502
25
4802
310
1095
2685
1699
4945
3572
3849
5491
1723
-1
4196
3726
2130
4226
-1
2260
1583
1692
25
16
4941
-1
2998
4223
3869
5402
2968
1307
3989
4771
4772
4890
5671
980
2813
4802
425
5003
3308
3822
-1
3139
688
4295
1307
2644
4371
513
562
4039
3139
1298
834
2196
810
1269
4771
1297
1193
2196
739
3622
425
3924
5354
1429
3272
1394
5062
2196
4158
5126
4318
4938
252
5587
2762
3726
5062
3139
3346
276
589
-1
4265
4418
2285
2196
2196
4250
4890
4875
3676
1313
3308
4304
2850
5012
4086
2570
4039
2838
3139
695
3828
1996
2196
2825
787
3676
2196
425
5085
3232
5671
2333
4007
5293
1583
1632
4415
4153
4373
195
2410
267
3875
2163
-1
400
1791
1793
1710
776
2551
2878
2051
2196
3139
2200
5402
3427
-1
1101
4408
4771
360
2084
5671
-1
5728
3317
2350
482
4489
494
2531
-1
482
3878
3572
1273
5062
1414
1808
3308
1723
1095
1601
3875
3800
1549
3139
3923
3339
2285
2285
2296
594
-1
5576
1616
1300
3830
1429
2813
1498
25
25
5164
758
5037
1577
4244
3931
5367
4890
1298
4373
938
4662
960
3776
3139
25
2890
1583
41
2750
1722
-1
688
3613
3139
2412
932
1095
4053
3139
3433
3139
2200
175
3800
5226
4986
1603
2354
4371
910
3506
3622
3139
3139
4397
4044
2762
5402
1320
1465
-1
1405
4437
482
2795
3717
4497
1685
131
1796
2760
4735
3522
3222
4344
3139
4833
2196
1016
249
3875
-1
3354
3139
5105
2097
3708
1843
1601
1765
910
968
2819
4397
-1
2606
3139
4196
4966
4654
1017
2376
4720
630
-1
4651
2196
2612
3160
3139
4764
323
4908
2196
234
304
5198
3139
1016
5491
1681
2164
1185
2724
4298
2283
195
3876
4408
3240
5408
2882
1314
5142
5094
4103
3139
991
5714
3035
618
991
1807
1961
1270
-1
1465
3350
5028
3160
1661
3621
5062
4966
2813
2385
2196
3259
213
-1
4355
2591
227
5576
1888
2909
5433
3162
5062
3730
4890
4000
25
1294
2326
3435
5471
1405
25
4772
2517
223
3136
412
4295
425
1967
3989
1783
4226
373
5140
1168
3139
-1
3770
1601
2513
4672
425
4056
1675
-1
5037
5385
2285
2265
457
3139
3621
4373
425
1504
2762
1431
960
2326
2385
4720
-1
3355
3621
4945
5133
3139
2285
1307
3139
2067
5402
2762
3135
923
815
5402
2285
2734
425
2339
2333
781
1465
3912
351
5446
425
-1
304
4039
5163
4617
2615
5059
2243
482
3064
4127
1095
540
1925
3497
-1
1570
2813
5491
377
923
2269
2122
827
4125
1699
4860
1685
2196
3139
1230
-1
3682
5110
1624
41
4812
5413
-1
3735
1016
630
2463
-1
-1
1161
1160
5062
2590
3139
5499
2724
1725
5505
2715
425
4959
2626
2146
-1
2196
3497
1664
5268
4063
1330
1350
2122
3715
4768
3003
1307
244
4482
1297
127
2756
425
2584
1738
2619
-1
4755
5133
2388
2285
4720
2374
5055
3518
3139
3139
5402
25
3676
1095
351
-1
425
5269
214
5248
3676
526
3516
4998
425
-1
4802
3676
4158
2893
195
170
1836
5357
3139
4183
2167
913
2130
-1
2463
1019
4196
2376
3139
3761
-1
2615
2619
4939
1297
2196
3875
4939
227
5258
1231
1429
752
2146
425
4997
4393
1546
2847
1969
2999
4771
3139
498
-1
4923
2292
3139
5402
834
787
4705
2269
4890
3946
1016
834
5657
4418
2200
2303
5402
1405
2383
1056
1793
2149
3162
3838
2854
1860
3139
4482
5028
-1
2285
1307
606
1003
2998
1616
5497
3682
5502
1849
2285
937
701
586
640
3139
5665
3613
3904
2453
3592
5402
425
195
2285
1044
3139
1116
5491
1313
5452
4508
5402
4280
5087
2903
4418
304
2196
-1
3139
2196
5183
223
5062
1204
-1
5402
2724
2196
5402
1074
2380
3060
2394
443
1273
1095
2285
4752
5578
5152
2971
5280
295
3841
556
3269
4763
3139
1776
-1
689
-1
633
5584
425
2105
482
3730
4226
425
1003
3497
4158
3157
192
-1
5351
2811
2285
1631
3139
3938
2440
4825
2283
2146
3139
425
2102
1969
5475
-1
4992
5616
-1
3139
4966
3770
1185
1300
3139
2882
3770
87
4448
4664
4373
4503
2196
2374
4418
1879
2076
3244
53
4802
2290
3139
2390
3770
3770
4945
1812
425
33
1776
4226
-1
2196
3049
5497
-1
2333
2196
3369
1601
391
2768
123
3238
3023
3489
2776
1811
2064
3408
2382
3887
1848
1036
2575
323
4767
3139
872
4079
4039
5185
5251
3518
1482
4586
182
5049
1532
598
425
2615
5062
1370
3139
3963
4436
3139
1307
719
1606
1632
787
1405
-1
1699
3768
1601
1588
739
2838
-1
281
2619
1925
1722
3621
1429
425
62
752
2338
2515
3800
5497
1168
110
1269
1470
2285
3520
4307
3388
-1
787
3139
2196
5133
3240
2285
3099
2998
1095
3139
-1
4853
12
-1
3139
1681
5576
3139
4515
3875
670
1470
4723
4884
5166
5438
1528
4298
2059
1262
-1
1185
5194
3869
5402
1616
1230
425
3000
1580
2196
1465
2385
-1
5402
5384
5497
1849
4188
2838
4892
3396
3139
1287
4067
4148
3139
425
3365
5471
1297
5530
1429
3528
425
3312
2182
469
2724
2615
4005
4772
4815
3139
-1
2751
3139
1836
1632
3387
4720
4602
1307
1709
5387
2326
579
2196
619
605
1116
833
3621
2455
5569
4992
2378
2164
3621
2122
425
3168
565
5062
1583
24
3139
4884
2285
4847
4225
485
550
3980
1181
3139
2615
3139
675
3139
1699
1624
918
3139
3676
561
-1
-1
3062
4147
3809
910
4147
2600
2084
2196
1116
3676
1003
4965
4462
3540
3798
3386
1429
4079
391
2848
1922
3308
1339
-1
3592
5687
195
-1
2665
875
1307
2826
3838
4082
1307
1456
4836
-1
2762
4772
-1
4720
5571
3201
2196
4945
2122
3820
-1
425
5576
2130
1116
-1
3071
2326
3484
810
1978
4303
4371
3162
366
5310
524
1418
1101
2333
-1
2441
2196
4225
5155
-1
3231
2366
185
5077
3162
1204
1681
425
5336
25
4295
-1
2579
2603
4295
3983
2030
3875
2124
25
1692
5062
4945
5104
688
185
3317
1210
25
482
1185
1588
5668
127
4449
4584
4092
1933
1465
4295
5538
3139
1352
4079
2195
2196
2578
2724
1581
1607
3770
1095
2363
446
3139
3139
161
5497
1405
3672
833
1405
-1
1405
3456
3779
1906
5402
3671
425
3162
-1
1149
4792
1969
5737
4295
227
425
2390
179
2122
407
391
2196
210
-1
425
1300
4195
5402
1185
4535
1331
3139
3172
5398
1850
1753
5497
1469
4046
4771
5709
3162
5062
4555
3296
2762
2349
3139
3139
-1
3945
2390
-1
2999
2487
2039
391
515
4802
-1
2688
1434
1793
4287
4945
4772
5232
1616
3069
3800
521
2966
1054
5491
1330
1298
4802
2671
-1
99
3204
2196
5501
484
-1
1699
2196
263
33
443
1546
391
3859
3139
5402
3139
1517
3139
2762
3051
1452
2610
2164
3223
2533
299
4438
2189
69
-1
1076
5154
-1
1821
1307
3077
4598
5402
1323
746
3555
4771
4039
521
2153
1384
425
2267
962
3139
4348
1826
3898
5644
3989
1809
3071
2164
831
3422
4471
5419
1944
3479
579
2123
5218
890
4188
5037
3875
1172
1452
3787
4348
425
3139
2007
1583
5062
2576
2326
5402
2685
3139
1192
827
923
3367
127
1300
1405
2619
1044
3035
3139
-1
5062
1793
4374
1355
2826
4307
3946
1842
3592
1429
689
-1
2196
4265
1616
3139
4438
-1
3676
5198
82
3395
-1
1969
2315
1210
4438
5402
4781
3164
3991
3048
-1
-1
348
1495
2102
1283
310
3503
411
1251
5688
3139
2283
4694
4492
1429
214
3051
99
1304
243
4451
1331
2290
4582
1429
2146
594
2374
3731
5743
2160
3062
688
3015
-1
4858
1556
25
1606
1023
2196
2290
3875
938
1793
4745
2781
1104
4543
1307
2196
2724
246
4521
3160
2258
1636
1172
3833
3139
3832
323
1601
-1
1051
3308
110
-1
1800
3887
-1
4181
4998
4225
1019
881
3139
1344
3139
185
1254
555
3139
4209
3419
474
482
25
5062
4890
5558
-1
1056
4226
4371
834
2285
3881
-1
1407
5385
25
5062
416
4103
-1
2374
4188
1194
4209
2674
820
3188
3621
3139
5049
1505
2189
977
4630
2031
4912
5737
5737
3875
4039
1969
3551
5667
3943
4497
1535
284
3875
2326
1168
2772
5085
4110
3139
227
2390
1722
444
4534
1044
138
1016
3139
2400
95
3980
3223
4039
5203
2250
4101
396
5022
2944
4371
4151
1636
219
3560
482
4548
1472
4482
4192
195
3107
4992
1407
541
521
25
425
1283
229
2989
1625
5003
3378
3139
577
227
5448
5385
4720
3622
1185
2196
5062
325
2196
4669
645
2196
-1
3326
2462
-1
1429
4340
4561
2103
425
4373
1927
934
5200
5578
1444
2285
914
425
4945
1639
5384
3541
1465
425
3162
1152
-1
2619
4147
2011
425
5002
-1
2122
425
1036
3817
5400
872
3003
-1
1206
4669
628
2285
2376
4147
923
350
2762
-1
1841
5304
5686
-1
2402
3139
3139
1661
425
425
-1
42
1724
1152
4677
1384
3442
639
2633
3139
5426
2516
5687
425
3139
1465
5002
1016
1185
3572
5402
-1
3139
4380
1095
1341
2652
425
1313
4446
-1
4702
3242
3210
1044
1546
2196
5402
2148
1185
3308
3139
3830
540
2285
1273
425
5133
2645
1018
1796
3997
4665
964
3139
1012
4772
5177
5119
3136
288
2327
4159
5028
2374
4039
1681
1429
-1
1044
2269
3139
3139
3139
3341
5402
2285
3139
3366
3540
5408
224
448
5402
4726
5703
5598
5270
1298
183
220
3396
-1
-1
3377
3139
1339
11
1429
2196
787
92
2000
5301
3003
2374
450
5487
1185
-1
4158
3308
4039
3139
5521
482
787
681
4489
1429
1379
3196
4007
2196
4307
5142
1230
2269
4637
1608
1297
5108
1976
4431
420
2364
2099
3220
1429
3139
5140
1407
-1
1405
140
4079
540
5271
3000
2825
3139
4307
4998
5062
-1
3139
1809
1427
718
3847
1601
2882
3875
2825
2762
5695
4039
2364
800
1073
5747
3139
4772
1800
1151
3522
494
1429
1330
-1
633
2200
425
1931
3274
3233
-1
4240
1270
1185
-1
1468
5654
4642
3139
1579
2217
787
2285
2026
-1
2380
5210
5585
3139
-1
3380
2197
1116
3592
-1
3315
3308
5576
3437
2825
2997
5576
4747
4373
4890
5497
2196
-1
2245
4906
5087
3770
-1
3139
4469
5204
4110
3847
1621
1016
425
2333
3139
556
3046
1194
5596
3543
1559
2524
-1
2596
4307
2724
143
3618
4718
739
3833
3964
4947
1405
2153
4140
2872
2867
866
5732
-1
3139
425
4188
5232
5402
5012
3800
5402
323
1723
2195
5473
3139
3919
1172
2196
2939
3139
4519
2042
5576
3139
2838
3511
3028
425
2196
-1
2248
425
5028
3943
3223
3566
3139
1185
5183
817
304
2196
-1
5402
5138
3139
3163
3833
4459
3139
425
3139
3641
960
-1
5062
4181
2911
4775
2333
3513
2762
2801
2290
4768
4801
3139
5740
-1
-1
425
1304
2290
2101
4588
1776
2650
1313
4220
376
1429
3139
1095
3980
3074
2557
4289
425
5062
3139
4772
4888
456
2122
4515
4254
2285
1588
177
2151
3139
4929
1184
3255
3072
1601
3066
3993
1185
1885
-1
3164
25
1777
2747
4768
3889
1958
739
1307
4825
1185
177
4771
2365
5616
4998
975
5313
3616
4226
540
1465
915
1297
4720
4802
3139
526
1231
1616
5271
2760
3139
5387
3240
3139
630
-1
712
-1
3968
25
465
1161
4847
2868
3595
2326
3139
5747
5248
3165
1452
-1
425
798
425
4371
2196
2196
245
3162
4188
166
1056
785
1137
5571
425
1095
1200
5045
1513
512
716
2390
1300
258
4802
4333
5566
443
2084
4871
5362
2213
632
54
1185
-1
3838
1699
2724
275
-1
2122
4771
2927
486
1891
1036
4808
5622
688
3139
5471
5087
3344
149
2462
195
3613
4497
2160
5402
25
4718
3427
4492
5235
5065
3596
1405
3382
41
4011
-1
1902
1313
2864
1475
3128
5502
4788
4188
1681
2827
3165
2993
3308
5254
3259
1269
4367
4788
1902
2639
2732
384
5024
5643
195
1042
889
2040
2349
-1
2858
5364
681
3139
5433
2882
2196
5387
3943
4092
1681
1658
5587
4798
-1
4158
288
5671
4871
2420
3139
3641
1583
1298
281
5062
46
3378
1699
1465
2882
-1
5031
1601
-1
5336
-1
1468
1699
5160
925
2712
5408
4969
1054
41
787
4802
227
5512
3682
1307
-1
-1
1095
470
425
2196
1222
2160
2872
4655
4108
1380
-1
4966
3139
1424
1480
24
-1
243
3924
2196
1429
2285
3139
1737
443
1204
-1
1019
3875
2196
3458
5475
227
3139
3367
5402
3222
-1
3308
2435
2266
594
5052
-1
4720
4720
1482
3072
-1
-1
5330
1427
1879
285
425
1674
-1
4431
2196
2796
1016
1461
5163
3046
3743
2779
2200
1699
1405
2948
594
4251
3139
1425
5122
3889
5491
3139
2196
-1
482
3770
1269
1405
3308
-1
4442
521
1313
2196
1095
3071
5062
2801
5087
2285
1054
4492
4969
4763
3641
1161
946
5587
5587
-1
3456
2505
3139
5062
1095
2762
5475
3889
2962
5419
5049
3388
3886
-1
543
3162
3139
3144
923
5671
1722
4771
2864
4110
2195
4039
3696
1311
1475
3139
3805
1955
4768
1429
4802
-1
5733
1429
4373
3035
248
2082
2130
5357
5673
5402
4142
25
3283
-1
2652
304
3840
3139
425
5183
1003
1902
3592
5049
3139
2327
3401
-1
1429
4598
3139
4978
1003
-1
3225
4222
-1
3676
3139
-1
4158
2363
960
2196
4442
3595
2724
1405
137
556
3139
3057
2195
3139
2764
924
323
3139
3676
5714
25
3223
4226
3676
2613
1426
834
4188
689
1036
3069
4185
1298
25
1429
4240
3293
5507
4385
5437
25
1205
5671
3162
3152
1672
2200
1601
2585
2285
2406
2250
-1
5062
2122
4298
4497
260
695
2726
4469
5687
25
4103
2825
3003
2227
834
628
177
-1
2195
2196
1429
3057
4969
4977
1823
4720
3139
1339
-1
3496
2286
1585
1516
4158
2742
5657
195
2016
4794
5747
4890
5235
1588
1601
3780
4732
3080
3363
5054
335
25
4712
2320
4880
2288
2733
5197
2376
-1
4712
4966
1269
4314
2943
1670
2196
2308
3989
1323
2196
-1
4373
4330
1270
2230
5062
5000
3550
2196
1501
823
960
1902
3139
5062
2333
4070
4720
861
688
1036
5346
1185
391
3641
859
25
1583
5224
1100
2762
2269
1664
425
2215
1014
4771
3621
3858
1044
3308
4969
3279
262
3162
5415
2196
2196
5050
311
3113
2164
2320
3003
-1
1793
304
-1
4873
3139
2911
1467
3139
538
1603
2122
67
5551
5587
4954
3139
4385
5687
5107
5133
-1
288
425
25
1482
5616
3604
3817
-1
4078
2585
586
1427
4431
25
4536
1583
3597
4295
1168
2285
931
1457
3621
3139
-1
3996
425
425
640
268
709
5611
3139
2662
425
4411
3924
2776
195
1307
1823
5062
5229
1470
4039
1215
1776
3110
2122
4945
54
1267
5354
884
-1
3577
-1
25
2374
5030
2619
2660
3458
2739
5558
2193
3622
2780
3139
3139
2196
3462
1681
3057
1347
1419
4619
1429
2195
776
4787
4385
5671
5442
2088
285
2853
25
3035
1793
688
-1
2196
4818
4093
3003
4771
450
3003
5419
3073
5049
1452
4959
4776
2605
2196
583
1303
2196
1465
931
5049
935
5402
3602
1800
2038
787
5385
4250
2877
2333
4547
1429
688
1468
2414
5264
25
5049
4890
4158
5402
3206
5433
5471
2320
195
4944
35
2760
3065
3003
-1
5426
3055
-1
2211
4945
1772
25
5475
469
5142
3499
-1
2477
3962
1036
2818
-1
2144
25
1524
5595
2102
1681
3543
4344
1405
1452
1016
3308
3875
2042
2349
3181
5466
3139
1497
528
3283
450
2999
1452
5313
3432
590
5062
3139
5747
5690
5671
1206
3136
1264
25
147
1407
3066
3400
5547
1377
561
5671
1185
2196
110
25
3889
473
1699
1056
4188
1699
2497
5402
3348
5566
2285
4966
2585
1905
3071
275
3139
4771
3139
4485
147
1269
2182
1468
425
2328
958
5433
2147
3139
3554
2085
425
1300
-1
1269
631
25
258
1157
1194
978
2326
425
4148
4393
347
4226
-1
5475
3091
-1
2161
482
2813
2008
411
195
1608
3875
482
-1
1583
2691
590
3139
482
5086
5049
5526
2059
834
4771
-1
2196
448
1054
4599
5271
183
418
3240
695
5687
4113
4978
1949
-1
4285
1452
3613
1178
1759
5213
5576
4298
1244
4276
1241
3269
1313
3800
25
778
2259
1956
360
3766
323
2861
1429
41
3177
3349
448
2967
2507
92
-1
5322
3139
651
785
93
3320
3139
4890
3139
2196
1223
1583
5402
1016
3139
4468
5497
5402
5497
-1
1472
3110
5301
831
4000
1468
3139
-1
-1
1091
1465
4039
1297
281
2196
5031
5203
3139
3066
3139
3139
-1
5132
166
5551
2235
4950
2444
1686
-1
1625
1661
3991
1044
3820
785
5172
6
4371
4600
3099
3139
5290
25
4511
2285
1462
2836
548
2691
1178
5027
425
967
232
4966
4245
1298
2200
3139
5183
60
2751
2374
3195
2633
1210
823
3000
4382
311
1206
5424
491
25
1583
5018
2780
2196
2211
1044
4813
25
2196
425
1185
993
2267
2189
5574
489
914
5706
525
2429
4939
3308
425
2762
2762
1893
4197
2543
5146
2957
3139
-1
-1
2200
4280
2196
623
1452
1429
1429
2206
3485
227
3887
1033
3003
-1
4075
1646
5622
5087
227
1352
3471
62
346
4771
3682
5109
-1
4196
2334
2196
4371
1160
4238
446
2937
2390
3249
5114
3753
-1
3577
3192
1044
2990
54
1913
425
4771
3139
1429
2200
-1
-1
5402
3136
3372
916
4039
1405
937
5354
25
4871
2414
769
2196
-1
2327
2257
-1
4771
2308
5165
3997
1468
1601
3621
320
2440
2196
1681
5744
3197
623
2320
2383
5388
2762
3955
2585
5058
540
25
1427
1320
3380
-1
4712
3946
-1
-1
5124
688
-1
3139
3033
2195
4884
391
3807
4181
1452
2976
1016
1601
4238
5063
1183
2196
1229
4385
1945
998
2200
3139
4393
3794
4772
4777
1405
4825
1583
3139
5062
5419
5508
2285
4966
4039
5371
16
2333
4223
4039
1796
82
5062
5271
4158
297
4945
5238
1586
743
4654
486
3770
5656
3139
1307
2285
3569
3621
2679
3165
5362
5475
4222
3139
4334
275
3680
482
5402
2762
3461
2750
2283
3139
275
2770
1465
4158
3197
338
3139
1405
2056
1898
2380
3504
4142
3015
3003
425
353
3139
5525
1511
5046
3241
4226
5402
5497
1570
2364
2430
2685
1882
4090
2200
644
2374
1070
2195
1036
2674
5062
5062
5062
1945
4851
3772
776
-1
41
2285
2911
3139
4039
3139
1699
4332
1333
2993
4998
209
2497
5324
309
3139
2809
2534
4788
4720
4039
5690
3136
1230
5695
3115
540
1170
4820
5671
1307
4802
4945
3989
3139
87
1215
-1
-1
623
-1
5576
3930
5402
5254
5747
3164
650
127
233
-1
923
3537
4188
4871
1300
2524
425
4039
2724
304
5402
3656
4712
1429
583
4078
4097
3139
3003
3043
2659
2196
1570
611
3770
25
-1
425
3164
3139
3699
1012
4656
5402
2016
2158
460
5022
3139
2385
-1
1588
1601
1683
-1
4539
452
4465
1636
425
5248
4330
2505
1759
2146
5132
4425
1310
4004
2122
957
2285
5062
2195
4615
3726
5417
542
1230
4311
540
4945
3989
3227
1586
2196
268
5278
3179
1049
2724
1757
4484
1195
4362
3139
642
304
304
425
3875
384
1699
425
4357
4332
2292
-1
1480
1429
3422
4945
1298
3991
425
5497
2860
4966
5706
233
5460
2154
1429
630
785
1452
3999
681
3532
5695
3004
910
1945
4756
1206
3705
3139
3214
3003
2685
3139
-1
4348
2749
5402
3139
781
2347
5085
-1
5426
1583
4000
1661
1452
4173
3683
5434
2024
3875
3139
1054
2903
872
227
-1
1307
1036
1307
-1
526
4871
2196
-1
3875
116
5471
3725
1468
808
923
1044
5521
4235
960
482
2762
516
3139
-1
5639
1138
1780
776
2421
4276
623
2463
4966
258
304
2821
5433
5402
1230
4718
3308
2196
2321
1016
1699
5068
2731
5133
854
3735
5671
-1
3164
2196
4495
5177
25
4492
1546
2311
923
4890
5068
1044
897
5002
3993
331
4158
2196
414
4130
41
1405
1756
5062
152
3994
4195
3139
3838
923
1016
3139
594
3904
4771
3139
4158
-1
2839
540
1190
3989
3833
3139
2749
960
1685
5667
2151
5693
175
2196
2701
475
-1
1501
2257
230
2285
425
1722
1297
4978
5156
227
2477
3139
2569
1583
3192
1475
5271
4298
4598
-1
-1
2093
778
487
1757
2383
3241
2724
5049
5133
2465
4032
3139
2200
1601
1982
5304
3315
2248
4720
1185
4838
3223
1793
1313
206
5139
4891
4287
3711
425
4158
1300
4111
5062
62
5576
1776
1428
3139
1914
2594
24
2687
-1
4998
1313
2285
1414
5402
477
4844
-1
1727
1339
1619
3485
2101
2615
4295
1913
3267
3242
3343
4616
3162
475
-1
2299
5112
3986
3214
3139
1288
4898
2850
211
2615
1168
3980
2989
1068
1452
-1
2989
2153
1097
614
3139
2164
1183
5576
5177
4213
5520
3447
5402
4453
5421
3613
2196
5747
4771
1194
1300
5423
1300
2130
2509
4465
1601
5152
1238
16
4820
-1
5183
1504
5140
2956
2958
3711
1157
3925
-1
4712
4119
1178
2619
3378
-1
177
1313
4089
4075
5253
-1
3139
834
1539
2102
2762
3591
4080
1544
688
739
4431
102
995
1734
5491
3259
2633
147
917
497
425
5013
3989
5195
2633
2285
2385
25
18
3770
1330
4546
962
1095
-1
787
2122
378
4000
314
957
524
1570
4606
1460
2872
3622
2285
4033
-1
824
425
787
1583
2196
2200
4945
-1
5030
-1
1168
16
-1
-1
2382
25
2135
4823
884
2200
5576
425
4771
4984
5488
489
5145
2196
5271
3072
2245
3000
4185
1048
2615
2850
2154
4039
1157
4919
1178
5031
3139
5729
5003
82
602
425
1044
-1
3139
3396
425
2079
425
785
1583
5267
5402
1465
4654
2813
4671
970
4537
-1
2615
2285
-1
3768
101
1465
5142
3800
2196
3165
3949
1339
1429
2872
3519
2200
5571
3139
923
1769
833
-1
5402
5402
2724
1902
2019
2243
482
3613
4311
4906
4808
2195
3291
751
2435
2551
1185
5205
5408
4950
2285
5097
3581
3395
-1
1938
229
2196
3682
3869
1453
2195
4876
5362
425
1298
580
2762
3139
2290
2477
1184
2269
5100
3003
3980
2428
4955
1081
4536
4618
5062
3904
2505
2628
-1
3944
-1
2333
2333
2951
1405
1300
5387
3622
540
660
359
5021
4497
5608
3072
4829
3139
3596
2196
2478
3789
4799
4998
914
2524
1307
1206
3500
2038
532
833
-1
923
1071
1297
5160
1168
1465
3139
2310
-1
1269
4345
3875
743
482
3034
3869
2615
5002
-1
1661
1429
3137
482
1313
1168
2619
4385
4708
674
1699
3179
3071
5264
237
1298
2973
1528
1258
1800
5028
4915
2682
3592
3315
275
5508
1731
4223
5111
4998
1149
3946
-1
4082
5537
3924
2151
1601
607
1681
2376
3144
4431
2146
482
1601
4975
686
-1
2686
3931
1384
-1
869
1429
973
-1
2173
3139
4128
4689
3139
577
2862
5262
2419
-1
613
5031
5022
3294
1577
1622
5714
320
3003
3269
220
866
5049
-1
2211
1465
5062
2724
-1
3139
3900
2806
1297
-1
1465
3139
5550
3139
2998
2285
1705
5238
2204
4975
5077
1725
548
1168
834
1533
-1
-1
2569
4669
641
4334
833
2196
5077
3461
583
3822
-1
1392
852
4265
4992
425
5497
1631
2697
1468
5465
1313
1073
308
3139
2406
4142
1178
-1
3139
5062
52
2838
1843
475
2548
1101
346
3160
77
3858
3358
5109
820
1178
2201
4673
3139
896
4966
763
2697
4188
3139
1044
2189
1269
1722
4039
4029
391
1116
561
25
456
1054
2285
1583
2762
5036
-1
5276
4945
1290
590
-1
25
651
385
1692
595
3139
2196
630
1405
5049
5049
1275
396
5194
1168
5671
3139
2196
4611
2085
1897
-1
-1
-1
807
5695
473
2034
425
3162
3549
906
1673
4877
5172
5497
4685
4497
2320
5491
1785
2633
1183
25
5706
-1
2651
3003
4993
5222
3322
-1
4763
1323
3851
5587
425
25
1542
3522
402
5087
4028
4015
4226
2153
2002
2285
5543
2148
318
2193
4015
3139
4438
176
425
3518
4079
1510
4841
1476
894
957
5402
3139
639
4884
3139
4431
3179
4945
5031
590
2526
1427
425
4454
1468
2339
2762
3139
3572
5269
195
-1
25
1215
425
3999
456
5712
-1
4771
4497
25
1298
5566
3139
5402
2505
4039
443
3139
3366
3371
2326
4910
1779
1178
1557
2825
2391
3046
2195
3164
2936
3621
4110
479
5031
2724
4080
1167
3317
823
3926
3162
2248
2911
2477
4983
3411
5036
255
91
5011
5104
5061
2333
284
890
2619
1339
5576
2463
3139
4995
5466
-1
4471
1036
3485
1514
5616
689
4007
1324
1647
2643
2285
25
963
5743
3324
2619
3139
1405
2615
4915
5114
2285
2850
5658
425
1766
1510
482
3621
3259
2290
1429
1206
4564
3410
425
5502
3596
5587
1347
4039
-1
1273
5022
590
5678
1215
4398
1083
5431
3139
475
3502
3139
835
4209
3830
2934
2669
845
3071
1354
5648
1297
1596
3872
5165
1429
765
1173
5617
2383
3682
25
1861
747
594
4570
4966
5746
5223
1124
3015
-1
3891
3139
947
2505
630
4032
2989
1213
1719
3838
1654
1297
5587
1325
2578
1407
3682
4900
4128
5712
482
1465
2013
3139
25
4092
3795
4294
4287
-1
4239
3317
2781
3139
3139
1298
1976
3899
3139
5587
1036
4615
475
5566
2084
4700
5028
2083
2545
110
5671
2396
2950
3621
3869
2294
4082
1072
4032
197
4720
1153
3850
4877
2269
3291
25
3057
4039
3046
1081
3682
5292
2813
-1
1582
3256
1452
5082
4385
2770
1307
2860
489
4966
2273
3096
3676
5491
1793
3139
5043
1681
-1
3139
3095
2223
3970
1269
25
475
5384
1044
3003
5002
3315
91
1583
5402
5326
1429
3259
4371
1412
1776
188
5049
3781
1696
515
3139
25
1044
2038
3378
1475
5142
702
1408
1269
1809
2801
5503
1997
1931
-1
275
5378
1722
5712
3139
1416
5113
16
3139
5004
494
4455
443
1809
1138
3378
3059
-1
2462
2813
1168
5475
4226
425
2948
5466
3240
2285
3822
3139
1601
4273
5499
2826
1095
3240
4720
4949
853
2867
2762
2093
2122
3139
1591
3139
3682
4802
5304
3139
4915
1951
3847
2196
2200
-1
3139
1326
5345
5152
228
4387
4167
1891
5284
3487
5293
-1
3883
1386
1288
4125
2550
4772
823
494
1157
2196
1847
857
3814
2689
3162
1117
526
3595
3946
3989
5390
1945
4142
797
1201
541
4720
695
3623
823
2470
1201
2151
1095
2316
2762
540
3139
1297
4039
3067
3308
4291
2196
5062
2939
482
-1
3896
509
-1
5062
3367
2285
1818
498
16
320
-1
2497
4376
4231
3099
1184
3595
4332
4013
5402
807
4365
16
925
4039
2946
258
2691
1429
1448
4751
3139
3997
4185
2383
4610
1149
2695
3139
4536
3139
5254
3069
303
4032
3943
4654
540
5587
3476
390
2494
50
261
1793
-1
1588
4051
4497
3449
2689
3499
785
2787
1914
4039
5508
3317
1095
3985
1769
3308
236
1722
184
1172
1452
4975
5087
2882
4396
3139
3835
2611
5645
1672
1636
2196
1283
3974
2016
2196
573
3595
3308
413
818
1044
448
465
1413
2196
2450
425
3139
1790
5402
3980
3139
356
-1
1902
2491
425
2424
4985
1742
3072
4809
-1
2922
540
1168
485
2420
1800
2285
3352
5587
1583
482
5402
4966
4693
4231
25
1480
2161
1827
2245
5276
4497
4401
3163
1609
1636
5524
1083
261
3377
452
3751
1759
4587
1493
3139
2285
548
1843
3641
1254
639
2809
298
1066
1601
1073
1016
3015
5133
5706
1300
-1
4039
227
774
2227
3046
3139
4993
4771
3037
1144
482
3139
975
3395
4497
3592
16
227
3387
1699
5183
5062
1619
-1
3490
4712
4039
404
1335
837
1797
2882
2122
639
2055
4785
1063
3891
5408
1095
2845
249
4255
1468
1044
4792
2164
2196
785
5247
1832
2638
5524
2122
2885
2443
4418
635
1358
2760
2396
885
1036
3238
2285
2574
2925
1452
2750
4237
3139
4733
923
5384
646
834
-1
1931
3139
2702
2193
3263
4356
2798
4999
303
2285
2285
3067
4039
2838
53
3139
4340
3572
2196
1206
1546
5133
3139
2376
2164
1601
3317
3139
2615
448
4884
1178
5402
4515
4772
2269
5129
18
2514
4554
1352
5402
876
3651
2196
1120
4497
1193
2624
2779
4144
3139
1405
3139
25
-1
3611
157
3711
2285
3901
25
2769
3336
4171
5546
465
1885
5148
4431
4745
1240
2948
635
4371
1268
649
5087
4825
807
3688
1878
2195
4438
4212
425
2351
1185
1699
4947
2817
2247
4975
514
4406
5687
5188
3139
2251
1168
3074
5072
1339
3041
4529
1709
1945
4646
834
2477
4720
3412
3240
5414
54
1664
2013
4082
3880
1168
482
2195
2196
3139
1101
4890
1945
4828
4603
3243
3139
3772
482
1081
3046
4945
2766
2762
2308
2285
3865
5523
1407
1475
-1
1725
2167
630
4650
2267
3996
4004
25
-1
4039
1616
1452
4431
-1
1405
5402
288
1307
5370
4907
4348
3139
127
4382
2374
4539
1001
5502
41
2189
2890
425
2179
2196
2703
5695
1429
836
3003
288
5491
2998
3139
-1
-1
4093
425
630
2578
3813
3994
147
-1
2122
4574
3317
2762
3465
-1
2269
2515
3139
1937
3139
4276
586
1677
2911
381
2971
4718
1588
1160
4693
3002
5210
395
5122
427
3139
5062
5402
25
2122
3139
314
82
1157
2196
890
3888
-1
1429
1482
1297
53
5111
1307
195
4264
-1
5702
4188
5612
2196
5332
3959
3139
2283
1230
2016
-1
1019
5122
-1
400
3139
5563
1381
5587
5587
425
241
1095
4295
200
1095
1583
2828
5512
1185
5213
-1
3595
4142
4966
1821
4619
5011
1917
233
4896
5271
5206
-1
3538
2160
1429
2285
5402
1036
4484
3139
5690
190
4949
4296
4475
2813
255
3199
1307
4633
-1
1616
-1
284
4438
22
475
4784
4023
2505
4668
482
1623
2196
2762
5587
2813
482
4330
3814
988
350
1354
1968
3422
3139
2880
3466
2200
-1
4139
1931
539
3583
485
590
2196
4708
2762
3209
2524
3139
395
2085
1522
2285
4802
3676
1800
3139
-1
3139
16
1945
2376
3388
4571
3139
3676
4570
2038
1202
2269
1201
960
-1
4075
3139
2882
5242
4311
452
975
875
2374
1307
4188
3450
1583
3513
54
5574
1185
3747
3139
181
4669
716
2196
2266
305
3644
5419
1185
3897
3037
4614
3008
1800
-1
5062
3862
5402
1598
3139
2955
1452
2343
5024
2548
2462
-1
2700
-1
4156
5062
5183
225
5099
53
485
470
3621
2160
2466
2168
3497
5121
1044
5587
1849
1429
5062
3735
421
3510
755
3139
1019
4032
2156
5475
3139
1482
5134
4004
-1
2285
427
2075
475
3676
2364
4215
5661
2731
-1
1307
1095
1664
1346
3139
5574
2274
5002
775
2285
1044
2196
5171
4240
1157
1480
2762
1012
25
39
1429
2867
-1
1583
354
4654
3621
2196
-1
3591
3139
3621
41
1044
1608
-1
425
5277
3139
-1
785
4966
3800
5049
2035
3215
1528
1340
1330
5280
57
784
3069
4497
3150
25
4884
-1
5087
5265
1292
4739
4099
393
-1
4142
1405
425
36
630
2660
4993
2422
4966
3592
1157
4926
3682
4009
1300
2164
3139
2615
3404
4295
5470
3572
3676
4365
5403
1405
5146
3316
5121
2881
4993
4039
2161
4998
841
55
3139
-1
5362
4181
696
1307
5172
405
25
2196
2615
5402
209
-1
3139
3139
2228
5733
1576
195
1298
1616
1757
3177
4287
3296
4349
1971
3433
2813
2473
4998
3630
425
227
1737
3139
394
2196
5402
2175
2524
2102
1126
1058
2762
3748
304
-1
2154
4865
4052
823
1323
-1
1699
1583
3373
5424
443
5272
1313
274
2196
5419
971
3554
4939
2017
2697
1661
482
1167
2159
2749
-1
4039
2196
3589
5682
508
1617
3615
2774
-1
25
4491
4238
5002
5009
3139
5077
5521
3934
1095
2326
258
4945
425
2489
3139
3046
2142
4986
4771
3139
2619
2314
1139
425
1429
425
5042
2055
1405
1969
1285
4966
4624
-1
1307
3041
2835
1601
2724
-1
995
1945
1793
52
508
-1
3262
3255
5340
2724
4397
1210
1193
3139
41
1313
425
3581
3337
3828
5362
2285
258
2473
4406
2998
3676
41
2328
4771
2084
5062
-1
195
3808
2320
1283
2098
3904
2271
2884
127
-1
2993
-1
3528
1354
5003
1601
1945
5133
326
-1
2165
5080
261
5062
4016
2652
147
4906
4988
-1
4226
1185
5227
3894
1044
1619
3139
4136
5475
5133
2200
1429
51
16
3640
1619
890
5074
3721
4792
5193
585
5671
2149
2135
4469
1579
-1
2207
4884
2989
3999
5587
275
-1
4720
1315
4974
5744
-1
-1
1178
5475
1482
923
4654
2196
1778
3628
1028
810
4718
1619
2911
34
4007
2083
4709
1186
3403
5587
369
1686
2196
1036
425
482
5402
3288
-1
3994
5402
1298
1429
396
1095
1588
-1
1699
5148
3790
1650
1915
421
4763
1549
1452
1472
3887
77
3400
2336
4000
2908
2703
-1
2882
5739
1616
4635
4188
2870
3931
427
2196
4871
1480
3307
541
346
1147
5521
5062
4256
446
1601
3139
957
2880
1945
2807
3959
5719
2196
-1
878
5073
2160
5062
4082
1616
689
3533
5200
2665
2671
4689
5731
4327
5049
482
5098
3139
-1
1095
1601
3707
1298
5062
1583
1583
3165
2023
1779
-1
4783
5638
3139
3139
1044
1949
2376
624
5062
4884
3676
1914
5062
632
2285
3139
833
2196
25
2196
2122
-1
-1
3139
1307
2196
3139
3139
3711
5497
3139
2153
2390
5551
3139
144
2619
5537
2524
1699
3645
1288
3139
-1
-1
303
5625
-1
2196
4007
3139
263
3868
1800
3833
1230
2285
2196
5147
5301
2196
4378
4371
3139
3162
369
3750
1613
1178
2697
1095
-1
3003
3139
3003
4654
3539
1019
5685
73
482
2423
2196
5087
5402
3139
25
2578
2196
3507
5402
-1
666
804
3139
1339
1677
-1
-1
1168
233
1451
2014
3139
-1
3139
3308
41
2524
3438
3046
3308
4619
1298
5714
4458
-1
3756
4209
4720
1869
3497
1480
2746
3139
4373
4039
5362
4890
1297
4158
494
5085
5279
1178
2895
-1
2697
1466
1112
3139
5077
1155
3139
1339
842
444
1211
834
2122
5177
2615
1941
5390
1601
1699
4158
-1
4722
2708
2762
5402
2691
195
-1
4039
1016
3139
194
3396
4959
3139
540
4188
703
934
3875
3703
1601
2196
5633
1687
3139
2196
901
1945
2838
4014
4544
3284
2153
834
1185
4154
5280
1429
4015
432
1206
5497
5087
5595
540
5309
-1
3739
2869
82
4960
1156
2200
3139
1016
2782
2762
886
2572
785
1405
5073
3139
3139
5362
4008
3904
1452
5304
3498
1681
3595
2913
1300
5049
2196
1769
1575
1583
3139
594
1601
2961
1429
4431
2813
846
1339
2911
4240
4339
957
3139
1681
1475
3095
43
1433
5408
2312
1714
2196
5333
2825
1493
5036
16
1588
1546
5372
25
5547
3139
195
923
-1
4890
2829
1779
470
1185
5333
1405
4571
373
957
1003
4039
-1
2762
4658
-1
3139
2911
4720
5714
1152
482
5496
4240
77
3139
1206
1465
5402
2578
2462
1372
1793
3670
51
2615
1185
899
1167
2825
425
199
3139
4623
-1
3139
936
-1
2731
156
4786
5087
3833
4792
1054
2200
3863
3156
2196
5241
3735
2830
4857
53
5062
790
195
284
3985
4497
673
4836
411
1914
617
2535
1800
1842
1681
1036
2691
3056
4943
2564
4890
3160
4000
-1
2470
5075
3308
1583
5402
2383
2248
611
4682
3581
4801
1692
2788
4057
1675
498
5587
51
4444
3205
4654
1016
4337
1003
2196
3139
3139
-1
1012
3621
2211
5583
1184
5062
-1
-1
2285
4497
4317
3139
25
3688
695
1378
5120
1588
4768
2794
1300
4068
2828
1429
4030
2882
1201
-1
2383
-1
3139
482
5062
2960
2934
5049
3384
2196
2129
4196
5094
1359
4621
4045
5402
4438
1101
-1
-1
1019
364
3858
5426
5733
3139
3792
4378
787
4335
4201
425
993
1238
2812
5402
3139
3308
2978
3862
3456
3946
486
482
2664
2619
3974
339
5062
1210
3158
4907
2958
1215
1156
-1
1635
3139
297
425
67
3641
4890
2350
4564
5068
4185
5358
275
304
4176
3115
1307
590
3724
645
5402
5714
425
2345
2724
2196
5587
763
2993
3621
195
-1
519
4338
157
1644
540
1546
3396
835
3478
1433
4718
5473
3333
5062
4773
5133
4771
3369
4006
2164
3139
5003
2535
3580
-1
1855
3177
5362
923
4158
258
840
1084
2619
-1
2724
3770
2160
2074
5062
1116
5402
1282
1707
1781
5595
3651
2328
3937
62
5195
2535
1546
3243
2630
3139
3223
2285
3308
3018
4189
1429
5515
2697
425
425
1793
975
4621
2868
3676
1230
4890
452
2761
-1
5230
-1
-1
3622
5062
2819
3308
25
548
-1
4371
2390
3240
-1
3468
1071
3946
3980
16
3139
3725
5721
3980
833
3139
781
425
-1
4060
5149
5049
5382
2390
4415
2390
3924
2367
3003
-1
25
2042
4000
2895
1354
5062
1681
1283
5022
1389
1429
4548
25
3637
5062
237
4872
5401
-1
4761
425
688
5510
3139
5208
2174
5280
4444
4884
5003
2101
425
5731
2376
2196
4426
3139
3418
3470
810
3820
3761
1054
4257
1583
3074
1414
3878
2615
3139
2950
240
2128
654
5252
2016
2234
2421
3485
482
-1
3429
304
-1
4373
494
2427
1583
1073
1482
1616
3369
2465
177
5094
4226
426
645
16
16
2462
2850
-1
975
3139
-1
5557
2285
81
5062
3139
3037
-1
5178
1210
2283
5190
4111
195
3410
482
-1
3018
425
5402
-1
4900
1201
1298
4890
2196
1829
1430
2697
1793
1016
3449
2285
425
5238
2196
4383
1945
1583
3107
5229
3116
2904
5413
5402
3418
5260
1374
2018
-1
391
3167
2196
-1
996
2196
4226
5119
1206
2290
3563
5356
5254
3139
5245
1298
881
1650
25
3428
5674
4351
3506
3308
5132
4859
4142
3496
5133
482
3139
1215
-1
3915
2627
2939
1809
5527
2338
1307
5651
-1
2195
630
1701
980
1429
2743
2396
2070
2122
1405
5301
1744
4808
3139
4865
92
4896
1054
3139
2146
1405
5616
1405
-1
4142
-1
456
4142
1015
3530
275
482
3485
16
4939
886
1493
5497
1095
2548
3046
4015
2164
3377
3139
3139
3040
346
5102
233
1530
2326
3139
-1
3797
3139
-1
3139
3669
1116
3139
582
1297
4651
1230
1681
611
3818
5671
1300
425
-1
4385
3139
4629
5183
3136
5742
5232
2037
1405
5424
5456
4447
1838
5049
2349
862
2196
4763
-1
3838
3996
5183
2130
2285
5155
3219
-1
-1
2326
425
4071
1616
997
5062
1692
3139
2777
3041
5062
-1
4181
5473
367
3719
195
5703
-1
4188
3447
-1
3676
4536
595
1842
1681
252
5402
4136
1936
4410
1429
123
3484
3139
2036
4534
1465
2731
2045
3139
3623
3430
3735
634
5362
822
1468
3732
2548
5238
3857
5359
2189
1307
3918
3598
425
-1
3222
4240
1737
2934
4000
1601
4844
1703
2569
2718
4720
4665
5140
227
4444
1307
3108
5731
1475
5131
1044
196
2828
999
890
425
-1
1800
1083
811
4147
4579
1638
2364
2717
1349
1796
3139
2333
1509
4759
2137
5088
4945
5236
3949
288
425
1998
5276
1327
24
3897
3348
4620
25
303
1313
3003
993
575
504
526
3056
3139
3285
1452
-1
1016
2320
2205
2860
2911
1323
1699
5491
1044
1168
1082
611
4802
5608
630
1647
425
3797
3760
227
4287
427
2971
2153
792
1619
681
3364
258
1123
2285
5062
1821
53
5221
1453
2762
3656
661
630
-1
-1
346
425
2196
-1
-1
2097
222
1493
1288
5215
2882
934
995
2615
628
1307
5155
4640
54
540
2649
5254
5361
714
25
3139
-1
4277
1425
323
4966
3356
-1
4647
5293
1465
3191
1468
482
1598
1482
3072
3139
4181
3943
4213
4162
5119
3485
3139
-1
194
3139
3139
1902
5192
5254
1433
3003
2825
1270
1019
4042
2164
3736
5402
4991
1468
1416
2776
3302
722
2196
2390
1749
4815
1636
425
3875
1339
2200
5621
1003
215
5616
5146
954
5402
4754
4272
5146
1327
1349
2724
1452
2825
255
5062
16
4039
-1
65
294
2698
2189
-1
5030
5518
4815
127
2762
5062
564
2200
1318
5155
3139
127
590
1809
-1
4571
-1
1230
287
25
586
5402
425
1021
4431
5176
1307
3412
3139
2200
25
2266
1286
4570
719
425
147
-1
3880
3682
3015
5262
5580
590
4815
540
-1
4855
2189
-1
4986
2211
579
2864
2841
5235
4944
5687
4153
3996
540
3820
-1
590
4373
1702
-1
590
3107
3800
1044
2385
2146
5308
1016
3676
3432
5062
4975
5213
583
25
5431
630
3015
4074
177
3139
1075
5114
3833
951
938
868
275
1246
4356
5687
5446
5402
5402
3136
4124
391
834
266
334
3139
695
4158
5384
5369
-1
1601
4836
4497
3600
3113
5587
482
3192
1115
5687
284
3139
3946
1829
1160
1722
4020
4317
2285
1115
1183
5695
4125
695
3037
910
233
540
156
2122
2196
4188
3136
5355
2872
5419
482
3595
1307
1157
1298
3876
3139
1619
2383
2489
4438
5508
3426
3139
4584
3308
1793
3989
2457
4565
25
2319
5402
4178
4429
2196
4482
5062
2269
3974
474
2662
5431
346
3139
4482
2439
1914
-1
5507
4792
25
1465
1016
4643
-1
2196
-1
3840
688
5614
3139
1427
4758
425
1300
2122
3725
4611
4630
2476
787
2488
1201
1166
3136
3139
3996
2467
2196
2451
3240
3139
456
5669
3139
482
3165
4332
2058
4996
5102
3139
3306
2200
1731
3676
4801
41
5587
-1
2619
5132
3062
3845
5385
5402
3432
1444
1183
3650
993
2762
1405
3139
923
391
-1
666
2462
2301
1757
5050
3107
1269
4431
3989
3139
5433
1286
957
2196
3518
3999
4330
3139
1595
-1
4015
4798
275
4993
4576
4999
1044
5562
688
630
4785
3682
2285
1681
963
5062
1770
-1
4266
3933
275
1650
5001
2724
1298
5062
5155
4497
3139
-1
785
5114
3608
1601
324
3146
4406
5547
5123
2357
3017
-1
372
1706
2558
1315
25
5402
237
474
1681
2724
3496
590
590
3139
3139
5037
595
1016
259
2824
-1
5587
348
1482
-1
425
4158
1307
2196
3139
2148
526
1214
5702
2719
5397
571
-1
2122
3139
4226
1185
-1
1808
1186
425
3433
5022
5714
3308
3152
3139
285
2130
3580
583
3293
3139
2958
4564
4135
3139
5710
3115
3800
1307
5731
3630
1611
1095
2463
3528
5746
227
2762
3360
2021
5295
1583
3139
395
3838
5472
1448
4084
3496
5384
4777
2524
2948
3139
553
5266
425
676
1650
1185
3139
4004
5235
3151
-1
5583
548
2385
1928
1606
3139
3833
127
-1
1206
3693
1769
-1
-1
2089
2196
3308
4890
195
4844
4438
5247
778
3139
2225
2190
2196
2066
3139
5547
5712
482
1465
1178
722
3916
-1
2042
288
2524
1215
796
4539
5234
1298
1076
2462
3139
4287
3440
5747
1005
2284
3748
2269
2435
391
5271
1493
5402
5218
5433
4604
425
4654
3247
5742
3485
3676
3526
2200
1481
2314
781
3273
3575
3137
5085
3317
1171
5313
5384
1750
611
4931
2250
5722
5418
2364
147
1429
3996
5315
3802
1776
2565
4175
5049
4856
2449
755
5036
3676
3269
524
-1
3017
1475
1465
2156
688
1206
-1
1711
4332
4638
3450
1832
-1
-1
1681
-1
1429
2986
489
4853
4038
482
1061
5000
5269
5669
-1
2930
4680
1601
4473
5077
2762
3057
138
370
5712
2408
4655
3588
4494
5235
4884
2501
2649
16
5294
1800
2345
5001
1482
2825
4763
-1
2198
25
4718
1775
2164
3139
427
5362
3783
1470
-1
5499
1101
3613
2689
1117
2407
3139
4900
4945
2738
482
3139
2435
378
3831
3399
5466
3139
4255
3139
2989
1313
2196
1936
1044
5419
3000
1299
4444
1636
1803
3707
3136
4494
3552
1095
2196
1044
4890
4792
4771
2754
2954
3139
4226
3696
1902
1598
2762
428
2724
18
937
4196
25
810
2167
195
1601
611
1480
4128
3046
1478
2826
4226
3139
1568
1434
5402
688
3139
3107
5424
425
-1
3139
4966
1354
3074
3139
4966
2395
1636
265
1670
-1
3238
-1
285
2328
-1
-1
4226
4777
3676
3367
1677
4750
2872
5218
4890
5209
195
4032
4158
3073
3833
3054
3139
1465
51
967
785
425
-1
-1
1681
1925
4993
126
3139
242
1865
95
1405
4331
1475
4956
4431
255
2285
4128
5673
1570
4264
2290
2435
1307
4852
3869
5216
4654
391
3331
3623
5587
3157
4708
1056
-1
3930
1130
5507
4564
1414
5152
2189
3761
-1
2911
2085
2285
2498
456
-1
425
3057
5497
3910
4226
5744
1755
3382
443
2111
2380
3888
-1
1475
4915
1313
825
3160
4255
2435
1583
340
1339
1493
2122
-1
-1
5718
4998
5241
1303
5203
864
2085
4185
5112
4771
3268
485
3415
-1
4945
4341
5402
1155
3512
1095
2376
-1
2084
3771
5195
3696
4884
1309
4561
1206
3707
2374
1796
3994
1427
5475
3139
1269
3621
3676
2160
1206
776
1359
3139
1756
5021
3240
5062
3943
5426
3955
5384
860
1273
3003
4128
2407
5236
4571
1313
-1
3638
-1
4978
3499
787
1157
2320
4908
1071
5132
2016
5000
548
1042
-1
4890
1528
399
1403
2196
3139
-1
2196
3401
5508
4039
2060
2146
4836
3672
-1
3139
2183
3053
4746
5038
603
4152
3869
1709
3139
25
242
4705
3641
4772
975
4514
4032
3841
1323
4332
3401
3696
3980
881
583
526
2196
2954
4915
1722
4865
886
1057
4771
5729
1601
2196
923
4165
2987
1717
456
3139
2196
2453
3139
514
1493
482
2365
4327
2195
823
3833
2243
3139
2190
2196
1254
4484
3015
5115
2286
5133
1823
4602
1265
-1
1016
342
5053
3676
142
3711
4015
1297
3192
5402
1636
1040
1273
1178
3621
1194
4226
4922
1847
3308
3011
1044
1716
4852
1793
3814
937
5532
2196
3879
785
1793
1016
3139
166
482
1468
2127
1288
-1
1354
1298
1044
306
540
-1
54
-1
1703
1452
-1
4332
-1
2066
4915
425
301
5003
1378
3139
5049
739
1601
-1
2196
10
5074
1253
1482
3833
3028
3139
3308
110
3259
1332
2285
1722
785
5671
5587
3622
3000
300
5384
2748
3890
2762
5499
1616
4569
1681
1727
2502
1313
2432
5587
2998
-1
256
2716
3676
1113
1300
3676
5491
537
3139
425
4371
4039
583
3164
258
4490
1699
5472
1771
3041
3072
5381
5402
1636
3139
1019
2196
3139
102
3308
2066
1583
62
695
4609
4763
3518
4499
1027
2830
2332
1044
5062
776
695
850
4744
2882
2285
4805
3139
2617
653
1405
1163
3847
1036
3046
1298
-1
5280
1692
-1
4713
1601
3240
2016
138
2665
3467
3219
3302
1480
3162
5589
1601
937
4188
25
1159
2285
3139
411
3139
3162
2615
408
2435
3308
141
4778
1166
425
1699
4865
209
4005
4004
4287
4720
3360
1945
2196
695
4340
5311
911
3800
3879
1680
3641
4332
2565
1281
350
1636
4727
5560
3139
2516
960
1777
1963
4384
945
1781
4657
5402
380
1798
1830
2861
3051
1196
425
482
284
482
2755
5062
4181
2813
4704
1824
2390
1601
3139
526
1307
3595
4792
425
4945
4482
1313
5385
110
4944
3676
834
3139
4272
1636
-1
2675
1184
482
5402
5164
1427
785
2838
25
4006
1224
2762
4615
1238
2567
1904
1429
16
937
4380
3139
4713
5034
1886
3139
1291
25
2585
1230
4488
2462
1172
2776
-1
4039
1313
93
3139
3495
1307
1699
3139
5466
425
2153
3139
368
4371
4039
5443
2057
1230
3286
4431
5207
1759
41
25
1588
1206
2339
5731
2200
4763
3224
3323
400
5190
4226
2762
3521
1218
272
3816
2196
4298
1577
1551
4158
2156
77
3709
482
-1
3969
2200
3672
4158
296
469
1215
5695
2762
4763
3536
2511
2200
1157
3245
4204
3924
4890
1378
1061
3308
1480
4287
3948
1427
1814
4373
3308
-1
2285
147
515
4431
850
979
2077
545
4784
2619
133
5576
781
482
3162
695
1269
2245
3531
1025
4039
611
3139
2196
2016
-1
2505
3584
5402
975
1890
2721
3862
1465
4373
5442
1152
79
3838
5402
3003
3592
3003
5174
3260
482
1945
3970
5062
2200
5675
25
540
4439
2911
4493
3507
258
583
5373
4658
3518
3711
1479
1185
1601
1142
4264
1468
2445
1255
1269
1307
4332
4763
3628
4713
-1
1417
3308
427
2892
466
3592
1623
1429
2390
1780
3718
967
5282
4115
1632
425
3889
4360
4172
1044
4615
1044
-1
1583
1429
987
699
3218
2390
3240
3573
2048
3720
168
1429
177
5310
2298
4520
2619
4586
2735
1185
2666
746
5402
802
1298
4541
690
2200
1504
2102
2196
4871
3656
3933
3838
1307
1583
1122
1379
1583
315
5119
2145
5405
4255
4329
482
4000
3876
3139
1095
1337
1601
2876
-1
957
5064
5699
2122
2591
3853
5402
2196
1131
1184
1888
3139
3139
1378
3308
785
2462
4771
5621
2153
2676
951
4252
929
5243
2630
-1
1898
2876
3573
5587
5049
2356
2285
5028
3985
2462
-1
4890
5497
4142
2825
1460
1504
3768
5576
630
2879
5561
3139
4494
3139
5497
3944
2374
3003
5507
2462
834
4764
3000
3495
1338
1185
3308
4817
475
2751
746
2850
3139
630
-1
254
4143
3139
1184
1160
2421
5402
1378
2994
195
4949
1452
2916
630
4580
1101
290
2383
4158
2602
5695
4158
1083
4287
2200
1168
2393
3139
2200
4787
4501
1183
4784
834
-1
281
1077
5402
717
4015
2830
1829
2285
2906
5022
3139
5200
5035
1164
5402
1480
1480
1313
508
5412
2619
2200
2404
3616
2765
5697
2196
5062
25
-1
275
556
-1
3730
2875
195
66
879
2998
5402
2884
5402
1452
3994
689
1405
4222
1264
1019
425
1286
4788
5625
482
1270
195
3924
3570
1378
5402
5402
5481
5466
4460
2825
-1
630
3581
16
3485
3875
-1
3164
2285
3996
4147
5544
-1
1300
1124
4048
5232
2615
1136
4569
2200
3650
2196
195
4956
53
3139
890
1650
1664
5402
3139
738
-1
583
5370
1221
5587
4043
923
1206
3072
1323
2196
630
3127
716
5402
4998
261
4884
695
-1
147
2374
4328
3650
2189
5062
411
2196
3708
1653
5387
-1
5487
2243
124
5587
4147
-1
1194
2240
5457
1681
2762
2267
1482
1429
75
3628
3989
25
889
425
4713
1298
1429
4707
2781
2005
5653
195
25
425
227
3098
4792
5062
5547
195
3139
2383
4878
1498
5062
4719
25
2645
1201
1138
4327
981
4287
4975
1608
3139
4966
2135
3528
-1
5062
2992
1073
5174
3215
-1
5497
4602
4975
4158
-1
2200
348
425
1793
3308
657
3000
501
5509
482
2338
453
2122
3139
432
2762
3259
1422
25
4117
3392
4496
25
5679
1694
-1
2146
5062
2019
4945
-1
3636
1058
4226
871
2285
147
-1
5062
3357
916
4993
789
1793
740
1633
3768
1777
2008
-1
1465
2662
-1
2350
25
1178
3139
1307
689
4993
5384
425
147
4771
2360
4009
285
5565
1427
288
1012
5512
5087
103
1300
1016
3712
2762
2882
227
3139
3139
3985
1307
5587
4763
5587
5133
4038
5348
5322
132
-1
3139
5402
2200
2882
1465
5122
3088
1462
1436
2122
3880
1228
227
3040
1650
5491
1098
2396
2828
25
1588
4878
4518
1370
548
1131
1429
3771
2196
1652
-1
5331
1598
5271
5587
5170
1636
4240
307
5297
428
3676
665
1699
3528
5402
2945
1820
5241
5402
411
2760
3139
1101
3768
554
-1
1044
5402
2830
5156
365
5133
425
5287
1003
844
820
1908
4382
5273
425
3461
583
2705
4969
2665
1269
-1
5711
3875
1405
1583
1636
2196
4945
147
2390
4763
1298
3240
1283
2196
2196
5402
-1
1313
5362
2919
1405
4484
3738
1405
2122
2746
4884
2135
62
3139
823
3800
1315
2541
421
4998
2989
4004
3726
3496
2249
-1
3139
1284
392
4966
5663
1201
2082
1307
2652
5571
4260
3069
1178
327
1929
-1
2122
4832
5287
324
2762
5408
54
1354
4914
2196
852
3308
1729
1940
4888
5384
1313
5271
3003
2285
2390
1462
3879
1249
4142
425
5671
5326
1573
4856
1800
3528
4014
5582
3663
5385
789
2196
5183
84
2696
66
611
1601
3349
-1
540
4998
2763
4665
3072
5182
127
1298
2882
524
4438
5587
2462
3140
2196
4622
4188
2196
2285
377
4478
923
1032
5402
-1
3139
5419
3066
2500
4396
1459
1727
2003
2588
-1
425
2196
594
5591
4771
25
3789
3946
3735
2196
3003
511
722
1668
1294
4920
457
1482
2561
5087
3139
5062
5062
4406
3192
2519
5566
4652
4142
4836
4884
2243
5085
3696
2630
482
594
1588
1298
5471
1480
833
5235
3624
1017
2863
4890
3368
4211
2963
3378
547
4876
2189
928
18
1450
556
1044
-1
3139
3139
3996
2731
1449
3659
4555
2122
3139
3800
3887
3862
2565
1860
4890
4095
25
3985
1902
521
3185
1991
1757
541
4098
-1
425
1636
4161
3144
4245
2364
2619
1297
1288
590
3459
147
25
2490
3003
2164
4005
3485
-1
3730
1298
960
4945
833
5132
3887
719
348
4728
2630
2724
1269
3057
5518
4972
3856
3139
4272
195
343
4884
57
1300
5293
1789
4311
5587
957
5671
541
1736
5107
4039
5128
3139
-1
1504
2016
2582
2420
2393
540
1775
1888
4815
1119
425
2285
156
4006
3467
5022
5627
4978
561
4006
1513
5013
3676
5364
438
2068
4004
4598
743
5050
5419
4096
3735
1780
-1
1458
1405
3621
5402
5505
158
4890
5712
2762
2164
25
-1
4064
5073
-1
252
2327
4850
2809
3932
2591
1618
283
3528
713
4082
778
2588
5331
5433
1798
4226
3139
1313
1482
425
-1
1073
3613
1206
1465
2360
1318
5420
3584
1257
5611
5384
411
2290
3582
3000
2792
3308
1754
395
-1
687
53
147
2124
1583
3139
1044
5334
-1
2285
1727
1313
2882
4238
-1
324
867
2285
2744
2189
5551
1185
583
5615
2802
2346
450
1254
16
3139
3222
632
1168
2192
775
1793
-1
1266
243
4000
5306
5313
5094
4663
3017
1463
-1
4615
-1
-1
-1
3838
3139
1297
2122
5313
5402
-1
2629
3139
1992
838
594
41
2724
3789
1809
1570
3139
1210
5101
5075
5172
1044
4053
4117
4966
2196
3621
1498
3139
276
1568
3139
1959
1598
706
4945
-1
1452
2619
2212
5028
25
2237
3308
4373
1407
-1
5028
3170
5490
1210
-1
923
2196
2724
723
3682
348
4181
3287
53
1307
2200
2196
5744
5426
5681
995
-1
1907
1480
2731
-1
4039
2752
160
2568
4066
2016
107
2016
630
3468
5049
3139
2158
5700
3139
3696
4276
2813
4192
2390
5191
5114
3696
5254
3994
4037
4039
2724
3139
4890
4802
3528
1902
3985
5384
25
739
4373
25
10
5293
2566
1019
3803
41
5271
425
2200
3289
5266
2189
1307
4334
-1
2489
1361
3139
5433
1157
-1
3139
156
1465
-1
2196
5362
2363
5385
4039
4073
2122
4718
25
1185
1016
25
4570
3139
2196
4571
3668
3165
3592
5133
3544
4040
4669
3308
1759
679
4555
2396
1123
3139
227
5683
785
3682
1313
1044
4836
4136
3590
425
1219
3046
-1
25
3621
4004
457
1496
1936
713
3875
5085
4107
5402
1619
4945
1452
5576
4995
1465
-1
594
746
594
937
1148
425
127
881
3485
5222
3215
425
4016
2475
4720
400
1185
2882
5410
3965
3005
2154
1661
2146
5402
3113
1298
4966
1117
280
5183
2768
2331
3420
611
2882
3496
3569
2300
3081
1101
2482
3139
2196
2196
99
425
3025
4815
2135
3875
4348
4039
4586
882
630
937
4966
2295
2196
630
3139
3139
1300
425
3279
1777
5412
1230
3768
127
1588
1778
3161
2619
3871
425
654
2953
594
1425
4611
4476
4815
2724
2196
1601
1635
-1
5576
2562
597
16
1586
-1
4718
1928
1435
4890
4270
5362
1263
2189
425
5062
5587
5672
4708
-1
5200
4771
1405
3139
3308
3139
1349
3456
630
1339
4238
227
3956
3111
3139
2196
1167
5036
1153
3308
4045
-1
112
4188
5028
5603
4969
147
850
766
1988
147
1616
-1
3722
937
3072
1777
3098
1269
2619
458
-1
4007
1210
650
4669
1465
5191
423
5402
1601
1964
4720
1549
1052
1697
4716
4718
2016
5336
3390
1973
3015
5695
5219
1757
1695
3085
3581
1668
5743
2856
4771
2005
3828
1313
1650
1410
1320
4713
4142
1118
4484
227
3744
852
5179
4200
4188
303
4491
993
3238
3139
5402
3623
3675
5725
5133
2285
5340
3139
1791
5340
5576
-1
1378
5497
923
1546
3139
3696
1670
5066
539
1254
5022
3139
2495
3192
425
651
1919
1141
1044
3621
3139
5674
2285
3054
3139
5441
-1
2630
3139
1044
1480
1313
1699
2863
4836
2665
3139
4061
4418
5580
3094
5271
-1
3139
2016
827
-1
4404
1362
3974
5508
2148
5402
3947
5671
3924
3572
277
1152
922
3315
1909
975
1465
1506
3777
1692
595
3137
482
4233
304
3192
526
4012
4700
3809
5737
-1
630
630
-1
450
4494
5433
2595
53
3066
1044
3303
5499
2521
3139
438
4015
563
425
4571
5402
5074
230
-1
1452
4799
3139
538
5062
425
227
2994
3427
4925
425
1504
549
825
-1
269
4890
5271
3069
1706
3228
4039
4718
3139
1887
4695
227
-1
194
1777
772
5016
4718
1044
1583
4107
3044
2196
1307
3139
1095
41
588
-1
2196
315
4846
2762
2125
5156
5082
1628
882
5162
4945
2196
2934
4891
1463
1307
594
2825
3439
3072
4999
5557
5706
5402
3115
-1
2619
-1
5402
1611
524
5225
3142
2184
2267
5337
-1
3139
5191
716
3623
4891
3139
4950
3349
872
785
1172
-1
1354
298
5362
4497
450
2196
1096
395
1452
1630
4393
161
3833
2813
3875
41
4171
2879
2685
376
-1
3124
304
-1
-1
540
5587
5587
2435
3139
3139
1185
5396
2267
3139
1062
4226
3139
3838
1210
746
25
5062
1105
923
1583
1872
2122
5254
4039
4570
1601
1193
4877
1890
151
1699
5015
3869
2574
5191
1636
2762
4597
2615
3039
4884
785
5164
4978
4760
5655
3595
2364
2897
3278
1850
4226
3139
2333
5648
-1
5442
1922
1227
2073
5402
3139
4039
4890
4332
4121
1354
2156
5022
4875
41
-1
196
4255
1157
1244
1017
3540
4517
590
1171
1572
2724
425
4721
1073
4283
5623
25
1757
1759
3046
2385
3113
5081
2872
2023
719
544
5587
5426
3289
507
4226
3480
-1
726
3676
1872
1313
208
5402
645
1864
5186
1452
3621
4129
785
1414
4942
1185
5497
5302
-1
3869
4181
5274
4287
1405
2134
-1
2157
1619
