2196
4787
5518
2196
5235
5402
2067
5100
4927
5402
425
1395
5402
3139
2286
2196
5402
4065
1016
5104
2974
3308
5595
3572
1704
4065
1876
5595
5595
5327
448
4616
720
3139
195
3139
2196
3308
2092
739
2561
5009
4438
5402
5595
3139
41
1594
4730
2333
276
2196
5374
2196
2882
2196
778
5486
4253
5402
3154
1661
5466
1004
4720
4720
938
5402
5410
5354
4966
4585
5402
5402
4466
425
4515
5062
5402
-1
2196
3579
3139
353
4720
425
2825
258
360
5155
4065
5595
496
5402
5595
3770
1487
5402
-1
4720
5595
5687
494
1350
3139
3139
5402
2182
4934
5595
3676
3163
4158
1571
2866
4065
2196
4226
4539
1944
5352
1794
5143
734
275
3770
4720
52
5203
118
3308
3770
353
5402
5280
1301
4078
5402
3139
5402
3387
4825
4720
4378
5402
3308
1752
3174
425
242
3139
2889
2196
5595
2196
1876
1407
4731
1902
2248
2414
5402
5410
4563
4720
1496
703
5402
5621
3653
540
3337
3946
3139
485
1616
3139
3476
1070
3596
4975
2243
4662
3388
5104
3139
2882
5402
5111
627
2021
5402
3667
4720
5594
5588
1876
1300
5402
1401
3139
1072
1996
5655
2949
3139
5695
1391
1300
1616
324
1976
4644
5497
5402
5111
4280
4833
1583
3139
945
1680
5086
2949
1157
1050
2196
2267
2949
1011
3139
4065
2196
1954
473
5293
263
473
2949
3308
2196
473
3139
57
2285
4065
4822
3139
57
3419
25
1876
3658
425
2195
4265
1876
2103
938
5195
127
2364
3139
1841
473
1598
357
4720
1720
2306
-1
5587
5111
3363
5402
1362
1300
360
2068
4720
5254
5293
1411
3139
5177
357
3308
25
473
2243
1337
1452
4763
3377
4039
2354
1300
5153
3387
784
2251
473
5402
473
353
1352
4877
1819
425
3874
5402
3658
3174
1848
1876
4662
2257
3139
-1
2154
3497
2196
473
2285
4465
5402
3139
473
1352
3388
-1
5738
3457
3621
1903
-1
5203
3887
2719
1016
4900
1410
474
2285
1832
2228
2615
2762
1723
4209
5271
1552
473
1925
2583
473
1661
1095
-1
1427
3139
4181
2196
1300
3308
5402
294
2825
3388
5111
1787
25
5402
4411
1167
2531
2285
5513
-1
5402
3708
5313
4720
2029
3634
473
3139
2762
1300
2150
4572
2762
5111
1824
-1
5152
3376
5402
-1
1168
2762
3139
4771
2720
4038
473
1816
4890
4226
3423
3308
3139
1079
64
3308
1619
5402
4280
4720
3308
2762
5642
3139
3658
3383
520
3821
2016
4109
1849
5547
1616
1307
4226
5104
3770
4280
4065
754
4890
1530
4173
5611
473
3174
3139
2825
2150
4209
4525
1897
5272
425
1040
4564
2196
4265
-1
353
187
473
1840
3139
78
2410
2314
5402
2762
4720
2196
1331
425
3676
2619
-1
462
3139
440
5499
4206
4065
5691
-1
1085
389
1868
4884
1619
5319
5163
4829
2285
5561
1616
2516
2516
4720
1665
1873
473
1619
5271
4934
5595
473
4225
2150
4223
5587
-1
3139
1168
5062
2825
5444
2779
5136
3676
3497
2401
382
3495
1616
1016
3840
3139
4265
5616
3139
645
2762
4158
2838
5133
5088
3382
425
1168
5738
3254
5176
2762
4067
2105
2200
3139
465
761
4132
704
1016
4662
25
5240
4226
5402
5402
425
1619
2200
1876
5495
1619
2949
-1
446
3308
2285
3495
743
4628
5387
5271
1016
2619
2762
1932
4267
3870
1972
3139
1398
5271
2182
5691
5163
2911
1681
1876
5576
2873
4890
2441
1307
4566
473
2043
2196
1721
2285
2762
4265
5203
3641
1616
5077
1616
5009
1876
3837
4490
5482
63
3505
353
5288
4567
4939
4890
5497
5402
117
3641
4487
419
5402
2615
4194
2685
2153
1876
4662
9
4053
1070
2724
4720
645
3623
1876
556
2243
4226
2196
1070
5738
1178
2977
1699
2516
1651
5156
2096
2809
1429
4506
473
5595
4776
425
5402
2619
3690
1224
4946
1405
834
494
751
938
4771
982
4945
5271
-1
5140
2898
2196
25
494
5587
425
-1
2081
25
5558
5402
4226
2691
556
2196
3641
494
5471
1681
5402
1954
5729
3040
590
508
2236
1588
1323
1320
2619
3139
2122
2285
5720
1016
1754
1579
-1
561
1168
4771
508
3482
4654
3139
2984
561
5664
425
5160
3003
-1
86
-1
4065
1307
630
3074
2469
3139
4215
2067
1160
2780
2285
3562
4771
25
4019
473
34
3820
1178
1160
3473
3622
-1
5250
4966
1160
3240
227
1636
127
5067
4065
5402
3138
5576
1137
3032
-1
2615
5271
-1
5402
4795
147
25
2401
3139
1876
-1
1016
5112
5402
5062
2762
823
5402
-1
2122
2285
3622
1480
2516
561
4890
425
3003
473
5402
5012
2378
2762
2720
485
5491
2459
3770
2615
2762
2843
3568
750
3658
-1
2849
2615
473
1619
5271
-1
3027
4053
5402
5740
4392
3308
5402
3139
5402
5402
1480
2015
1054
2762
1616
1200
1184
4951
5445
2196
3139
2779
1616
425
2236
4099
5402
-1
221
1616
5402
-1
3139
-1
4815
1903
4945
425
4815
5133
2720
1632
4890
-1
1307
1168
2246
2762
1429
1622
3139
3139
2081
3139
5171
3139
3242
5402
1044
2084
25
4945
3139
3657
425
2886
1632
3641
-1
5402
425
3800
4771
5203
2619
4771
425
1238
473
3139
4134
2196
3095
3682
1429
473
4567
4908
4929
2762
5402
275
3139
1042
254
4662
-1
3139
1269
3621
2236
1019
-1
1876
1429
3139
1619
1099
5402
4770
4049
2609
4400
3495
4366
539
1276
2081
4065
3238
1207
3139
2724
127
1243
5544
3139
923
2762
2891
1480
-1
4720
4720
425
249
539
561
680
4493
383
1996
5062
3074
5662
743
5467
2401
3103
-1
5402
2208
4226
4411
3074
3752
3880
743
3308
3389
-1
662
302
425
2778
16
16
92
3103
1003
3591
1664
5203
4585
1138
2285
1470
5628
547
1616
2638
2523
694
4215
3139
4133
781
3253
3103
5518
1298
5165
288
2401
4007
2200
-1
1619
4562
3003
5662
1269
3139
5139
5139
162
-1
834
2052
2645
-1
2762
4753
3139
5012
1583
3308
425
-1
4294
5402
5402
425
2196
1157
2189
2196
3792
351
1928
473
-1
1427
1313
351
-1
3200
3682
5402
2762
3139
-1
3139
3215
3621
5500
3835
2789
1903
3139
3641
591
3682
5741
-1
1470
4226
2354
5012
4039
3641
5729
3139
4099
591
1429
1775
3495
3139
5402
3139
539
2612
3462
5471
4463
4576
4087
5402
5092
1195
834
2150
412
5347
4421
3723
4194
2973
3397
1888
3139
1207
232
473
57
2285
1429
79
3363
473
5471
4718
2562
3456
1160
4486
4913
3066
3682
5271
3763
-1
5062
1095
4058
-1
3212
2149
1370
3139
2285
-1
2943
2762
3139
2837
448
3621
3139
2105
3139
4856
4912
787
3388
1632
-1
4626
5402
4890
594
3308
936
3497
823
3650
5402
2328
3441
521
5402
-1
5125
3238
3139
3439
3079
674
4226
5738
1610
1699
834
591
1366
473
1598
783
1903
3095
844
1632
1429
4538
2719
3139
2401
1269
482
5353
2615
4019
5402
2196
5370
482
5497
3232
5491
4226
2390
4065
-1
4014
4966
2010
2285
4711
2285
2776
594
2243
185
473
5402
2165
1958
5402
1168
2285
2084
4255
109
3770
2285
2474
1168
1044
2625
425
2236
275
2132
-1
5232
425
5250
1616
2957
1168
25
2297
3428
482
852
2638
5022
3139
5730
3689
4662
5662
1429
-1
4099
2594
2768
4226
1168
1336
-1
3074
2943
3895
-1
1168
2857
4122
2285
5431
5043
5087
1044
3183
5384
1210
1876
1844
834
1168
2849
3139
-1
5587
432
1600
4660
1699
3495
2194
1936
-1
1298
2948
508
2236
2285
3977
3738
2285
3682
3949
2101
2196
4226
3074
425
285
3682
4065
1044
473
482
2778
688
4827
-1
1831
599
3139
888
3086
-1
5123
41
2776
4188
210
5402
1168
-1
-1
3139
1295
2825
428
1042
2124
2619
5015
482
4484
2809
3492
3308
3622
4771
920
1044
4718
1647
3139
3585
3139
494
3139
1171
425
1036
351
316
5162
2164
2081
3382
5049
351
59
25
2548
-1
1116
4717
1330
1016
2196
3862
5733
4523
3139
2305
4287
5729
-1
4497
92
2200
436
5402
4397
1466
591
1429
5384
2196
4771
3515
1036
561
4224
425
-1
5402
4567
3074
1800
275
1071
252
2762
1273
1160
3139
425
2285
3139
1160
2762
3093
288
-1
5671
3139
1429
3139
2724
2786
3139
3222
2199
3139
1632
2285
1298
4903
2130
473
825
4844
2196
425
1016
4099
5528
3139
5587
3530
3388
2196
1019
4771
2638
2200
3139
3887
367
185
1935
5402
5518
4692
5402
1366
1470
993
507
3749
276
1210
1300
3158
5518
-1
227
1567
4945
2255
591
5125
3139
304
5221
-1
931
4280
4901
1019
1273
1945
2285
4890
4890
-1
741
-1
1480
5402
1616
1699
3139
2569
4332
2263
-1
1044
2706
3139
3457
5402
-1
5402
2516
4559
2285
4107
2516
1681
-1
5687
1300
25
3788
3308
4047
2196
4105
2601
1699
2200
2218
1583
1168
4226
5402
1347
-1
1958
4808
68
1273
5347
2196
4997
2593
-1
473
2762
4529
3139
1429
2834
425
1042
2285
351
938
-1
2326
2196
3749
4099
517
1070
823
2691
4945
3725
1583
1427
-1
482
-1
314
3863
2762
4099
18
4265
4107
4713
2776
3621
2105
722
614
4371
2762
4755
594
1092
1601
3308
5043
556
2531
2906
5587
7
-1
2762
2269
2920
937
36
3087
4823
5183
1636
1213
3139
-1
4164
3139
3682
2196
1019
956
2650
5071
2776
5457
3592
1429
-1
3139
4890
-1
-1
1347
2333
1069
-1
1465
1148
2975
1427
5122
2390
-1
2100
2762
1583
1868
3139
482
2834
3139
1608
2683
127
2081
1036
27
5049
-1
5729
4226
5744
460
5019
-1
5163
688
882
4316
688
16
437
2183
5473
3945
834
1782
2469
583
1425
5587
-1
591
1429
3139
5357
3382
2122
4222
4408
825
2184
-1
4222
5028
5402
1722
2998
1470
594
5140
1677
5616
4105
3139
473
196
5471
975
56
5402
3946
2585
-1
594
4001
2376
4771
4405
5071
4497
5402
1322
5384
3308
5574
2813
1273
1171
2285
3814
5747
4815
750
24
1160
5491
5402
4745
3621
1270
1030
4453
540
3711
1616
5742
3641
2374
3139
1168
473
2326
5505
1699
4287
4675
3139
25
2762
3139
2465
2762
825
3003
3979
4471
4590
1313
1160
3139
3809
3039
2196
3676
1095
1019
113
4226
-1
5049
4134
3308
436
3139
1003
1185
3518
1465
5248
1606
3593
4720
4215
4987
2177
5518
3139
1185
2191
972
4099
3139
3943
2762
5111
1003
4232
5630
25
2999
1588
25
1168
1751
275
1443
539
482
613
3167
2269
5085
1307
3621
2474
2399
4937
4226
-1
3308
2706
1003
3622
2196
-1
3875
2873
2989
25
3613
1465
3363
356
1003
4295
4801
-1
1088
2762
5402
-1
1166
3716
3139
1003
5402
2850
3280
2196
3139
1095
3676
2285
3257
2251
3139
-1
4226
1168
2196
688
1608
1307
1168
5402
2326
1850
425
1583
3682
3139
5402
4487
3139
740
2776
5497
1480
5738
5729
2285
1307
1307
3139
4209
5043
3875
1480
1168
2196
3943
1168
-1
3139
24
3240
3139
5402
1095
1429
5047
4888
1160
4226
5062
1042
5047
2285
1993
1289
1226
4807
2933
531
4742
-1
-1
1902
4836
2236
119
2376
2171
2285
3162
1874
3325
834
338
4768
4148
3139
-1
5271
5454
3072
2516
4209
3569
1307
1874
5287
1928
1168
1999
2196
4437
3074
-1
3651
1168
-1
556
3762
1692
4768
411
2196
25
1095
5737
5133
1307
3003
3139
1842
4039
-1
5006
-1
3749
5402
865
1892
4717
2850
2164
459
3880
3682
3427
3989
4039
1830
-1
-1
823
3238
5384
-1
185
2285
3139
3139
3072
2431
834
1833
4313
3139
4912
-1
4238
4887
688
990
3887
4412
4890
1653
3003
2200
4888
5194
5062
2196
1298
25
-1
4634
3920
5737
746
5271
785
937
3194
2285
1876
591
3800
482
261
961
3749
1313
3103
-1
1420
1470
5104
4226
25
1554
1360
5200
2704
5402
2619
5387
5528
5043
3167
3591
1793
225
409
1393
3240
3139
2619
2285
3518
5123
4082
5405
3139
-1
1207
5729
5049
2995
986
1462
3839
-1
2196
1042
5402
1298
2330
5497
425
2170
1465
4072
5714
1352
4079
5650
-1
3139
2171
3522
25
3682
3308
1200
1269
2675
1106
-1
5505
2196
906
3139
3852
823
2200
-1
1230
875
2027
2269
3184
5491
996
5402
-1
2719
169
1166
2376
-1
2615
-1
-1
25
310
797
688
1101
-1
1307
1313
4688
1269
743
3139
3072
872
2191
1632
5616
2762
3139
4274
702
1994
5077
2616
5402
3171
2196
2873
25
5269
5049
823
227
1429
2333
4944
2196
4654
3222
1661
5399
3139
901
5671
4373
425
-1
1210
1999
5384
719
4977
4497
4529
3487
5540
1044
583
123
4448
1388
3643
3682
1234
1319
425
25
403
1427
243
5487
3139
5402
810
-1
1273
1727
494
825
3904
4024
1709
427
1168
3288
353
4
4025
3139
3139
4226
2195
1298
-1
2958
3139
1204
1831
411
3543
2285
2615
529
1381
1225
4315
-1
3003
-1
4359
5395
1812
5674
3877
1601
3618
5062
354
4215
1883
2122
2762
195
285
-1
4444
834
-1
3367
3139
1504
834
5729
482
3506
1210
1240
4265
4693
3622
3469
1101
25
591
3528
4442
5518
3999
2578
5402
2462
2285
3476
3943
823
5203
3549
1294
3160
5576
5093
5213
3139
5419
2220
2096
-1
3311
2196
-1
-1
5419
4369
107
4497
5408
904
1661
2809
351
53
-1
2196
1354
5472
2153
1307
5393
4226
2369
425
2693
1468
-1
1388
5738
3139
1168
833
-1
3943
834
834
3328
3215
3139
5181
3139
4956
923
16
2384
-1
3139
1823
473
2736
5402
5271
5402
4890
3139
4379
353
3139
3943
2285
-1
3595
2989
3139
2326
3606
4497
3139
3682
3946
1168
3139
1699
-1
3139
2196
630
3139
2285
5111
66
2615
5062
1601
4654
823
5037
5140
2517
1856
872
3222
-1
716
-1
1269
473
425
482
1323
2951
1616
2196
3095
5140
10
2113
2665
1888
4428
3139
5402
2111
3975
3487
473
425
1876
5269
3308
2517
3139
1044
1347
974
465
1636
-1
4488
5269
1042
2306
3139
2241
5747
-1
3920
-1
3139
2167
1699
4290
572
4304
1692
2127
477
1764
2882
996
2325
1429
1200
3376
3388
1681
2678
-1
5402
3549
2285
5402
3538
2196
5738
2096
2285
2285
1541
4107
3139
-1
425
2675
2200
3238
5402
1847
2776
2720
1601
177
4222
3815
5172
5271
1095
299
2833
5576
583
3139
1168
2390
3095
4957
1902
425
5133
2196
1528
25
482
-1
2554
4158
2871
2619
494
1528
4099
-1
3884
5402
3139
3852
2972
-1
4226
2200
3139
5671
5733
-1
5502
-1
1429
910
-1
2195
4226
5402
4890
25
1545
77
3520
3139
4265
5203
5622
276
425
5062
1699
25
5269
-1
4768
2367
2995
3875
2762
25
5043
3038
1895
2495
716
-1
1339
4661
4906
1116
4039
1297
2638
3367
441
1876
2196
1529
2200
5400
4039
4819
5671
2957
5528
2762
1636
1298
1160
5413
3139
-1
3057
2665
3139
4195
2762
3943
2200
3641
25
3363
227
1168
5303
353
-1
2750
1452
2376
2619
3678
3139
3028
1178
1820
632
2825
482
3162
4986
1168
770
1601
4157
-1
2762
2285
2401
1206
4833
3139
5747
1981
5737
4215
4344
1168
4065
536
303
5587
241
-1
425
2420
2678
3139
3055
5402
632
4103
1947
-1
5062
4674
3772
3963
1200
25
4787
4799
3139
4720
3308
1238
1455
1999
3946
3684
-1
4118
356
1427
3238
2200
1935
3495
834
4951
5637
3042
931
746
25
2762
986
4772
2102
3943
-1
4327
4196
-1
5713
3139
3738
3308
1989
4810
5502
594
3057
3139
-1
-1
5139
5062
3139
3190
4265
2615
1836
4226
539
-1
2285
3139
5112
4890
4280
3139
591
-1
2285
3621
-1
5049
183
4270
3875
-1
227
3139
1670
716
-1
227
594
2283
3875
1054
4181
1313
425
473
167
1804
425
1793
938
127
4772
1470
-1
2060
3621
1054
2269
3623
4447
2269
1685
-1
2266
5671
1709
3828
1106
3139
2841
2813
2184
3308
3139
4062
-1
-1
2376
378
2638
648
4802
494
3139
4929
3943
2762
4337
651
832
1236
-1
5071
561
5737
4771
5254
3139
4226
3139
36
5111
425
1157
5313
2497
825
4519
615
1699
2276
4854
2383
-1
3153
-1
2578
2122
5595
1842
3714
1270
3943
3360
3687
195
932
4442
613
360
1470
3869
3057
481
1636
329
299
1307
5545
5729
2462
-1
1171
4074
3622
2285
1300
3682
-1
2196
195
2354
5512
2813
2196
1054
1583
425
747
1681
3239
5203
3139
1946
4718
2863
1601
227
2370
2736
5656
1699
1230
-1
4058
5266
4039
425
2905
4772
425
2196
2196
3139
1313
1273
5429
3330
5545
25
1692
2096
1479
2285
2497
-1
2196
5714
1796
3139
425
2383
3003
4966
633
3139
1931
5142
2825
937
731
473
3139
4179
1307
-1
5012
3139
1984
3878
195
1793
4456
5408
5147
2332
1298
5419
4771
1601
3873
1692
875
746
2380
5402
5130
4039
4433
1016
336
2360
2314
2777
275
893
1168
1172
5165
3406
4801
3066
5170
425
53
1590
1597
2615
2706
4332
2762
3139
5402
3139
5747
3072
3685
5695
2736
3869
2762
2196
3875
348
1699
3139
2762
2762
402
5213
2196
-1
5545
1297
473
4226
2619
823
5399
5343
2171
2615
-1
623
2285
3943
3875
955
1366
2774
2269
3980
5177
2196
1162
284
4265
4358
425
3139
469
-1
1277
-1
3051
1269
2196
2200
2825
3479
1307
1601
1518
5389
1601
5471
5616
2800
1886
3003
3549
-1
3374
2638
1504
1404
1632
-1
1636
1168
-1
4801
3989
2196
3833
425
-1
5177
49
482
719
630
288
540
1692
-1
2177
3887
77
2285
3681
865
2267
425
1699
1038
1347
3139
3828
278
53
477
53
2809
1152
30
750
982
5578
1087
1737
25
2552
5357
1947
1298
25
591
4890
3848
1868
3144
4631
1078
3139
2196
4807
16
1269
-1
1999
1845
-1
1429
-1
-1
2050
583
258
2285
3139
3561
3057
571
-1
425
2586
25
1307
5347
3581
5313
1699
4945
3298
3849
5491
1723
4250
4196
4442
1443
1388
-1
2260
1583
2639
1429
16
4941
5047
2998
2189
3869
2762
2968
25
3682
4771
3136
4890
5671
4196
3049
5224
2639
5003
3139
5140
1830
3139
5714
3622
1307
2644
4371
513
562
1054
3139
5402
1465
2196
810
1269
1615
2285
1193
2196
2734
1003
425
613
2412
1429
3272
3738
4959
2196
4158
1095
3767
3943
922
5587
2762
1569
5062
3139
3621
2406
4469
4226
4265
1042
2285
2196
2196
4250
4890
25
3676
1313
3308
1655
2850
1160
4086
2619
4039
-1
3139
695
4718
5671
2196
2825
787
3676
2171
425
5085
3621
5671
2333
4007
5293
2516
5224
4415
4153
4373
195
1619
267
834
2163
4743
2813
1791
1019
1710
1101
2551
2878
2051
2196
3139
2200
5402
3595
-1
1003
5354
4771
3876
2084
5671
-1
5728
2615
2350
482
4489
494
-1
-1
482
3878
-1
1273
583
3139
1304
3308
2849
-1
1601
3875
1431
1549
3139
719
583
2285
2285
482
793
-1
3889
2308
3447
3830
1429
2813
1498
25
25
5164
758
2850
1577
3641
3931
1038
4890
1298
425
938
4662
960
3776
3139
1210
2890
1583
-1
-1
1722
-1
4332
5055
3139
-1
932
5089
4053
3139
1408
5578
2200
255
-1
2863
4986
1603
59
4371
910
3506
4654
3139
3139
-1
3749
425
797
1320
1465
-1
1405
4437
482
2863
5714
4497
1297
131
1796
3157
589
1616
3222
4699
219
1269
2196
1016
249
2692
1161
2863
3139
3779
2570
695
1843
1601
1765
5402
1413
4222
4397
-1
2420
3139
4196
4966
3987
2023
5402
2762
825
-1
4651
2196
-1
3160
3139
4764
323
4908
2196
630
304
651
1632
1016
5491
1681
185
351
2724
2762
2187
4106
3483
4408
3240
4070
2882
1314
2106
389
3949
3139
2949
5714
1619
618
4801
4660
59
3887
-1
2856
4373
5028
2285
4833
3621
2850
4966
4348
2370
2196
1298
5043
4265
4355
3248
227
1082
2850
3550
5433
3162
1160
3730
4890
1895
25
1294
4654
3435
1210
3828
25
4772
5402
2570
3136
5075
3139
425
1967
4717
5233
2505
373
5140
1168
3139
-1
3080
1601
906
4672
425
4056
1675
-1
1003
414
2285
2265
25
571
3621
4373
425
-1
2762
5322
-1
2326
2285
4469
5405
1874
3621
4945
5133
3139
2285
1307
3139
2067
5402
2762
4226
923
1783
5402
1044
4217
425
4961
2333
2052
1465
3912
5402
3455
425
-1
3162
4039
1083
1347
2376
5059
2243
482
3064
400
-1
540
4772
2993
4442
5178
4497
5491
865
923
2269
2122
827
4125
1699
4860
4226
2196
3139
4720
-1
685
5110
4226
1470
4812
5413
4833
2285
3174
825
1916
1479
-1
1161
3876
1160
2590
3139
3772
4315
1672
1269
2715
425
4222
2626
2146
-1
2196
4034
1664
5268
4063
3378
1350
-1
3528
4768
2285
4945
244
3530
1297
127
3482
4720
2584
583
2619
-1
2373
5133
2388
2380
4034
1936
1852
-1
3139
-1
5402
583
3167
5699
3682
-1
425
-1
214
1975
3676
1989
1294
4998
425
823
2800
3676
4158
4662
685
170
348
-1
3139
4183
503
913
3118
-1
1138
1019
4196
2376
3139
3761
-1
5003
2619
2136
2285
2196
3875
447
227
5258
1044
1429
473
414
5402
1443
4548
1297
3098
4552
581
5362
3139
2460
-1
4923
2292
3139
5402
1172
787
3222
4497
4890
5629
425
3876
5370
4676
2200
4945
5402
2102
2383
-1
1793
2149
2517
3838
2854
1860
3139
4482
3278
3822
5616
1307
606
1003
2998
1616
-1
3682
5502
5178
2949
2505
701
586
4608
4202
5665
5413
4836
2453
4713
5402
425
195
3103
1016
3139
2638
5491
1313
2327
4508
5402
4280
3841
2903
227
-1
2196
3238
3139
2196
2363
223
5062
2421
-1
5402
4626
2196
1168
5502
4801
1273
832
3139
1273
3869
540
3139
3612
5152
2474
2095
865
3841
3139
991
-1
111
2285
-1
1465
4471
633
1876
4222
1168
482
-1
4226
2562
5028
2850
-1
-1
192
-1
5351
2811
2285
1631
3139
2196
2440
-1
2054
1776
3139
425
-1
4772
5475
-1
-1
5402
3822
3139
4966
1388
1185
1300
3139
3943
2720
3457
-1
4664
4373
4503
2196
5049
2153
1879
1723
1688
53
5037
2102
2196
2390
1826
477
4945
3621
425
33
1776
4226
4998
2196
3549
5497
1323
1121
2196
3369
1601
4368
1504
-1
3238
3023
3489
4270
1811
2064
5062
1545
3887
-1
5402
2575
3828
1206
3139
5194
-1
4039
4226
2354
2102
1482
4305
1751
5049
1532
5452
425
2615
5062
4968
3139
2656
4436
1206
1307
719
1090
2877
787
924
583
-1
3768
1601
1588
718
2838
1339
95
2619
4772
1722
4662
1019
5213
62
5384
2338
2515
823
5497
444
3017
1269
5587
2285
1482
2368
3388
2073
787
3139
2196
5133
5267
5411
3340
2998
1452
4442
-1
411
1465
5385
5362
-1
-1
3139
2394
3875
670
3139
2285
-1
5140
303
4226
4298
5162
1339
-1
-1
275
1502
5402
1269
1230
425
3000
1398
2196
1465
2373
2390
917
5384
5497
3579
4188
2838
4892
3396
3139
4010
477
3340
3139
633
12
2014
4966
5530
1429
4105
425
3312
2938
4893
3875
2615
4005
5521
5062
3139
2570
2751
3139
5730
2776
3387
3139
4602
1307
2394
-1
-1
3080
2196
2877
605
1116
3089
3238
2455
5569
2762
2378
2164
3621
4147
425
1807
25
5062
1583
24
3139
-1
5062
583
4225
485
550
3980
1181
3139
2615
3139
675
3139
1699
4665
1588
3139
3676
2220
1637
4763
3062
594
-1
3069
5714
2600
5671
2776
3682
3676
1298
4965
5007
5224
4226
3071
1429
1204
391
2848
1922
3308
1339
3041
3592
833
195
-1
3072
2069
146
-1
3838
4713
1545
1456
5402
4330
2762
556
-1
5402
583
1019
2196
4945
2122
750
355
425
5200
-1
2638
-1
3071
4961
3484
3945
4497
3838
5071
3139
1961
2164
524
1019
2326
-1
3308
-1
2196
2634
-1
-1
3231
2366
185
5077
5671
3917
1681
425
5336
25
26
4188
59
1462
4990
3983
2196
3682
2124
25
1692
5062
4945
1168
719
1185
3317
1210
25
482
1185
1588
5668
127
1699
3875
4092
3880
1465
1751
5538
3139
1352
2285
2195
2196
3139
2724
3139
5232
1307
1095
2639
5583
3139
2516
161
195
3869
4147
1379
-1
-1
3869
3456
3779
1906
5402
1737
2516
-1
-1
2834
3828
4044
5737
4914
227
2438
5062
179
-1
407
2196
2196
-1
2097
2184
1300
4195
5402
3682
4535
1331
3139
3172
4807
1850
904
4269
2871
1588
3139
3696
-1
5062
4555
4092
2762
3259
3139
2435
3987
3945
2390
4104
2999
1723
5729
5043
5133
1480
1206
2688
2188
425
4287
-1
1472
5232
3682
3069
-1
4834
4802
5062
3627
1702
261
4802
2671
541
4034
3204
2196
5501
484
2619
1699
2196
3445
33
4890
1546
3993
2183
3139
2196
3139
1517
3838
2762
3051
5084
2610
2164
485
1274
2188
4438
791
69
3615
1076
3270
-1
1821
5224
3077
4598
3164
1323
746
2236
754
4039
4834
4615
1384
425
-1
865
3139
4348
425
2743
1946
2308
2245
3889
2164
452
3422
4471
5419
1944
3479
3847
2123
-1
890
4188
556
3875
1172
1452
1943
4890
425
3139
2007
2949
5062
3071
4763
5402
1601
1776
1192
25
923
4034
127
4114
1405
2619
1044
2435
3139
1624
5062
556
4374
3641
3864
5087
4619
1842
1672
1429
5402
1178
2196
1465
5301
3139
4438
4961
5714
5198
2014
3395
1739
1595
2315
2196
4792
5402
594
4456
3223
5164
-1
3238
4169
719
2864
1283
-1
1297
411
3115
5688
3139
4511
4694
1619
1429
214
3051
99
1304
243
4451
423
881
1821
1429
2146
594
57
3731
2285
4245
4356
3960
4782
1936
3996
1556
5196
1452
1023
2196
2206
3875
127
1793
1725
2447
1104
4543
1868
2196
2724
315
4521
1038
4689
1636
3682
3244
3139
4907
2678
1601
-1
4966
3308
-1
746
5644
3887
5370
4181
-1
-1
1019
4990
3139
752
3139
1616
1117
752
3139
4209
4039
474
482
25
5062
4890
-1
-1
3616
4371
4371
5002
3139
5472
4226
1407
2850
2385
5062
5446
4764
1588
3139
4188
1065
3828
5364
3072
3080
3621
3139
5049
4039
2189
3641
4295
2031
4912
2957
3139
4801
4039
5499
3444
5667
2285
4497
2372
12
3875
482
1677
2772
5085
3071
3139
227
2390
1722
5003
2877
2724
2269
834
2586
1298
763
1723
3223
4039
2932
716
1149
5402
5022
3366
4371
4151
1636
821
3560
425
1313
1472
5436
2873
1999
3107
1095
425
3139
5746
25
425
1283
-1
1044
1625
5003
3378
3139
1737
227
1611
3682
4720
1178
1637
2196
5062
325
2196
5408
645
5071
4699
3326
2462
-1
1429
4890
1733
4654
4036
1083
1927
-1
-1
5402
-1
2285
4534
425
4945
1639
5384
4598
1465
25
3676
2983
-1
2619
1660
2011
482
5402
2189
127
425
4580
2639
2675
1298
3003
2122
4945
4669
-1
425
5003
4772
3400
5587
2762
-1
1426
2200
138
3139
425
3139
3139
3991
4104
425
-1
42
1724
1152
4677
1384
2102
4713
-1
3139
5426
1083
3296
4315
583
5301
77
1016
1185
384
4057
400
3139
1379
2750
3887
1925
4222
-1
577
2619
5698
-1
5022
25
25
2196
220
3711
1733
3308
754
3830
540
2285
1273
2589
5133
-1
1018
1796
3997
1624
964
3139
1012
1583
5177
5144
5022
1699
2327
4159
5402
2374
3843
1681
1429
-1
1044
4340
3139
3139
3139
4487
5402
1902
3139
1334
1298
2096
224
448
5471
2326
2196
5598
5270
1297
183
220
-1
1406
-1
3377
3139
2779
3641
1429
2196
5419
92
2000
4082
2619
-1
5061
4736
1632
4192
-1
3308
2067
3139
3759
482
-1
681
-1
1429
1379
3196
4007
2196
2505
5142
1230
2269
4637
1608
1935
5108
1231
2325
2183
2364
1723
819
1429
3847
5140
1407
4717
1405
5385
4992
540
5271
3000
2825
3139
3112
4998
5062
-1
3139
1809
1427
718
1298
1601
5671
3875
2825
2762
5695
4039
2364
2373
1073
2921
3960
1427
5644
1151
471
494
5424
2742
5233
4469
2200
4771
1931
3274
1626
3550
4240
5345
1185
1362
2464
5590
4642
3139
4469
798
787
5671
1465
938
3061
5210
539
3139
3165
4966
2197
425
3895
-1
3315
3308
3228
2308
3107
4424
-1
4747
3682
4890
2627
2196
-1
2245
4147
5087
5062
-1
3139
1692
5204
-1
3847
195
4801
425
2206
3348
556
3046
1194
5596
5573
1685
2813
303
5022
59
4608
1895
3618
4718
-1
4497
3964
3092
1405
-1
4140
4057
2867
3887
5732
-1
3139
1054
326
2285
5402
351
3800
5402
3587
2085
438
5473
3139
3931
1247
2196
2939
3139
2044
1737
5576
3139
2838
3511
4168
425
2196
-1
539
2615
3003
1185
3223
3566
3139
1038
4912
817
5485
2196
485
951
3768
3139
535
3833
4890
3139
425
3139
1168
1123
-1
5062
4181
2911
1232
-1
4075
1101
-1
2302
450
2308
3139
1472
-1
2243
425
1304
2344
-1
25
1776
875
1313
5471
937
1313
5341
1095
3980
366
2557
3139
425
5062
3139
3139
4768
12
2122
1156
4254
2285
1588
177
5707
3139
4929
-1
11
3072
1601
5671
1210
1185
3278
2863
2785
25
4482
4820
4332
4018
583
739
3164
-1
1185
177
1433
2365
5616
-1
-1
5313
-1
4226
540
1465
5218
2285
5362
622
3139
2431
833
-1
5271
1909
3139
5387
3240
3139
2719
2603
2619
5587
3968
3943
-1
1161
4847
1339
-1
425
3139
5714
2989
4226
5279
3518
425
825
425
4371
2196
2196
245
729
4188
5404
963
785
-1
5571
482
2634
2619
2081
1513
1583
716
2390
1300
258
2850
1588
25
443
2084
3591
5362
2213
632
5264
2156
-1
3838
1699
425
275
-1
2122
3139
2927
25
5384
3680
1238
719
688
3139
4111
5087
2615
938
4274
195
-1
4497
2160
5402
25
2285
2195
3682
1468
1003
1055
1405
1250
41
1699
4689
1902
1313
4763
1475
4092
5502
3139
4188
-1
4110
1895
2993
3308
5254
185
3782
4367
473
3333
2639
2732
2540
140
5643
2724
1303
889
2040
1993
793
3847
5364
3704
3139
5433
2882
2196
681
2373
3075
1681
1658
5587
698
-1
4158
288
4836
3749
2420
3139
3641
1583
1298
281
5062
711
3223
1699
1465
2882
1300
5031
1601
3003
5336
3629
1521
1699
-1
823
5592
4209
403
1054
-1
2349
747
227
2493
3682
1307
127
-1
-1
4226
410
2196
2989
2195
4689
640
4108
1380
4484
4966
3139
4890
1480
24
1808
243
2365
2196
1429
2285
3139
1309
1874
4935
5154
1019
3003
2196
366
-1
227
3139
1083
24
4986
-1
3308
4965
-1
749
5052
-1
4720
4720
5528
3072
3162
-1
5330
1427
1879
285
4034
1168
2779
1298
2196
2524
1044
1461
1083
3046
3743
4000
2200
1699
1405
2948
594
4251
3139
1019
5122
5003
2380
3139
2196
2572
1054
5002
1583
1405
3308
-1
3380
521
1313
2196
4615
4720
5062
3682
5087
2285
1172
473
1193
2250
3641
1161
2365
5587
5587
-1
3456
-1
3139
5062
-1
2762
2516
3889
3781
5419
5049
1379
3139
722
5164
5039
3139
4092
923
685
486
5125
-1
4110
2195
2365
3696
1311
1475
3139
3805
1955
2373
1429
1003
934
5733
1429
4373
4966
3139
4589
2130
3251
5673
5402
3738
25
876
-1
4772
304
5735
3139
425
5183
917
4772
3682
5049
3139
59
3401
1945
1429
1161
3139
4978
1003
-1
3225
1161
-1
3676
3139
3676
4158
5528
4015
2196
-1
5231
2724
1405
227
556
3139
3057
2195
3139
2764
4237
1283
4168
3676
5714
25
1269
4226
498
1831
1405
227
4188
1307
16
3069
4185
5402
2662
769
2863
1776
1870
622
5437
3103
1961
4226
1185
833
1672
2200
2757
4877
2285
716
5122
4992
4966
2122
4298
4497
3344
5163
2726
669
2724
25
2959
2825
3003
2227
4689
2383
177
-1
5163
2196
4815
3139
4875
438
1823
4720
3139
4127
2243
3960
-1
3682
2661
-1
744
5657
195
2016
2954
1611
4890
-1
-1
1522
3780
4732
3080
3363
5062
3072
583
4712
4111
4880
4356
5408
3541
2376
4784
5570
4966
5269
3060
57
5003
2196
2308
3076
1323
2196
-1
4373
2352
1158
1876
5062
4720
729
1737
823
1936
4904
2882
3139
5062
823
2830
4720
861
127
729
1611
5581
4093
3641
801
25
1583
5224
2505
2762
3060
3289
1083
797
1014
3662
3621
99
3847
3308
4442
3279
25
4373
2432
2196
2196
5050
2762
3113
3682
262
3003
-1
835
304
-1
4873
3139
2911
1467
3223
2762
4992
2122
861
5551
5587
1152
3139
2365
5687
5107
5133
5383
1583
3139
25
1482
5616
3604
1039
594
4078
3983
5384
3139
4431
1776
2639
3591
3597
1003
1168
2285
4945
1931
3621
3139
5214
2193
425
425
5402
3003
709
4111
1433
2662
5384
870
4037
2762
195
4401
1823
931
5229
906
4039
5402
1776
2285
2122
4945
2380
3089
5354
3089
2345
3577
-1
53
4515
1685
2619
2660
3458
3838
-1
2193
4626
2038
3139
3139
2196
3462
1681
2714
1347
2638
3713
1429
2195
2365
4787
353
1160
-1
4487
285
2949
25
729
425
1230
-1
2196
4818
5049
3003
4771
5609
227
5419
3073
5049
-1
4168
3581
2605
2196
1738
1433
2196
4492
62
5049
220
5402
5278
1800
2622
787
1699
3121
2877
2333
5631
959
688
1707
2414
411
25
5049
4890
-1
5402
12
5433
5471
3139
195
4944
3735
4986
1528
3003
4662
5426
-1
-1
4802
4945
3139
25
-1
4513
5142
-1
2365
1902
857
5671
377
3822
1876
25
5233
5595
4097
-1
5049
2285
1405
4397
1016
3308
3875
2882
1971
1465
-1
3139
2578
528
3283
2762
2762
923
5313
2634
-1
5062
3139
5747
1872
5671
2285
2816
3377
25
147
1407
5203
3400
5547
92
3139
5671
1185
2196
1095
25
3855
473
1699
4911
4188
1230
4693
5402
2941
2872
2285
4966
3003
1905
1433
275
4720
1059
3139
4485
147
3777
2477
2020
425
-1
62
-1
2147
3139
3554
1619
425
1300
4435
482
4418
25
3828
1157
2770
978
2196
425
4136
3071
2196
3190
-1
4241
3091
1961
4469
482
2813
2008
3943
195
1608
4039
425
3115
1583
2691
-1
3139
4938
5086
5049
5526
2059
834
4771
1588
2196
473
1601
4599
1073
183
418
3240
695
4603
2205
2850
1949
-1
594
-1
3992
5644
-1
5402
5576
2638
1244
1624
1241
-1
1313
-1
25
2762
2259
1956
5028
1244
5269
2861
5747
41
4331
3349
4111
2967
2507
92
5413
5322
3139
1510
2517
4200
1269
3139
4890
3139
2196
956
3875
1692
1016
3139
4468
5497
5402
4771
3483
1472
3110
5301
-1
4000
4820
3139
-1
4771
1179
1465
4039
1298
281
2196
5031
5357
3139
4687
3139
3139
-1
-1
166
5551
1068
3073
2444
1686
-1
-1
1661
3991
1044
25
785
-1
5664
3309
3858
2621
3682
5290
25
4890
2285
1462
2836
548
2691
1178
4104
425
3852
3074
4966
4431
5492
2200
3139
5183
1168
2914
3072
1776
212
1210
823
3000
2638
4720
1206
3741
3338
25
5062
3641
1403
2196
92
1168
4813
25
2196
425
5473
993
2270
2189
2121
5651
5112
3057
3377
2429
787
2500
425
2762
2762
1893
4197
807
5146
777
3139
-1
3003
2200
4280
2196
623
598
1429
1429
3410
-1
482
246
1033
3003
-1
1416
3621
3621
3823
227
-1
3738
62
5047
4128
3682
5109
4039
3074
2334
2196
4371
4992
-1
5233
3218
2435
3249
4082
3753
-1
3577
2720
1044
2990
1215
-1
425
669
3139
1429
2200
-1
11
5402
3136
1230
1379
1407
1405
937
5354
25
752
834
1300
2196
-1
4660
4079
2576
716
4513
5165
220
5264
1601
3621
111
2440
2196
1681
5744
4966
623
3838
2383
4317
2762
3955
1297
5062
540
25
-1
1320
5002
2350
3682
-1
-1
-1
5124
4032
5402
825
3033
2873
2767
391
3807
1016
-1
5650
1016
1601
5177
1044
1183
2196
962
2773
642
4119
2200
3139
1273
3794
4772
4777
967
4825
1583
3139
5062
2872
3858
2285
4966
1044
5371
16
2333
2178
138
1796
4992
5062
5271
4158
2825
4676
5238
-1
4280
4654
1003
583
4332
3139
1307
1131
2863
1465
2679
3165
5362
-1
5301
5402
3858
275
311
482
4687
2365
4014
5049
1874
3139
275
957
1465
4158
1703
-1
3139
1405
865
752
2380
5552
3738
556
3003
1888
353
3139
5525
311
5046
3241
4226
5402
5497
1570
2364
2430
3139
4827
4090
5616
644
2374
3989
2195
25
3421
5062
5062
5062
1945
5528
4617
2148
3671
-1
2285
2911
3139
4039
3139
1699
2813
4431
1185
4998
-1
1886
5400
1443
3139
4763
2534
346
3139
4039
5690
5191
1230
5695
2196
540
1170
5112
5671
1307
5385
4945
5419
3139
2698
4713
3165
-1
4603
-1
5576
1462
5402
5254
5747
639
650
127
2675
-1
-1
3537
4188
5402
-1
1472
425
4039
2200
304
5402
749
2184
1429
583
4078
-1
3139
3851
1836
36
2196
-1
504
2762
25
-1
539
5043
3139
4784
1012
986
5402
-1
2158
460
5022
5047
1350
4127
1588
1054
1683
157
4238
452
5278
1636
425
2072
3461
937
1759
2949
-1
4425
4057
5049
2122
2196
2285
5062
2195
4615
3139
5417
5731
1230
-1
540
4945
1036
4990
1586
2196
685
5278
4603
1049
2724
1699
2882
1195
4362
3139
-1
304
304
425
993
3943
1699
425
3621
4082
-1
1411
1480
559
3422
5385
4037
3991
425
2059
5232
4966
5706
4226
4188
2154
1429
1145
785
1452
3999
681
3532
-1
3004
5012
1945
2122
1206
127
3139
3214
3003
443
3139
2675
4348
946
5402
3139
4772
4662
5085
-1
3655
1583
4000
1204
-1
3882
503
3875
3955
3875
3139
1054
2903
3068
227
-1
1307
360
1307
3875
4505
1583
2196
5345
3875
4603
1390
5140
3929
808
923
2883
5521
2196
1441
482
2762
516
3139
5156
5744
473
3139
4772
4698
1624
1314
1168
4966
258
304
2821
5433
5402
5574
4718
3308
2196
2321
5003
1699
1480
3136
5133
854
4602
5671
3246
1737
2196
4495
1698
25
1462
1054
5232
923
2603
5068
1044
2853
14
3926
331
4158
2196
414
157
41
-1
1756
540
152
1895
539
3139
3838
-1
425
3139
594
4073
4771
3139
4158
1230
1207
2966
1190
1583
3791
3139
1433
3139
1619
1230
4037
5693
175
2196
2701
2484
3738
1501
2257
4484
685
425
1722
957
2850
5156
227
5271
3139
5002
4570
5012
5411
5271
4298
4598
3591
-1
2638
778
1443
4626
2383
-1
2724
5049
5133
-1
4032
3139
2200
1601
5296
4039
3315
5441
1459
1206
4401
3223
2389
1313
3694
5139
1793
3139
3711
425
-1
3071
4111
5062
62
5576
1776
833
3139
1777
5278
24
2267
4497
-1
1313
2993
1453
5402
4802
3066
2513
1727
2405
1619
3641
4541
2615
3223
-1
5125
3242
3343
4616
4497
475
-1
2299
5365
3986
5049
3139
1095
5706
5062
1525
2220
1168
3980
425
4878
-1
-1
2989
2153
2374
2381
3139
2164
1183
2090
-1
4213
4067
-1
5402
4453
3327
3340
2196
4373
16
1629
1300
3774
90
1803
3139
4465
1601
1041
836
16
4820
-1
5183
-1
5140
2791
-1
3711
1157
3925
-1
3770
4720
1178
1166
2954
5002
177
1313
4945
4075
425
2778
3139
834
1462
3442
2762
3591
1215
5330
688
-1
2850
102
53
1734
5491
1312
3654
147
834
497
425
5013
1200
5195
2633
2432
1738
25
18
3770
2082
411
1624
4615
3296
787
2122
4635
4000
-1
957
524
-1
4848
1460
5671
5714
4298
1029
3318
824
425
787
1583
2196
2200
4945
1429
1892
-1
1168
16
3623
-1
5408
25
97
4823
4579
2200
3572
561
4771
2639
4771
5651
1638
2196
5271
3072
1809
3000
92
2382
2615
2762
5140
4039
1157
4919
1178
3071
3139
5729
4836
82
602
425
348
5037
4697
111
621
2079
425
785
1583
5267
5402
3113
4378
2524
3181
970
4537
-1
2615
2216
-1
3768
482
1465
5142
3800
2196
4226
3074
1339
1429
2872
3098
2200
1757
3139
923
1812
2054
-1
5402
3139
5375
1902
2019
2243
1776
70
467
2411
4808
482
1470
-1
5499
-1
1185
5205
1902
4950
1036
4970
3581
3395
-1
1938
1465
2196
1185
-1
2762
1845
3682
5362
425
1210
541
2762
3139
-1
3080
823
1433
254
3003
3980
4419
220
1081
4331
1106
5062
3348
59
204
-1
3944
3003
-1
2333
1513
1405
5551
5387
5471
540
660
4122
991
3836
425
2133
-1
2999
1542
2196
2478
5566
-1
4998
1670
792
2285
5062
5507
286
4784
473
4142
923
1155
1036
-1
1079
4193
3139
2310
5574
1269
5082
2989
1210
2285
4226
3581
2615
25
-1
4990
1429
4056
482
1313
1168
2619
2285
4708
-1
5062
25
2595
2578
25
4790
4060
1528
2387
1800
261
1168
1178
3875
3315
275
1185
1201
2530
3060
-1
1149
3946
-1
5473
4598
993
1480
1601
4949
1681
5402
5156
1068
2146
3066
25
-1
823
-1
2686
5313
1384
-1
5049
1429
973
-1
2173
3139
4128
4689
3139
577
2691
2527
4142
-1
807
5031
5022
3294
3828
1622
5714
4111
438
1206
220
3259
5049
2324
4581
2365
1650
2724
-1
5502
5049
2806
1297
391
1465
3139
5550
3139
1902
5062
1705
5238
2204
-1
5077
4720
548
1168
2724
1533
827
-1
5402
3985
4070
4532
833
2196
5077
3461
583
3822
4046
3296
-1
4265
3876
425
5497
1631
2697
5466
5465
719
494
1433
3139
2285
425
1178
-1
3139
5062
52
2838
1843
5725
-1
1019
2924
3858
4801
5340
3228
5109
1619
1178
2201
4673
3139
2497
4966
763
1201
4188
3139
2200
195
1269
5062
4603
1379
5002
1116
834
4890
4335
5402
2285
1583
2762
1919
-1
1307
4945
1290
261
2135
25
5341
385
4344
595
3139
2196
630
1405
5049
5049
4226
2109
5194
1168
5671
3139
3062
4611
2992
-1
-1
1949
4226
807
-1
3139
2034
4528
57
3549
1653
1673
4844
-1
2230
482
4497
2320
53
1785
1368
1183
25
2724
5402
5087
3003
596
5222
3844
-1
2292
1886
2819
5587
3454
25
-1
716
402
732
1057
4006
4226
-1
5388
2285
3829
2148
318
1632
5472
3139
4438
176
5671
4453
1919
1432
4841
1476
894
957
5402
3495
639
2304
3139
4431
25
4945
3062
725
2949
-1
425
3139
396
2196
2762
3139
3572
5269
195
-1
25
787
995
1307
5471
5062
-1
5362
4497
4431
1298
1396
3139
5402
2505
4039
443
3139
-1
873
755
4910
1779
1178
1557
2825
5292
3046
2195
4311
62
3621
2468
2810
3095
2724
4080
1167
3317
823
3926
5651
3610
2911
3682
4983
3411
2348
12
882
4185
5104
1168
2333
503
890
2619
5587
5576
155
3139
4720
-1
-1
4471
1036
3485
4645
5616
3113
4007
1324
1647
4331
4544
4264
3828
5402
3324
2619
3139
5597
2615
1157
4280
2285
1119
787
425
1681
2869
482
3621
3259
2290
1429
1206
-1
2919
425
1383
5745
5587
1347
1178
4733
1273
5022
1134
4807
3449
4398
2133
5431
3139
3708
5056
3139
835
5071
-1
2934
2749
845
1459
1019
5648
1297
1596
3872
5165
1429
5385
1173
5617
2383
1741
25
1616
747
848
1273
1119
-1
2668
1124
1961
-1
138
3139
947
2505
630
4032
2989
1213
1719
3838
1528
4332
5587
1325
2142
1407
3682
4900
1186
5712
482
1465
4915
3139
1480
2200
35
4464
1119
5068
4039
995
2781
3682
3139
1298
1976
482
3139
5587
5061
2620
1492
5566
4497
5587
5028
2083
2545
857
2285
3069
3139
3621
5491
2195
2762
4413
2196
197
4720
4771
5330
4969
3641
3291
2723
3057
3974
3046
1081
1297
5292
5419
2306
1582
25
1209
1780
1861
931
2211
1168
1297
4966
2273
861
3676
2887
-1
3139
4075
3547
2662
3139
3095
1632
3970
3293
25
3549
5384
1044
3003
834
850
5233
3989
5402
1630
1429
3110
1044
4654
1776
188
5049
3259
1588
4771
3139
2435
1044
954
4116
1475
5142
5402
1408
1269
1809
2329
5503
2813
2349
-1
275
5378
668
5712
3139
1416
5113
16
3139
2308
4760
1054
2474
1809
4820
3378
3059
-1
1153
2200
1168
5475
4226
425
-1
5466
-1
2285
3822
3139
2762
5402
5499
-1
1095
3240
2390
5049
3799
2867
2762
1019
-1
3139
3887
3139
4034
5385
5304
1776
2736
1951
3847
2196
2200
-1
3139
3145
5345
3382
228
4387
3157
5384
5284
1028
1168
3645
2363
1386
1288
4125
4945
2652
823
494
1157
2196
1847
1296
623
2381
4545
4834
3575
966
1903
2184
1044
729
4142
1409
586
4890
3139
695
3623
823
3908
5157
4703
-1
482
809
540
3139
4992
3057
3067
3308
5671
2196
5062
2939
482
4945
4984
509
1821
5062
5062
2285
5365
3074
16
1957
-1
3852
4376
5497
3773
1786
3595
1588
4039
1297
916
4820
16
5247
4039
2946
258
2691
1429
1448
4751
3139
3997
3060
2383
2580
1737
1148
3139
823
3139
5254
4401
2380
4362
3943
-1
3139
5587
98
390
933
5357
5340
5521
2385
1588
4051
4138
3449
2689
-1
785
2196
1914
4039
1297
3317
4477
4114
3621
3139
236
1722
184
1632
1452
-1
3003
2882
4396
4037
934
5656
1872
111
1636
2196
1465
3009
2016
3682
573
-1
3308
2675
4435
2164
448
465
833
2196
1044
3352
3139
1790
5402
1561
3139
4571
-1
3072
475
3139
1306
4985
5409
3072
4809
-1
4127
540
668
485
25
4494
-1
1817
5587
1619
482
5402
1119
5213
4231
25
1480
2615
1827
1809
2349
4497
5062
1583
1488
1636
5524
1083
2285
4226
-1
1313
1759
1921
-1
473
1161
2619
1843
3641
4142
1814
-1
298
2954
1601
1073
797
3015
5133
4276
-1
-1
4039
227
2724
2227
3046
3139
5118
1538
3037
1144
1019
3139
3724
3395
4497
5028
16
227
3387
4900
4655
3847
3165
2499
3490
755
1031
4720
1335
4993
2023
2882
2122
5738
2055
1891
1063
2285
4494
1095
1902
249
-1
5576
111
4792
5301
2196
1307
5247
1832
2569
5524
2122
1297
5170
5374
635
2957
2386
2750
885
391
3238
261
2574
2925
2674
4772
1925
3139
4733
923
5384
4365
4992
3862
2924
2615
1168
4626
2827
4079
2798
1830
303
25
3109
3067
4039
2838
3648
3139
3148
3572
2196
1206
4945
5133
3139
2376
2164
539
5574
3139
2615
4635
1394
1178
2196
2585
3302
2269
5129
18
4442
1307
1352
5402
876
3651
2196
1378
4497
-1
2624
1388
4144
3139
-1
3139
25
-1
3611
4191
3711
2285
4442
25
1232
3336
4171
5546
465
1885
5148
3302
608
1240
-1
635
4371
1054
2193
2285
-1
3073
3688
1878
2195
4438
1119
425
2351
4168
1168
-1
2817
2247
-1
514
4406
5687
248
3139
270
3682
5587
2863
1339
3394
-1
3951
-1
2485
5028
556
4720
2202
3240
5414
3996
4212
4715
3114
1297
3725
482
2195
2196
3139
1101
4890
1945
204
4603
787
1459
3073
4036
1081
689
4878
2102
2762
1537
910
3865
4043
1407
1475
2088
425
-1
3193
4650
-1
3996
3797
25
482
4039
3139
1452
3367
-1
321
5402
3150
1307
5370
4828
4900
3139
127
2196
5049
4414
1001
556
-1
2189
2890
425
2179
2196
2703
5695
1429
-1
3003
2133
3139
583
3139
1137
-1
-1
425
630
3084
3301
4142
147
-1
2122
4574
3317
2762
3465
-1
2269
2515
3139
5041
3139
4276
586
981
2911
4845
2971
4057
1588
494
2285
3002
5210
5357
5122
427
3139
1185
5402
425
2122
3139
314
1459
425
2196
1632
3888
5171
1429
1482
3110
53
4185
5062
-1
1019
1780
5702
4909
5031
2196
2424
3139
2196
12
5300
2016
-1
4034
5122
-1
3165
3139
2736
-1
5587
1229
425
241
823
3628
4125
57
1583
3003
5512
1185
5213
-1
4617
4142
4966
1821
3261
3067
1917
4226
4896
5271
4462
-1
3549
2160
1429
2285
4990
1036
4484
3139
5690
190
4160
4307
1019
2813
255
931
1307
1307
2211
2638
-1
284
4438
5092
5011
2200
4023
2354
4668
482
5293
2196
2762
5587
3101
1453
-1
5304
988
4498
1354
1968
3422
3139
4526
4961
2200
-1
-1
1931
539
3583
485
1842
2196
-1
14
3875
591
3139
833
2085
5402
2993
1869
3676
3641
3139
5435
3139
16
669
3022
4129
14
3139
3676
4484
5610
3813
2269
1201
500
-1
3003
3139
2882
2969
3877
3892
3223
3292
2335
53
4188
3450
1185
3513
1338
5574
1161
3747
3139
3148
1699
716
2196
1139
4498
3644
5419
1185
1479
3037
-1
3008
4032
-1
5062
2652
469
3246
3139
2955
1452
2343
1935
-1
2462
5313
2700
-1
4156
792
2308
3500
5099
53
485
4545
3621
5003
5408
1504
1185
5121
1168
5587
1121
1429
5062
1160
5205
3510
2749
3139
1019
2709
4978
5475
3139
57
2572
-1
3308
2285
427
29
396
3676
2364
3957
2872
57
-1
1307
1095
2308
62
3139
5574
2774
3592
775
2285
4484
2196
5171
391
1157
1480
2762
-1
25
5085
1429
2867
4970
5050
358
4749
3621
2196
827
5062
3139
3621
41
2269
1608
-1
425
4226
3139
5577
3139
4966
96
5049
3943
4654
1559
1298
-1
5280
994
784
3573
4497
1303
25
4884
-1
5087
5265
1292
5698
1616
393
4936
4142
1405
425
36
630
-1
4373
2422
4966
3592
1157
4926
3875
4950
1300
2164
3139
5402
3404
3828
1356
3139
3676
5244
5403
1405
5244
3316
5121
2881
4993
5297
5003
4998
2396
-1
3139
882
5362
-1
1298
1307
5163
1900
25
2196
2615
665
916
2956
3139
3139
1044
5733
1576
195
1298
834
3197
5349
1433
3296
4349
1971
-1
2813
2196
4998
3630
425
624
97
3139
5304
2196
1453
2175
833
2102
5062
1513
1057
5226
304
5278
2154
5362
177
823
716
-1
1699
2842
3373
429
2390
5272
1313
157
2196
5419
971
3554
3139
473
1583
1777
482
1834
3949
4784
-1
931
2196
441
5682
1152
1617
3615
2628
1407
1546
2200
4238
1306
12
3139
5077
5521
4039
1095
3607
258
-1
425
-1
3139
3046
1629
3645
3652
3308
2619
-1
1139
5246
1429
425
5042
3074
1405
1969
2285
4966
4624
-1
1307
3041
3844
1601
2724
4732
995
1945
2638
5402
1809
-1
3691
4141
5340
2724
4397
1210
14
3139
41
1313
425
3581
2826
3828
3259
1298
5313
4412
4406
363
3676
41
-1
-1
2084
5062
3991
195
3808
664
-1
2098
220
4836
3222
4828
1347
3110
3139
5402
1354
5671
1601
1931
2200
326
5545
2165
3833
261
5062
4902
5174
147
5032
2116
5466
4226
1814
1264
1171
1044
1619
3139
1154
5549
-1
2200
1429
51
16
3640
376
3049
12
3721
4792
5193
2385
4105
2149
5062
1699
2200
4400
53
4884
2989
3999
5587
275
470
5362
1315
-1
2562
-1
-1
1178
3453
1521
1571
4654
2196
-1
1448
1699
810
4718
1619
2911
125
25
2083
4603
1022
3403
5587
594
-1
2196
2675
2762
4918
5402
2326
1876
3994
2643
1298
1429
2109
3271
1588
-1
3813
787
3864
1650
3030
4534
4763
1549
2765
1472
3887
4511
4053
1800
4226
1895
2703
-1
2536
2019
2200
-1
3003
1559
3931
427
2196
4558
1480
2720
3495
822
4467
5521
5062
482
-1
5062
3139
957
2880
1468
1494
3749
5719
2196
-1
878
5073
1699
5062
1161
1616
689
3025
5200
-1
2671
4689
5447
4327
5049
482
368
3139
630
1095
1601
2766
1298
5062
1583
1583
4545
2023
3065
-1
5085
5638
3139
3139
2454
5037
2376
3865
4801
4445
3676
4039
2762
632
3380
3139
1405
2196
25
2196
2122
-1
-1
1168
1307
2196
3139
3139
1602
5497
3139
3382
2390
5551
3139
1271
2619
450
792
1699
1521
-1
3139
538
3148
4034
4193
1813
2196
4007
3139
-1
584
557
3833
1230
2285
2196
101
602
2196
1895
2084
24
5651
369
2345
1499
2420
2697
337
-1
3003
3139
3003
2652
1465
1019
5685
73
482
2689
2196
5384
5402
3139
25
3379
2196
5062
5402
-1
666
804
5744
1339
4373
-1
1583
3089
1619
4000
4827
3139
3822
3139
3308
41
3136
2638
3046
3308
3202
1298
5714
4458
4784
3756
4209
4720
1869
5301
1480
5191
3139
1583
4492
5362
5473
995
-1
494
4652
3793
1178
2895
482
2697
-1
1112
3139
5077
2186
3139
4472
3621
444
5139
2640
2122
5177
2615
1941
5390
1601
483
4158
-1
2420
5402
2762
3480
2691
195
2882
4039
1016
4890
3832
-1
5064
3139
5271
4188
703
798
3875
1044
1601
2196
5633
951
3139
2196
2156
1945
2838
4014
1861
3284
2153
834
1185
3310
-1
1429
2390
432
1206
5497
4699
5595
4332
5309
-1
2090
492
2211
4960
-1
2200
3368
1016
2782
2762
3847
2572
785
1405
5474
3749
3139
5362
4993
478
2943
5616
3957
3266
344
2913
134
5049
2196
632
2365
4373
3139
594
1601
233
1429
3106
2385
3444
1339
2911
2615
25
957
3139
3978
1475
3095
43
2109
3618
2312
3549
2196
5333
2825
5359
1280
16
3044
1546
4950
25
-1
3139
195
923
4660
4890
2829
985
59
641
5333
1405
3907
373
957
1003
2736
1962
5062
4658
2922
1465
2911
1776
5082
4494
482
5496
1703
3317
3139
1206
473
5402
5744
5518
1372
1874
5062
51
2615
1185
899
4670
2825
425
199
3139
2454
-1
3139
-1
624
1315
5112
4733
5062
4720
4792
4983
917
3863
594
2196
5241
2196
4070
4857
53
1168
5244
3804
284
3712
4497
673
4836
-1
-1
2350
2535
1800
-1
1681
467
2691
950
4943
2564
4890
2673
4654
-1
2470
3991
3308
1583
5402
2383
4835
1972
3985
-1
1060
2724
2788
5402
1675
4307
5587
1465
1206
2615
4654
1016
4337
1003
1212
3139
3139
3934
1012
3621
5062
-1
4247
5062
872
-1
2285
4497
4553
3139
25
2724
695
1378
4720
451
3046
2794
-1
3495
4867
1429
4030
2882
1307
1016
-1
-1
3139
482
5062
5488
2934
5049
1486
2196
2129
2959
5402
391
4621
4045
5402
4438
2146
4853
1938
5427
364
3858
5426
5733
3139
3625
4378
787
4335
1961
425
993
138
2812
2689
3139
3308
4835
3862
3456
4203
4396
482
2586
2619
3003
1204
1160
425
2390
1800
2958
3521
5624
2285
5164
3139
4054
425
2615
3641
4890
2285
-1
5068
5243
5426
275
-1
4176
4689
1307
1534
-1
645
5402
5714
425
2345
2724
2196
5587
3529
4070
3621
3833
-1
519
4338
668
2324
5706
1546
-1
835
25
3301
4718
5473
3443
5062
4773
5133
4771
3369
51
2164
4790
5003
2964
25
2473
1855
3813
5362
923
3703
258
840
1084
5507
-1
2724
5062
2160
2074
5062
612
4350
1282
95
1781
5595
3651
2328
1468
62
5195
2535
1546
2097
1928
3139
3223
2690
3308
4168
1273
-1
1831
2697
425
3985
2553
5184
2850
2868
3676
1230
4890
-1
3460
5022
2675
-1
4188
5271
5062
4848
3308
25
548
-1
2268
5608
-1
4497
1073
-1
4994
5227
16
3139
1480
4188
1624
1681
3139
-1
5402
-1
4060
5149
5049
5382
-1
4415
2390
3924
2367
3003
-1
25
2042
4226
2895
1354
643
1681
1283
2477
1389
1429
1307
25
3637
5062
2685
2825
3682
-1
4196
425
4890
5510
3139
5208
4921
1985
4444
4884
2109
3702
425
5111
2376
2196
1157
3139
3468
2285
810
3820
3761
2556
4257
4921
59
5710
3878
2615
3139
2285
255
1297
654
1880
2016
2234
4990
3485
482
-1
3429
304
-1
4373
494
2570
2762
1073
1168
844
3369
2465
177
1038
4226
255
5731
16
16
-1
1706
2206
-1
3139
-1
5557
5062
5214
5062
2615
3037
-1
-1
1210
2383
5402
5402
195
265
482
-1
3018
425
5402
694
4082
2872
1298
1433
2196
1829
3402
2697
3503
1016
5062
2285
425
678
2196
4383
1945
1583
3682
5229
3116
2904
5413
5402
3074
916
1374
886
-1
391
716
2196
-1
1491
2196
498
4851
5062
2290
3563
5356
5254
4373
5245
1298
-1
2373
2196
3272
-1
667
3506
3308
2826
5028
4142
3496
5133
482
3139
5402
-1
3749
2522
2939
1809
2619
1439
1307
1285
5238
2195
630
1701
960
-1
2743
4763
2070
2122
4990
1297
2619
4808
311
200
92
4896
482
3139
5471
4005
1172
3879
1680
4142
-1
2096
4142
-1
5213
275
482
4603
16
4184
405
-1
1132
-1
-1
3046
3703
2164
4830
482
3139
-1
1465
866
233
-1
4771
3641
688
-1
3139
4733
3139
3680
1116
2762
5275
1902
4651
1230
2911
3474
361
5671
1300
425
-1
3176
5402
4545
2827
3136
-1
5000
5385
2004
4647
3075
4447
4484
5049
1313
2377
2196
4763
-1
3838
4771
5183
2046
2285
-1
3219
4110
-1
2285
425
3866
685
997
5062
1692
3139
-1
2206
5062
-1
-1
1565
5133
4513
195
356
-1
4188
-1
2882
-1
3101
-1
428
1681
252
5402
3117
4393
908
1429
-1
5362
3139
3868
782
1465
1685
2733
3139
1588
1095
5613
1374
5362
-1
253
1619
2548
5238
3955
-1
2189
1307
5301
3598
425
-1
3222
5737
3192
2934
4000
1601
4844
1703
5064
1528
1821
668
4654
227
2727
957
1044
5731
1475
4689
1044
196
-1
2420
890
838
-1
1800
1083
1482
4772
425
1638
2364
2717
2873
1796
3139
4079
3987
4759
2137
5088
4945
5236
2675
3480
3876
1998
1307
2120
1581
3917
995
4620
5339
303
1313
5183
993
4110
1405
5026
3302
4353
5362
-1
3401
1016
4488
2205
48
2911
716
1699
5491
1044
1168
1082
3658
2285
1168
630
1647
3302
983
57
227
4695
-1
2971
5466
792
1619
1638
2834
258
1083
2285
5631
2133
53
5221
3541
2762
4654
661
630
1183
-1
346
425
2196
-1
-1
2097
222
3633
4777
5215
2882
934
995
-1
628
4802
5155
5399
1501
540
2649
5254
482
714
25
3139
-1
4655
1475
-1
4966
1036
2390
-1
5293
5301
1538
-1
482
1598
57
3072
3139
4181
3943
4213
4162
1409
5214
3139
-1
3113
3139
3139
2697
5192
5254
5608
3080
2825
148
425
4042
685
25
5402
4991
1468
5011
729
4418
722
2196
2390
1749
1160
1636
-1
1601
1339
2200
-1
1003
215
25
669
2989
5402
1763
1128
3539
-1
1016
2724
-1
2825
1374
5062
16
4039
5232
1757
-1
2698
3910
4226
545
3903
4444
127
2762
5062
5584
2200
1160
-1
3139
1272
590
1809
2250
2183
-1
1230
287
25
586
5402
425
4298
4431
5176
1307
1547
3139
2200
473
-1
1286
2724
719
425
147
1465
3880
3682
3015
2762
3347
1668
4373
1065
5587
4855
2189
2863
4986
2211
579
-1
5479
4142
425
5687
4153
2324
540
456
-1
590
4373
3125
-1
-1
3107
3800
1044
300
2146
4105
1016
4720
3432
5062
3676
5402
3770
25
-1
630
3057
4074
2663
3139
1075
5237
4277
1215
1178
4521
275
1246
5062
4524
5446
5402
5402
1352
991
391
834
1300
2370
3148
2350
4158
5384
594
2825
1601
1298
4497
4298
3113
5587
12
5062
3417
5690
-1
882
-1
1153
1185
1722
3291
3380
5402
3549
4082
-1
4125
695
2698
261
1275
540
4853
2122
2196
4188
3136
5355
2517
5419
482
3290
1307
1157
1298
1185
3139
1619
2383
1378
4438
4123
3725
3139
4584
3308
2377
3989
1746
172
25
2319
5402
729
4429
2196
4482
5062
1168
3139
-1
122
3528
41
3139
877
4545
2739
-1
16
4792
25
1465
1016
-1
3066
2196
5690
-1
4949
2517
3139
1427
3880
695
655
2122
3725
4611
3247
3390
787
3770
1215
3772
3136
3139
3996
2467
2196
59
-1
3139
5074
-1
3139
482
4129
5473
4250
4105
1942
3139
3306
2200
1230
1315
4801
41
4667
77
2619
5132
3062
3845
4287
5402
3432
4771
1183
3650
993
2762
1405
3139
-1
391
-1
666
2462
5027
2313
5050
3107
1269
3066
5271
1374
-1
1286
957
2196
485
1367
4330
3080
5062
4243
2508
4798
275
4993
4576
834
1044
-1
16
630
5012
3682
5508
1681
4076
5062
1770
4591
5339
3933
2619
1650
1166
2724
1298
5402
5155
4497
3139
4598
785
3109
1275
1601
324
722
3985
4530
403
2615
3017
-1
2778
1706
4129
3569
25
5402
2269
474
1681
2724
3317
4647
4286
3139
3139
1160
595
3710
4718
2824
3139
5587
916
2244
2281
621
4158
1307
2196
3139
2148
2943
2236
1465
2719
5397
5625
-1
2122
3139
4226
5508
-1
1482
2619
425
1353
5022
25
3308
1681
3913
3632
4123
3580
583
3293
3139
3772
4594
4135
3139
-1
2200
3800
1307
1355
3630
4315
1095
2463
5500
5164
227
2762
-1
2021
4276
486
3139
395
3838
3962
1448
4084
3496
1168
4777
2200
2948
3139
553
4057
425
676
1650
1185
2285
-1
3139
5502
-1
-1
438
5744
1928
1606
3139
4865
5545
5667
583
4315
1769
-1
5442
2089
2196
3308
4890
195
4938
4438
5247
1699
3139
2225
3875
2196
391
3139
5547
5712
482
1465
1178
722
3916
1876
4992
288
4327
1215
3264
-1
5234
2285
1076
-1
3139
4513
3440
4844
1962
3813
3748
2269
2435
3139
5271
3964
5402
5218
-1
3229
4865
4654
-1
5742
3565
3676
3526
2200
3916
2314
5678
622
1589
622
2615
3317
-1
5313
1433
1160
611
53
1703
3293
1961
2364
1700
1429
1465
4449
4638
1776
2565
4175
5049
4906
861
2720
-1
3676
-1
-1
-1
-1
1475
1465
2156
2774
1206
2795
1711
3688
5242
3450
1448
1579
210
4348
4851
1429
820
2146
5402
5049
2195
5183
3885
5269
5528
2691
2930
425
1601
5483
5077
2762
3139
138
1876
5712
823
2382
4966
4334
3139
4443
3139
2649
255
5030
1800
4907
5001
1482
2825
-1
5497
3069
25
4718
-1
2164
3139
427
5362
3783
1876
-1
5499
5112
-1
3940
1117
5368
3139
4900
4945
2738
482
3139
2435
-1
769
4498
5466
3139
4255
3139
2989
1313
2196
3132
4865
691
3000
4195
3297
1636
3403
3707
1472
4907
3552
4207
2196
4570
4890
4792
4771
1429
2954
4128
4226
2759
4332
1598
2762
-1
2724
-1
937
4129
5028
810
3921
195
1127
1459
1480
2200
3046
1478
5180
4226
2196
1875
4784
5402
230
3139
3107
-1
425
-1
3139
1185
1354
3074
3139
4966
2395
1636
5602
1511
-1
2096
1931
285
823
2843
2390
4226
4777
3676
3367
2435
4750
5402
5218
4890
5209
195
5012
4158
4950
4713
2670
3139
1465
51
967
785
425
-1
-1
1681
3062
3293
126
3139
-1
5502
1232
1405
4331
995
4956
5404
255
2285
2879
5673
5320
5521
742
2435
1307
3141
3390
1504
1516
1521
3331
5656
5587
5031
1150
1056
-1
3930
4974
425
4564
1821
5152
2189
3761
-1
3725
558
2285
2200
3100
3843
425
3057
5497
5453
4226
5744
1017
504
443
-1
2380
3996
-1
1475
4286
3744
1538
5183
2408
5518
1583
309
1339
621
2122
5162
-1
5614
4998
4784
1415
2196
3288
2085
4185
5112
4865
3268
-1
3139
-1
4945
4772
5402
1155
-1
-1
2376
823
2084
3771
5195
3696
5362
1309
4561
1206
3707
1974
1796
4103
1427
5475
3139
1269
3621
3676
2160
4945
5748
1359
3139
2396
1297
3240
5062
3943
5426
3955
586
594
3521
3003
4128
2654
5236
1161
1313
3308
5411
4142
2850
25
787
1157
3139
5023
-1
5132
-1
3140
548
1161
-1
4890
1528
399
239
2196
3139
3998
2196
3401
583
4039
2060
395
4836
366
1016
3139
2183
3053
482
1101
1003
425
3869
5410
3139
25
-1
157
3641
3828
5184
4874
4032
1976
1323
4332
3401
111
4949
881
1959
2943
2196
4602
132
3623
4865
3719
1016
716
5729
1601
2196
923
4165
5385
1717
25
3139
2196
1858
3139
514
1777
5122
3139
-1
319
823
1168
2243
3139
2190
2196
1254
4484
3077
1872
1792
-1
4283
4602
1265
-1
583
4117
-1
3676
4373
3712
2985
2285
4544
5402
3321
1859
1273
636
3621
2448
4226
4922
3497
3308
3011
1044
1716
1793
4865
965
937
-1
2196
2852
5028
178
1016
3838
166
3302
391
-1
2943
-1
1354
1298
1044
896
540
-1
4666
4373
908
1452
3800
3452
5402
2066
4915
425
425
5003
1538
3139
5049
739
1601
-1
2196
95
5074
1253
1482
3833
3028
3139
3308
-1
482
5051
1298
1722
785
5671
5587
2420
3000
5062
2895
2748
3890
2762
5499
1616
4569
1681
5151
3696
1313
5128
5587
2998
-1
256
57
3676
1113
1300
-1
5491
5304
147
425
3139
4039
583
4598
258
2965
1699
930
1771
4998
3072
3467
5402
1636
3139
960
2196
4512
2754
3308
3875
1583
5371
-1
3218
4763
4718
4830
4287
4070
2332
1044
5062
4512
695
4282
4744
2882
2603
4805
3139
2365
653
1405
3046
583
5632
3046
1298
-1
5280
1692
1157
4713
1601
3240
2016
138
3178
3467
3219
800
1480
3101
3454
1601
937
4188
25
1886
2285
3139
411
3139
1902
2615
408
2435
5297
141
4778
858
425
1699
348
5264
4005
4004
5473
4720
4784
1945
2196
695
3955
5311
1624
3800
833
1680
2466
5293
2565
1281
1610
1636
4727
5140
3139
1861
960
1777
1693
4384
2849
1781
4657
5402
380
-1
1830
-1
3051
577
3974
4111
4603
5058
2755
5062
4181
2813
4704
-1
529
1601
196
-1
1307
-1
4792
425
4945
1220
1313
5062
-1
641
3676
2720
3139
1845
4617
-1
5678
1562
441
5402
5164
-1
785
2838
25
-1
4713
2762
5699
5384
-1
1821
1429
16
937
2435
3139
425
5034
1886
695
1291
25
2741
1230
2615
2462
1172
1902
-1
4039
1313
93
3139
3495
1307
1699
3139
2981
-1
2943
3139
368
4371
4039
5150
-1
1230
1255
111
1350
1759
-1
25
3926
1206
2339
5731
2200
-1
3224
3323
4000
2452
4226
2762
3521
-1
2614
3816
2196
4298
1577
448
-1
5242
-1
3286
482
4878
3969
4332
872
-1
296
4713
4513
5695
2762
-1
953
2511
2200
1157
2748
5162
3148
4890
1480
2586
3308
1480
4287
3948
1427
1814
4373
3308
1744
1185
147
515
92
850
3991
2949
5587
4784
2619
5402
312
781
482
261
695
1269
2245
990
2619
4039
-1
3101
2196
2016
4740
4226
2195
5402
1053
438
350
3862
1465
4373
5442
5012
79
3838
5402
4853
3592
3003
5325
985
482
1945
3970
5062
2200
2762
25
540
3921
2911
-1
2762
258
2285
5373
1003
841
3711
-1
2285
1601
747
3222
1468
3847
4032
1269
1307
4332
-1
1485
4713
4966
5729
3308
-1
92
2037
3592
2516
1429
2390
1780
3833
3523
5282
4115
1465
425
1484
4360
4654
1044
2943
1044
1777
1583
1054
987
2641
1353
2390
3240
5062
5593
5560
5111
4048
177
5310
2499
1313
2619
4082
515
1180
2666
746
5402
4886
1298
4541
1428
2200
1504
5064
2196
1172
4099
3933
3838
508
1583
1122
5582
5062
315
1168
25
5405
4255
4329
482
4127
1826
3139
-1
1337
1601
1583
2324
957
895
5699
2122
4820
4545
5402
2196
1131
2524
3495
2473
3139
3201
3308
785
1504
4317
5621
-1
2676
951
1157
929
5243
4111
-1
1898
5471
2950
5587
5049
2356
2285
5028
3985
4443
193
4890
5497
4142
2825
1460
1662
3768
5576
630
2879
-1
4401
4032
3139
2959
3944
5651
3003
25
-1
834
3754
3000
3495
1433
1185
1671
4817
475
2751
746
2850
3748
630
-1
254
4143
3139
1184
473
307
5062
1625
593
195
4949
1174
5139
2277
1584
1101
2538
2383
-1
2602
2592
-1
5210
4287
2200
1588
2393
5411
2200
4787
3551
1183
4784
834
4032
281
1077
5402
717
5497
2164
1829
2285
2397
255
3139
5200
5035
5205
5402
5511
1480
1313
494
5412
2619
2200
489
-1
5475
1627
2196
5062
25
4844
275
556
-1
601
5700
195
-1
3171
765
5402
2884
5402
-1
671
3641
1405
1706
1264
5334
425
1286
5622
808
482
1601
195
1636
3570
2443
5402
5402
5362
5466
4545
2825
-1
630
4958
16
3485
3875
3710
4185
2285
4771
3935
-1
3069
2189
921
3057
1185
2615
1136
4878
2200
-1
5533
3610
-1
53
3139
3049
1650
798
4354
3139
738
-1
995
16
5516
5587
5017
5164
4978
3072
3030
3570
1284
2958
1506
5402
4998
3028
716
695
1979
147
5582
2172
3650
2189
5062
2443
2196
3708
105
780
545
5402
2243
124
5587
4147
1651
1194
1215
1168
1681
2762
4018
25
1429
5744
3628
2211
25
-1
2693
1780
1298
1429
4707
4193
669
4790
195
25
4559
227
1298
4792
5062
-1
4932
641
2383
4878
1498
5062
3521
25
2645
3880
4287
-1
1278
5062
4975
1608
3139
1650
4334
3528
-1
5062
4981
350
5174
3849
3863
5497
5284
3676
4158
-1
2200
3524
4111
2863
3308
657
3000
501
425
482
3467
755
2122
1313
4256
2762
482
1422
25
2813
3392
4496
25
5402
25
-1
2146
5062
2019
4945
-1
3636
1058
4226
4142
2285
147
-1
5062
1692
916
3297
789
4037
740
55
3768
1777
425
-1
4045
5062
2390
2350
1601
1178
3139
3999
2642
1183
5297
425
147
4771
-1
1723
285
1409
1427
5183
1012
2428
5087
103
348
1016
3712
4373
2882
227
473
3139
3985
1307
5587
2292
5587
5133
-1
5419
397
132
1675
3139
5402
2200
2882
1465
1829
3088
3107
53
2122
614
1228
227
3040
1650
5491
1098
-1
2828
25
1588
1185
4518
-1
548
4476
2630
3771
2196
1652
-1
5331
1598
5271
5587
5170
1636
3057
3566
3346
-1
3676
1047
1699
3528
5402
2945
4079
-1
5402
2563
3131
1429
1101
3768
1428
-1
1044
5402
3191
5156
512
5133
425
4684
1003
1327
3781
1908
1183
650
425
3461
583
2705
4969
1161
1269
2467
2370
5082
3409
1583
969
2196
4945
147
2390
1919
1298
3240
-1
2196
2196
5402
3725
1313
5362
-1
1405
2974
3738
1405
2122
1611
4884
729
62
764
823
-1
4772
741
5263
4998
2989
1914
3446
3496
3980
5362
685
4027
2196
4966
4270
3578
4615
1307
3691
5571
1054
2850
1178
327
1929
120
2122
4832
1792
3048
2762
1152
178
1354
2068
2476
852
3308
59
950
4888
2625
1313
2448
3003
-1
3291
5471
3879
1249
4142
425
5671
5326
1573
4556
1800
5402
4014
807
4226
2196
789
2196
4498
4226
1218
-1
4092
1601
-1
302
3139
-1
2763
4665
3072
5182
127
261
2882
524
956
5587
4933
3140
2196
4622
4188
2196
5362
4784
4478
923
4426
5402
-1
3139
3110
3066
2500
4396
5471
1727
1832
4065
5493
425
2196
937
2285
4771
25
5402
-1
5411
2196
3003
5151
722
2257
1294
3726
4836
2813
2561
1255
3139
1042
5062
4406
729
2519
5402
402
4142
4836
1945
2243
4443
3071
2630
1453
594
1588
5362
5471
1480
4057
1632
4391
1017
2863
1453
1315
4211
2692
2954
547
473
2189
2598
-1
2702
556
3299
4667
891
3139
3996
3139
1449
2432
4555
2122
3139
3800
3887
3862
2381
1860
4890
4660
25
5402
-1
521
425
4790
3974
374
2691
-1
425
1636
1044
3810
5273
2364
2619
3113
1288
2436
1152
147
25
2825
3003
2164
-1
3485
4066
3730
1298
2105
4945
833
5132
3943
719
1901
5491
2630
3218
1200
3057
5518
4972
3856
3139
-1
-1
3223
716
57
1300
5712
4545
5402
5587
957
4497
541
2673
5107
4039
-1
3139
3621
1504
2016
1828
5646
2393
540
-1
3648
1297
3113
425
2285
156
4040
3380
5022
3139
4598
1874
2185
1279
5013
3676
5364
3931
-1
-1
1357
743
5050
5062
3139
3735
1780
1897
3710
-1
3621
5402
-1
2019
4865
5712
2762
1185
1200
-1
2502
3914
1636
3080
4226
2638
-1
1876
4900
1618
283
25
713
3875
3466
204
5331
-1
1798
4226
3139
1313
4865
425
-1
1073
-1
1206
1465
-1
3546
4962
3584
5287
5611
1012
1757
3424
3582
3000
2285
3308
1754
248
3495
5140
53
147
2124
1583
3139
1044
4889
4079
1297
1727
1313
2882
1204
3822
324
602
2373
3773
2189
5551
508
583
3182
1183
807
450
3101
1374
3139
1183
632
4110
2591
-1
-1
5432
1266
243
5587
4830
5313
1297
4663
1472
1463
5293
-1
-1
427
-1
3838
3139
2625
2122
5313
5402
-1
2629
3139
4945
3028
594
41
2724
1000
1809
4568
3139
1210
5101
4364
5172
996
58
808
4966
2196
3621
1498
3139
276
1568
3139
1462
1598
706
4945
4089
1452
2619
177
5028
25
2237
1635
4373
1407
1058
5028
2703
5490
1210
4071
4811
2196
2724
2874
3682
3222
5616
3287
53
1307
2200
2196
5744
5426
5681
995
5469
1269
1480
1459
-1
4039
1925
160
2568
4291
2016
107
-1
630
193
5049
5609
989
5700
3139
1777
4276
5062
4192
2390
907
3197
3696
2648
1894
3170
4039
2724
1465
4890
1285
5402
4243
1321
138
25
739
4373
25
10
4162
2566
1019
565
5604
5271
425
2200
2376
5266
2187
634
4334
-1
-1
1361
3264
-1
2863
-1
3139
156
1465
4713
2196
5362
2363
2198
3539
4073
2122
4718
25
4720
1016
25
4801
3139
2196
356
3668
3732
3592
5133
3544
4040
4082
3308
-1
185
4555
4779
3139
2986
227
5683
785
3682
1313
1044
4836
2729
3590
425
2035
3046
2411
25
3621
1095
457
1496
5129
713
3875
1006
4107
5402
1619
4945
4464
5576
4995
1465
-1
594
746
610
937
4327
425
127
3707
3485
5164
5118
425
4665
2475
4720
4226
2285
2882
5410
1042
3089
2154
1661
2146
1945
3113
1298
4966
2196
3139
4517
-1
2331
3420
4437
2882
2638
-1
937
4208
1504
2482
3139
2196
2196
4057
425
3025
1307
2135
3875
4348
2615
3914
882
630
937
4966
261
2196
630
3139
3139
833
4639
-1
1777
5412
1230
1359
127
4356
-1
4529
2619
508
3656
-1
2681
594
1425
4611
3073
5402
2724
2196
1601
4751
-1
-1
1663
1044
3289
1586
5574
2285
3003
1435
482
5062
5362
1263
2189
425
5062
5587
3028
4352
4196
1945
489
1405
3139
4039
3139
4896
3456
630
1339
2713
3943
3956
50
542
2196
5274
1871
1153
3308
2724
-1
1625
5009
2009
5603
960
147
850
766
2636
147
1616
-1
2067
937
3072
-1
3390
1269
2619
458
-1
4007
667
650
921
1956
5191
-1
4578
1601
4611
4720
1549
3697
4945
4716
4720
2016
5336
5500
5408
3015
5695
2084
515
1695
3085
31
4085
5370
2856
4771
2492
482
2200
1650
-1
1320
4713
4142
1118
4484
227
1902
852
430
5217
4188
303
4491
993
3238
3139
5402
5518
3675
4924
5133
2454
4815
5731
1791
5340
-1
-1
4984
5497
923
1042
3139
2749
1036
5066
539
5062
5022
3139
1632
4363
425
4422
1919
643
1601
3621
3139
5674
2285
4733
3139
5631
4112
455
3139
1044
1480
-1
1699
2863
4836
298
3139
3238
4162
3946
4767
4150
3422
3139
2016
391
2140
4404
1362
3974
3467
2148
5402
1722
1407
2787
1058
277
1152
922
3315
2268
975
1060
1436
-1
5244
-1
1465
482
4233
-1
1307
923
4012
2439
1520
4066
1991
630
1482
4902
450
5062
5433
5292
53
3066
1044
3303
5499
5556
3139
1061
4969
2390
4497
4571
5402
3352
4907
5587
1452
4799
3139
538
5062
425
227
2994
3427
5292
3139
1504
1185
-1
-1
269
4890
5271
3069
5340
-1
4039
4718
3139
2579
3089
227
-1
4586
-1
772
5016
2549
1044
1583
4107
-1
2196
583
2294
1095
5139
588
4039
2196
858
4846
2762
2125
5156
834
1628
882
5162
4945
2196
5362
3565
1463
1307
594
2825
72
3072
4999
5557
5239
5213
261
3664
2619
-1
5402
5063
524
3539
1482
2762
2612
62
147
3139
5384
716
3623
4891
3139
1464
-1
4032
785
1416
2974
4890
4299
2934
4497
2831
2196
-1
1480
1452
729
4393
161
1016
4373
3875
41
4171
1699
37
376
-1
4354
304
-1
-1
4416
5587
5587
-1
-1
3139
1185
5396
-1
3139
1062
4226
3139
395
1210
746
25
5062
1105
2016
1038
-1
2122
5254
4511
931
1601
1193
-1
1890
2722
4418
2724
5049
2574
3139
1636
2762
482
2615
3039
4884
1800
5164
4978
3660
2652
3595
2364
1635
3278
1850
4226
785
2333
5648
2236
5442
-1
1601
2073
5402
3139
664
4890
4492
4121
1354
2156
683
4875
41
-1
2935
-1
1157
1244
1017
5012
5085
3398
2901
5402
2724
425
3107
1073
4283
5623
25
2385
1759
729
5213
3113
5081
4598
2023
719
473
5587
5426
3289
1080
4226
3480
4110
4200
3676
5163
1313
3708
3549
645
1948
3018
1452
3621
4129
785
1354
2325
1185
5497
3875
-1
-1
-1
-1
4287
1405
461
5122
2157
1619
