4771
3676
427
1004
5498
5582
4890
2952
1012
3927
1247
3418
630
2195
77
1588
3272
1636
4945
3633
3803
1214
1354
1718
4998
5599
4825
785
5022
2617
2882
195
2281
3308
3581
2882
3750
4700
1054
5202
4918
5179
3949
5311
2376
1161
3676
1914
4890
2196
3139
1468
2200
1997
4113
5621
3875
1042
5084
2196
3308
2455
3401
4717
376
3571
3436
3139
3139
596
3139
3994
5054
41
5559
1934
4871
2652
4997
3875
3308
5616
4039
5362
3139
1691
3139
2583
206
3891
276
2260
4934
2084
2285
25
3875
1088
3139
1195
3139
835
1461
2538
823
4825
698
3838
4746
2376
709
2196
4772
3139
1775
595
3571
4329
3308
1325
787
1870
5547
4426
3308
4717
5275
5431
1468
226
4772
2911
787
3139
5616
2619
1461
1588
2205
11
1307
2697
3418
1461
4480
4465
4206
5133
5744
2469
2724
1461
193
2851
1429
1602
4431
425
1272
806
5288
2416
3949
2056
594
1029
2164
2379
482
778
2189
4978
1276
1354
1619
5265
4890
5402
4884
219
4998
4717
2882
1158
1300
3401
5655
4871
5616
4945
2864
4045
5402
3943
5525
1042
2277
3308
1707
3910
3401
4306
5132
1405
4945
5122
3036
4972
3915
4884
3139
5287
1616
4142
2196
3750
3623
227
425
1798
3139
4707
5746
-1
1313
5183
1600
2697
2274
2356
3139
1320
391
275
4484
77
3066
1361
136
425
3676
5646
2762
-1
2376
3942
957
1452
594
2468
4195
25
4745
1503
687
2730
2882
5153
3139
1281
4265
1643
3985
2567
1465
1405
630
5294
275
2376
3762
2189
3139
4416
-1
3003
3807
4808
1949
1352
970
1619
1429
4561
1565
5587
3139
3349
1368
2730
4142
1601
281
1042
3139
1287
3139
2285
2075
4214
2762
1722
353
4416
2189
770
2682
5376
630
5695
4349
2383
4373
5532
482
2144
4039
2196
3139
3875
1179
241
1339
1339
3139
1115
2200
1073
620
1313
1095
425
4746
1209
1461
2140
3203
595
4588
778
2122
1850
630
1012
3139
16
482
703
2762
4265
425
238
2122
1350
590
2983
5049
3374
3342
2216
3139
931
1121
4478
2571
5384
427
3456
1304
3645
1136
3202
4411
5047
951
425
25
3750
5402
482
5292
4460
3139
2998
4784
3231
2619
3910
4188
1405
2285
4045
1485
763
3805
4194
2538
1138
5426
5587
931
4138
3924
2571
3830
5402
1601
4993
-1
5062
3595
4876
2200
5267
4226
4110
2466
2882
834
1468
2196
1429
3028
1095
5003
5336
1639
316
787
3199
5512
3964
927
4975
4722
2762
3040
3415
5582
401
1734
2122
3507
651
4497
2196
4194
5132
1192
5292
2762
193
3308
1213
2196
2724
3139
5587
5609
5062
5698
3910
2016
1044
766
4978
4226
955
2525
4811
5343
2376
1044
1044
4352
4654
3595
5616
5616
1760
976
2328
5574
4373
-1
4125
5016
3507
5405
542
4945
2464
3
3139
4829
5609
3035
2807
5576
3139
-1
195
1409
5575
5402
3315
5049
5183
2384
412
1333
2196
2793
1567
11
2958
3910
798
827
1307
-1
1313
957
1238
4053
1370
4868
5292
4018
2724
2243
5062
1427
2697
927
1731
689
3139
4158
4807
4588
4890
3875
2611
1485
5567
1042
324
-1
3910
2762
2619
5386
1429
4713
1681
4889
1809
3139
2285
3139
1650
2196
4270
3057
16
5402
5522
3139
1843
4717
4945
2333
2200
2986
689
482
1076
5402
5616
2691
3875
391
25
5587
852
2125
2619
5438
2619
2009
148
5062
182
5425
2200
1823
4546
2391
2197
3139
5062
2635
1539
3140
3705
3139
77
4287
470
4373
4713
2196
3136
1940
1296
241
1922
2566
4142
3139
5507
3317
5402
4595
2600
4717
5077
4539
5587
25
2421
3192
3139
2719
2214
4959
5027
55
4975
3139
307
4109
2091
4998
1452
638
275
957
4945
25
2746
425
5674
4974
766
1429
440
3133
3401
970
5425
3621
3585
4082
2285
2182
1601
1474
5235
4718
3910
2724
4890
3003
2196
2344
193
5413
1452
5062
425
827
4867
3925
370
1429
5062
339
484
3635
4046
412
5054
1456
5031
2285
2146
2285
2196
4417
4720
4951
3592
4184
932
5193
1679
4689
5728
5695
1625
1044
2724
2128
3296
373
2189
1354
147
883
3149
5250
4226
3139
3139
3157
3390
3057
3629
425
5488
3496
4364
3308
1488
482
5742
4763
309
425
3389
508
2376
5424
1405
2285
3408
4474
5427
2913
5576
4884
2196
4158
195
4181
3341
2196
4338
5589
3139
3139
3346
1313
3139
555
628
1465
2383
3621
4076
5524
2350
2072
1724
41
1307
4239
5433
2420
2781
5062
4188
5402
3760
471
1931
1461
3705
1468
5404
1699
4194
196
410
5576
5587
3240
2985
457
25
5271
5402
861
5511
1452
4287
-1
1202
5152
184
927
2697
4890
3838
3095
5053
3851
127
1875
4604
3517
2662
4956
937
-1
4884
5571
763
1429
275
105
4570
1057
3838
2163
1354
3139
2285
2376
713
3028
3057
425
806
1287
1339
540
5587
529
3846
1355
4417
1636
1409
402
1709
668
1351
3682
4884
5544
5571
2326
3222
4717
1657
3689
1283
2762
2099
3517
3838
2894
3341
5587
5587
1546
24
3556
2200
630
5433
42
-1
4945
165
1300
4593
3308
331
2189
5362
5616
2762
4697
1313
5062
3621
5388
1785
472
5413
1427
664
1405
1699
2196
4011
2200
25
457
5062
2882
5726
3808
5384
2682
2196
1352
5698
5254
3645
4126
3963
1489
3650
5616
5232
5102
1419
1168
4689
3
5556
927
25
5471
56
2235
3308
1019
2285
3230
3139
1376
5062
3461
5030
5200
3139
1231
4918
4194
914
2420
5467
2890
3682
3507
3950
342
3423
780
425
531
1574
1429
2697
1583
1868
3184
3136
3015
1067
4045
1449
425
4264
3910
4467
1283
142
24
-1
1294
1480
3732
2196
3139
2285
3066
4373
4201
4884
2570
3139
2122
25
2003
3442
4807
2196
1283
5415
2697
1650
2566
4373
700
5556
5254
1932
3136
536
2104
5206
1661
3317
4884
2285
3099
1313
2084
4861
2376
5135
5438
1534
-1
1356
5049
2568
5402
1331
1373
4045
4348
5402
1199
1504
3838
4772
987
3139
1058
4959
4410
1759
1444
-1
1452
5629
1557
2196
193
3139
908
2196
5272
5049
425
4966
2762
5062
647
2197
2612
1269
5587
4686
1057
5609
2825
1185
2911
1405
1405
425
5125
2825
2016
3139
5556
4158
2943
285
276
195
5402
3910
4772
4570
5172
5387
5062
5114
932
3308
5402
3717
2200
993
4835
1819
1266
3170
5062
-1
2285
2196
3308
1247
5576
3142
1601
1488
1990
927
425
1984
1692
5222
740
2619
3838
3139
711
3734
4884
5138
3824
5726
3621
2979
1572
4559
-1
2428
3139
5694
4794
3835
5518
4254
348
445
4142
5427
689
2680
5431
147
954
3875
1178
3610
2196
378
2196
1199
243
669
5013
5402
4278
425
4002
547
687
3066
2189
2281
4194
4188
1307
24
5587
1442
4211
1219
2196
1699
3308
2834
2784
1776
5132
4194
3015
3817
5292
3599
2739
5003
5402
5402
3139
4966
5497
5336
2196
2449
4671
1586
3446
1307
3381
2196
4467
5165
2882
1184
2181
1313
3308
3279
5402
5009
4615
1199
604
4373
3768
3734
1837
3739
5225
5419
5558
583
448
5161
5057
2420
4142
5616
1029
1945
1963
130
3136
4945
3139
2280
1536
4966
4931
2196
4974
1468
5558
1680
3928
2214
3003
5402
1760
3695
2323
1405
5667
797
3887
4417
5402
3996
1468
5438
5402
4668
3166
4884
4225
3717
2122
2160
536
4720
2084
25
5438
3139
2420
4416
875
1681
25
476
2003
1554
275
1396
5402
5511
482
1362
2754
4038
2122
498
1984
2196
307
5582
2864
4491
3139
4348
400
4529
3094
2003
4373
775
4966
3308
3621
4815
630
4624
1287
1851
5049
3676
3401
482
25
3531
5271
2312
1842
5502
5198
2719
1429
3401
2463
5402
1017
4903
3139
25
3269
1357
5049
4039
4732
3824
1017
1339
41
3088
446
1691
1583
175
1853
2612
3616
2195
147
3003
3839
1680
81
3571
4226
156
957
285
2708
1875
4356
1452
2122
3824
2328
18
1313
4458
2825
3139
5402
3
2873
1384
3623
5384
5616
4114
5402
1178
1643
1115
3308
5587
5238
5402
4587
1809
174
1512
4717
4161
1699
5402
2154
4045
761
4689
4734
5609
1366
5478
827
5402
3139
2818
3822
3164
2367
508
3705
1793
2196
3621
4348
4082
1699
3139
1583
4765
1777
4703
2548
3621
4158
3095
2196
3240
3910
4720
2615
2409
4966
2164
1017
3919
2825
1595
561
1185
836
1168
2830
3066
1908
1513
4945
4629
425
1488
4717
3427
2189
2285
3139
2583
2196
1639
687
1118
5326
1186
2096
2154
4063
993
2196
376
4235
5439
2952
3967
3139
4713
24
2200
3289
1480
3468
27
4803
3792
923
5623
4513
3095
4594
1894
2214
1482
2085
327
3072
1470
2282
1800
3382
492
3003
147
5049
524
2243
831
3946
3139
5744
2958
5733
2697
2822
57
1909
1579
2196
4771
4746
662
586
4281
1799
1426
2084
1355
1384
5235
227
548
3139
5013
3015
1185
1307
1017
1044
1493
4901
1583
4181
4540
425
4833
2196
2890
1869
4611
3830
3865
1793
-1
4966
5293
258
1250
4497
1734
1887
2200
2401
-1
243
425
2650
4740
1240
4159
1119
2122
3072
4032
4771
2128
2946
1362
4142
2196
1969
746
1714
2154
229
611
-1
4348
5405
5062
2336
4779
5102
3743
1360
5062
2911
3139
3949
4226
4005
5381
1429
3693
425
5446
4078
482
2281
4611
1298
4188
2825
1727
2153
5746
193
3139
5585
835
2214
4276
4836
2196
4955
5532
3139
3139
1636
5576
2989
2682
2834
2243
3308
2531
1313
2196
2196
3595
1205
1800
213
1759
4478
3747
3139
4297
3072
5331
353
498
5119
338
4372
195
4966
1352
2911
2196
1320
5157
2420
1057
5472
5133
-1
3817
3068
3164
425
138
2315
3139
664
2435
970
5133
1636
907
25
3592
1699
3192
110
3107
51
4998
1875
304
82
195
2830
425
1104
3960
3646
3985
5156
1199
2096
1777
4272
1054
3917
3267
4348
177
2873
4194
3003
5049
82
3028
1405
1044
3595
4877
1601
1875
4454
5062
4438
2015
1752
127
689
5616
3944
3746
25
2610
5402
4763
5726
1152
2570
2608
5681
3139
425
5558
3789
3479
25
3553
4689
1793
831
2724
1777
5547
2517
923
4861
3916
5674
2189
1636
2404
65
2346
1200
2164
486
2786
927
3766
1427
3021
2196
2200
5216
2361
4825
5602
545
2084
3139
5475
1855
3139
1681
3653
1213
3003
927
5438
2096
1322
1601
2292
4978
1650
425
1018
1681
623
3553
4790
3635
5207
5587
5579
373
5277
3192
2630
1480
2122
3072
2200
5230
3064
57
4158
4890
963
3308
5185
4598
3516
2200
664
5353
5505
3066
5353
381
5547
2619
2122
195
3740
3456
4838
4405
2998
245
2762
1313
3479
3838
1230
1583
79
4713
4497
630
5133
4224
2285
5402
110
1128
4340
2507
1240
540
512
1588
3139
2146
2513
1016
2196
25
2762
1345
3592
4194
3880
3072
1936
1016
4332
313
1209
3057
1834
3512
3621
3041
471
5576
3676
2867
-1
-1
5624
2412
3629
3308
5621
4076
4373
810
4884
193
415
5019
243
2200
2293
4194
-1
1429
301
823
1405
1560
5671
4646
482
5104
4736
1725
2349
2189
20
1365
3139
5603
2630
4998
147
2196
3139
25
2016
5235
16
2167
5515
4718
-1
1185
5667
5061
3862
2154
1304
5003
889
2189
3717
1421
2196
3055
3107
2196
5388
2243
1588
4739
548
1583
2911
1178
515
3382
2417
3077
3449
425
5362
425
4153
5132
1588
630
1106
1888
1825
3192
5402
615
25
5062
2697
498
4138
3667
4629
3206
3077
1300
304
1354
5322
1722
147
5250
2196
1699
4084
267
4978
5525
4900
3875
5361
52
5402
-1
1859
1230
2619
56
3717
5062
1178
1054
1909
2885
1163
1313
1119
3240
3592
3139
974
907
4467
3479
4598
339
2658
3553
3653
3479
82
4032
4811
1872
368
2761
4945
5587
5061
4045
2049
4513
3139
2615
249
2196
5478
5133
4371
4998
4417
4978
3184
1588
5402
2762
695
-1
3072
425
2947
1429
3124
1263
3315
2503
425
785
387
3139
2196
3192
4652
25
4056
1977
3696
1528
5282
4194
2083
1410
5587
3820
1144
3653
3743
3468
2393
2973
3072
3299
3139
2838
4853
71
2789
3890
5062
3139
-1
16
412
23
1427
4393
834
3282
5402
5657
41
4397
5466
2581
5497
2658
5053
110
5438
3925
5240
5332
1054
1429
4166
1365
1963
1601
540
4978
4778
2394
540
258
4815
4884
2014
4226
3139
482
4298
307
3003
1544
227
4045
2196
2187
5214
2390
5390
1915
1016
5497
1283
1601
5402
2200
2785
41
1333
5518
3949
4884
3139
5436
1875
2691
1185
425
326
5402
3057
953
3139
3708
25
3865
3745
25
3139
1699
3066
2361
3222
2196
2200
4900
5587
5254
3308
25
5362
1405
3507
957
4681
1106
4391
2285
2882
1822
1054
195
2197
3623
2196
3449
4039
425
3478
5049
630
3397
5746
5695
4226
1091
2246
2285
3139
1875
2285
3308
3039
3824
2762
-1
3507
5252
5742
3627
5687
3409
3095
2285
2569
2870
2196
1832
1681
3139
4877
1044
-1
2007
2469
1339
5587
25
3848
1184
-1
2573
2160
452
5402
3953
82
227
4126
4854
630
5119
4438
404
5155
425
25
4825
550
2293
1058
19
4293
827
1428
4675
3592
993
5254
5362
5398
157
4158
1269
5485
1601
3066
3139
2285
4945
4194
24
195
1353
4332
275
3095
2796
3838
1583
2196
2724
1294
664
4470
5402
2635
4598
73
3401
512
5719
2196
4815
4198
3139
4398
2285
93
4213
3139
4039
5587
1016
5642
5402
4513
4431
1230
3308
5140
375
923
5205
5362
594
4179
2102
3139
4142
2691
24
1615
3139
2196
-1
3308
498
52
4082
5133
282
1448
2612
5414
1595
695
4986
2697
5205
4497
4345
888
4515
4100
2587
3139
5438
5028
5062
1604
1345
5497
25
421
3880
3094
993
5419
4045
2196
1019
4849
1727
4288
2122
1101
3996
1016
-1
2151
2285
4332
3242
3991
4587
3838
4654
5213
5091
2276
5426
5133
5641
1636
3396
857
46
3057
3200
1762
1948
1429
2716
3880
1405
5746
1110
1183
1583
2615
1101
3308
1710
5402
4555
579
77
1355
3139
5062
1325
5362
2149
5271
4884
3210
2224
4958
2933
2825
1409
5587
4717
195
2196
1371
4158
2147
4164
3834
5303
3385
425
4889
1300
5671
5419
2096
25
4662
2046
1777
1648
2296
425
4226
3511
4484
5074
4367
2825
5140
258
3082
275
2657
2578
53
1057
1073
2200
5049
1178
3139
3139
810
3139
3485
4637
4313
5518
2976
64
1230
2016
1412
4383
3139
1044
3838
5724
696
2096
4448
1300
1546
1131
425
5545
166
3592
4170
4226
4653
5587
2617
-1
2830
2153
1639
3676
3139
5497
3717
3139
4713
3396
95
4307
5362
5587
3139
5049
5104
4956
4562
2196
1782
2660
1832
5402
5402
5587
2714
95
2196
3778
5402
1427
1178
1073
787
2583
2096
4965
2514
4986
2333
2206
1493
3210
4766
1795
2435
5497
834
2266
2762
5561
5402
1199
-1
2326
889
2813
1832
3346
4142
2051
5061
3442
3817
2102
2825
1504
3996
630
556
927
3717
3107
1185
3003
4045
1909
3505
3139
1307
5576
5495
1379
2940
5454
5320
3139
225
425
400
4287
3817
3289
3139
4781
1108
5724
5285
2009
3011
1298
4135
1740
3683
1916
885
923
1661
5232
5616
590
2415
5695
4332
5720
719
4829
2973
2074
425
1541
5609
1775
932
4101
2818
3571
3571
4140
3308
4473
4051
1636
1465
193
425
5504
1354
1875
5254
1928
476
2243
2383
2266
1429
5706
1452
428
4265
4720
4188
1920
5040
2060
3887
4966
2703
5165
3924
2514
1313
5562
2435
4878
4875
5433
996
4287
5466
5402
5062
5414
2311
2882
1269
1185
5285
1715
2084
674
2122
2084
227
4225
3125
4877
5725
630
2570
5254
5466
5616
2800
5621
3139
16
1073
5110
1480
1313
4959
4348
5049
2196
3139
2417
2196
4598
3401
934
5387
4180
147
4371
5426
4998
2196
2247
3139
419
4689
3520
5419
5026
4611
5706
2196
2958
810
1777
1205
1254
1914
-1
2466
3053
1608
3139
3139
3616
1230
739
-1
5022
3139
5402
3139
4503
1095
32
2360
3072
5062
5565
333
2200
790
5558
3587
5512
3752
3820
217
-1
7
3139
4743
1244
782
4815
4878
3072
425
3910
4111
4146
2911
689
1601
2189
3468
3139
5313
2096
3205
484
276
981
1636
1066
3139
1163
2164
4239
1661
243
642
805
5062
3485
3128
3308
3203
3580
2196
41
4276
4387
4956
1595
3950
5133
4131
3356
1062
3875
4743
3308
25
1286
5218
1498
2196
5254
4458
2904
5402
1163
2921
4822
55
84
3139
5062
2834
4967
5402
1352
4131
1681
4073
3218
2965
3139
1945
5571
5471
4998
3659
2976
4197
3139
4383
1429
3838
4966
1681
2196
1857
4345
2196
4539
227
3139
3139
4720
1608
1149
4820
2548
1429
1564
5547
82
5574
4277
1734
3308
1608
526
2621
4547
2882
1601
392
275
3676
1541
1054
1452
1465
5254
5695
1210
2196
3003
1044
3910
3349
1071
4007
1139
5390
1908
5415
2834
1185
25
3269
5402
5232
25
121
3139
242
4393
2794
2196
1019
5473
3445
5064
3308
329
3139
3139
4147
2724
5512
3692
2164
4039
5623
258
1481
2200
4807
4931
3890
2075
4371
5402
4039
3838
1319
425
556
569
1800
5671
425
4287
304
4142
4555
57
82
2572
214
3456
482
275
5113
1273
4966
2143
3139
4371
1307
2285
4056
4288
3139
1935
2096
107
3139
2770
5049
4158
3142
4890
2514
2911
5107
1429
3284
5280
4537
1681
1699
1298
4766
5746
457
590
5322
1298
2649
4555
5587
2285
2200
5593
1244
3308
25
2348
1339
2196
1307
4981
2196
1840
2503
3817
1480
1044
3883
1902
2285
4359
3107
540
5582
3139
1557
2503
1038
5093
227
711
5062
1273
2949
1875
1681
1425
3139
2562
1850
2691
2269
4387
1101
891
5062
5062
285
1699
5530
482
4569
2484
3840
1429
4127
1706
2762
4454
431
1583
5438
2010
4799
2199
2000
5049
3296
4363
3717
1307
4188
3156
5518
2101
3677
4784
3507
4163
1072
1429
2038
3817
5629
3129
1331
3562
241
2762
5381
5433
4778
-1
3386
1049
1452
4442
2548
5182
1049
263
993
852
5491
2334
3139
590
5269
2882
3716
1366
3623
493
5155
4431
4373
5556
1694
1313
590
3139
1157
3139
1044
5733
3308
486
2000
3094
4188
2934
2514
126
3676
540
5067
-1
823
4111
785
-1
425
2342
3833
2196
4626
5576
3039
1269
3003
5102
2200
3768
2837
4080
4791
486
5592
387
4611
2196
2198
-1
5431
5061
324
5509
3999
1777
913
5438
5426
25
5054
5252
293
2489
1230
2794
41
258
3705
-1
2441
247
1143
3862
3641
540
2196
3139
823
3139
3920
1729
5391
2102
839
82
4188
1885
1291
2992
5746
1949
1354
585
5205
3066
4494
2285
2560
4966
3139
3800
3139
5402
1244
54
3717
4131
4038
1157
1240
3256
3139
1977
482
2390
3621
4945
2847
5529
4437
5062
2862
4146
4497
2196
3139
425
3578
2645
2147
3377
-1
3773
5466
25
2881
1958
2196
4912
4362
1619
3077
3885
1429
25
785
3447
4497
1636
3139
2200
779
1562
2762
4287
630
2196
3139
483
2905
2777
425
2102
425
2328
4998
4890
4998
4896
4416
5153
5109
3053
5678
282
3838
4288
3003
3640
227
3385
3240
4209
2062
5135
4447
5426
5552
2882
2630
2153
5062
3554
4944
747
4299
4002
4390
3062
3682
3139
3468
373
3496
367
485
1638
425
53
1112
4497
5384
1405
2194
275
5313
425
1286
2266
1722
1044
4513
1825
-1
539
1535
1829
2168
5712
586
2096
2567
25
3485
823
1601
4194
5665
3139
3317
5499
-1
3745
1504
594
1323
4158
1155
5748
3682
4492
1183
4884
2196
2096
2281
5425
5053
3308
1429
2673
957
1830
68
1307
5104
1025
1429
2950
5062
5232
482
25
2008
4158
899
2383
5122
4166
5735
4240
5432
127
2762
3308
25
425
2630
4347
3395
243
3880
3308
2196
2420
41
2200
4555
1016
5551
761
4158
5687
3121
3315
5530
775
2986
540
4647
3401
195
4407
2420
3401
376
5497
5305
314
5633
2619
482
1985
5253
1557
4415
2328
5576
4467
3139
3746
4362
4998
2390
-1
792
2367
5140
4148
3139
5203
1017
3139
5073
1016
1339
4713
4390
1300
3416
4799
3308
5271
4075
5118
250
1601
3614
521
5028
2826
3439
5502
3579
2882
2551
2551
485
792
1354
4281
2593
970
66
2285
5499
4265
41
2250
-1
3139
3003
1601
425
133
3672
3066
482
2122
5062
147
4942
1355
1427
3139
4799
3887
1601
5402
2762
2149
3069
5384
3139
1024
-1
4196
5375
3139
4158
5349
3139
2619
540
811
2467
4296
2987
3616
5489
3676
5133
1280
4689
3428
1222
2196
1823
3139
740
4093
3139
425
1178
5404
5402
353
261
1044
5165
1935
5514
3251
177
1429
3427
2196
4569
4162
3331
2762
2958
5362
2688
3003
2867
2120
2328
3139
5671
2785
5285
3820
2196
474
4784
3139
5516
5491
3139
1218
1218
2487
-1
5184
3875
227
394
2196
5674
1902
1782
5049
689
4718
131
5572
2176
4497
2617
4984
5132
2825
785
5254
3949
604
4801
3139
4884
5706
4859
3863
4717
646
2939
2196
2627
649
934
5062
66
1699
24
5402
540
2611
3444
4354
1185
2724
4654
723
1680
1178
2123
4771
3139
637
159
4890
25
1365
5518
2691
195
4265
1722
1809
188
25
923
2425
2871
4890
1116
1354
5687
4482
719
3875
3696
1283
4188
4816
3139
4096
4002
3800
3996
3139
5587
2517
5402
3139
5433
425
337
4501
3308
2372
5009
348
1407
2691
4298
3748
5496
951
2196
285
4569
4458
2096
1579
2164
390
1314
1244
1722
1073
4132
3308
548
482
2200
4045
2096
5724
1551
4287
925
3880
4188
5017
1583
4975
425
5335
1829
4535
2285
3645
1029
3201
3308
5556
3831
-1
4403
5362
2196
1480
4181
2773
689
25
1601
281
3054
5026
2196
1313
5605
3553
4497
2196
1298
3139
3139
1583
1793
1699
51
5326
1880
1583
1339
2729
482
3595
314
4947
5539
195
1913
3139
556
3994
2196
664
2197
4720
51
5066
4945
2096
4896
5731
5249
3139
1044
2196
3592
1405
2469
1900
787
5202
540
852
3139
170
2285
3139
1209
3858
476
1842
391
1913
1677
1848
3837
833
275
3139
339
5331
3308
1316
2864
422
4523
2762
5384
3139
4491
1657
1586
4069
4502
5630
1307
1687
41
2762
5015
5402
3361
1504
5672
4817
4771
1821
2096
5402
4978
5695
3643
1938
1405
4403
2354
2944
4039
1407
2435
3676
2196
4891
594
1583
1300
247
3139
5512
2122
1356
2058
227
482
3495
541
2435
4226
1699
1711
1780
4158
4654
827
4417
5129
3308
548
1257
1407
2724
5546
5605
1475
1802
2724
427
5362
5547
193
4226
1334
4438
5064
3668
188
3597
4142
4626
4196
4634
1776
3688
5362
3472
5235
425
747
3317
4934
-1
3863
861
4998
2158
482
482
1371
3734
4142
936
5557
1339
3191
3139
1012
927
811
5028
1427
3139
1482
661
1601
4808
3072
3139
3139
4966
4192
852
25
1913
2314
4535
5087
5414
1360
1395
827
1601
2196
1606
5109
5292
4650
2164
1367
3945
3139
2651
177
2900
2196
5049
635
1240
3569
5497
1475
1041
275
-1
2533
2164
2006
482
967
3263
448
5427
1608
1601
3461
3648
3004
787
4011
425
3881
1157
155
1110
286
542
5556
425
4048
5136
946
-1
4932
-1
1355
5676
-1
5719
425
2886
5733
5480
3469
1429
923
1828
1079
2864
425
3139
4598
5598
1405
2214
127
5344
2435
4039
5062
777
1800
5497
3381
3139
123
5586
3215
482
5691
4914
5062
1465
5277
2165
3066
5587
5155
4197
1482
2470
889
2501
4662
1168
4226
2196
5598
1527
2762
1908
967
1069
242
1131
3139
242
1383
5232
3037
5616
1405
4226
5321
1452
494
4993
1606
1152
687
5269
127
1405
4154
3905
2251
4864
1880
5433
4082
1298
2724
5712
2157
2333
4743
2390
2619
3317
556
3717
195
443
2762
1278
4513
2196
540
1307
3160
99
2152
3398
2123
5449
1576
1468
127
3858
5209
3412
4525
4763
3401
389
5441
2569
177
932
1588
4922
1846
592
1387
5370
965
2923
1016
4383
2949
4555
4107
3676
2317
556
2069
1680
3800
3676
4226
1073
5439
3317
5062
740
1213
1307
2838
1731
2762
3139
425
5551
4358
1405
5587
5370
5156
3278
1825
2650
-1
864
2697
4040
923
4665
878
1832
2196
5049
2609
4430
1635
4045
2420
730
1907
4226
4109
3139
53
5213
4792
1606
1778
1389
103
4255
511
2016
5022
4043
307
4080
2697
2390
999
2285
2084
5310
4000
275
5028
2576
5402
1307
4332
1776
5419
4420
5122
4776
5062
2196
3621
4945
2060
1601
573
1183
2192
-1
5587
5280
2491
2200
3716
957
3066
425
5049
1574
66
3818
177
4891
425
2703
2096
3838
3139
4818
432
2196
3921
719
1444
2411
3586
2619
909
1606
1185
1143
4496
2619
3139
4032
4039
3139
1996
739
4884
127
2285
2473
5087
1407
2759
2488
3139
5402
930
1237
1075
5433
1240
823
2911
2835
3772
2825
3046
808
4442
3222
1185
5095
3139
5277
923
1155
25
411
5671
540
1269
2213
4226
681
3449
1583
4171
5402
1681
4040
3985
1201
5402
2831
1902
5451
4790
5541
4158
1017
2196
1606
2195
5384
3140
2838
1283
324
3095
2478
147
3881
5070
3838
1311
2755
1676
1709
2934
3139
5426
5062
2149
304
3139
2113
594
3996
1788
2882
1603
5545
1429
2061
1352
4945
4582
3528
482
1338
5497
3139
3264
5258
-1
1800
1425
3240
2285
5471
4751
485
4759
3139
4204
1601
2809
5108
177
4544
1294
2724
4989
3376
1757
2196
4354
3139
747
5402
2390
3031
4508
5133
3308
3139
1480
51
1888
5049
336
156
1117
1185
2724
4039
2690
4454
1060
3057
5362
1934
2285
-1
4002
3875
2619
2998
3880
3151
1777
3980
5433
1227
3139
5062
5412
4957
4225
4162
2762
3108
2196
3824
2196
1206
3139
1298
2673
5140
3980
661
1452
5049
5587
1320
5119
1139
227
3800
2462
4718
2327
2939
5315
515
5313
3139
1217
304
3931
3659
4293
3003
305
1583
25
3561
4348
1429
5361
3240
4466
889
195
1007
89
2196
2933
5074
1452
2785
2196
5385
1759
3308
-1
3278
3139
2574
1521
1235
2122
4878
3331
1419
4693
1601
1931
5491
3139
-1
2750
25
2838
5210
-1
3139
1430
-1
3095
2619
1588
4415
1057
258
2285
1400
1298
4778
4039
4986
3893
5133
4513
1551
1435
1222
3139
5062
4226
2762
4829
2911
41
880
16
1583
343
1465
5333
-1
3317
1916
1798
3139
2333
1228
492
1427
2762
4966
93
630
4743
3867
5438
41
1516
2431
3139
2200
4750
5695
-1
823
-1
5326
25
152
3822
5629
1777
5271
1636
2016
5677
2989
632
2200
5013
2369
4851
2016
1452
2697
1703
5062
834
4529
923
4723
5547
591
4127
2285
4825
304
2195
5031
-1
3725
427
937
1178
5049
2269
5493
4439
4387
3980
2825
195
1699
400
5088
4513
51
3346
4063
2196
275
12
3037
2834
3623
5100
1465
301
3308
1945
2467
5705
474
3520
2114
5672
4373
399
2713
3880
2195
1598
3293
1307
223
4497
5587
-1
5438
857
4975
1901
3875
4406
927
4945
5695
4796
1743
545
2372
745
2060
594
2196
3279
1178
807
2055
5218
3183
4226
859
1323
1979
4286
255
107
3121
595
3245
147
16
3783
508
5587
2673
1636
3615
41
1993
2200
2686
2096
2665
1054
4801
5402
2195
5521
1230
5438
3838
2122
1601
4182
1909
1832
1168
5547
-1
1463
4412
623
4385
2200
4457
4373
1323
4186
5471
1343
3910
4226
1307
4266
1878
1016
3139
5271
2196
586
1757
4975
5062
482
3053
4799
3380
3036
3139
4194
4511
4999
3855
4555
3139
5062
3139
1307
2285
1601
4890
4877
1206
5671
5587
2196
93
2200
1465
3069
3139
4860
602
2929
2196
3838
4717
4408
957
1601
3768
4373
2196
-1
3838
1016
4226
3875
3453
25
4778
1722
3846
2307
425
227
2612
2196
4872
1475
2200
3696
3139
3139
2194
2762
4330
275
3051
25
5272
5362
-1
425
2749
2332
3401
227
250
3768
4896
1429
197
2615
347
425
4287
5155
1452
2266
3521
5183
2196
2420
2882
3139
3820
1636
3257
3888
70
5182
3592
4771
4930
482
2998
2200
3139
1480
5013
425
4135
3165
1354
3130
5140
1972
2377
3139
3869
53
1958
1298
494
3996
4603
5062
5062
2194
923
1167
4373
1800
5133
1482
3046
3040
2269
3495
746
2797
2000
498
2989
4598
4945
1269
482
5077
2195
5419
2390
4956
5232
2467
630
5497
3139
3665
5438
3136
2520
-1
4881
3555
1180
1287
1420
4226
3924
1636
425
5587
2153
423
5456
4557
2233
2465
3139
1913
4871
5062
4031
201
3162
3139
1405
3946
1353
1875
2553
1073
4787
3817
1583
147
4555
2196
2196
2390
1054
41
5004
5499
540
3595
3139
4713
3139
1850
4438
5744
4068
484
4991
4763
1269
5122
4884
2697
1168
304
3824
25
4235
4371
2874
66
5028
53
4166
-1
-1
5393
4792
2498
4398
4348
768
4195
5471
5742
4763
1633
4887
3485
4032
5398
1323
2986
2777
5558
4975
3392
1095
4188
314
-1
2285
5062
1269
3139
-1
5148
3611
25
4158
-1
2882
4196
4945
3000
2691
5062
3228
2196
2197
1073
1475
1800
57
2380
3139
2650
239
1429
3621
1313
4929
5404
5087
3375
1465
4398
1504
4890
2698
3903
2200
2376
4601
1210
5310
5062
1583
2304
1101
4345
3377
2882
2227
4158
52
3615
266
5022
3676
3139
5015
2333
4032
5544
1430
5364
1206
3800
2768
2719
3139
3410
1586
25
5295
4039
2014
1477
4188
473
4494
5271
5028
5733
482
2510
4158
972
5130
3355
255
3996
2408
2332
1945
4890
1313
5156
3676
2567
3487
3601
448
5385
2147
4393
1601
1465
5471
275
982
1588
4412
2196
1583
1313
5600
540
1157
5432
2200
2200
4229
556
2557
3822
3650
2834
-1
4182
1513
3139
3044
4713
1157
1681
5087
4406
3333
2399
4890
5714
3800
4230
3317
425
1425
4772
5413
4772
2167
3653
435
1902
41
1168
4451
227
2900
827
3771
5313
5519
4773
5402
2799
5481
4598
5123
3880
5587
314
4771
4564
2377
1313
1885
41
109
5405
2196
618
-1
3139
3139
1313
5505
1606
540
1601
1430
689
2364
25
3139
5545
3227
2489
3003
-1
3401
1811
4830
5497
1775
2146
2350
3308
25
5171
4014
4196
2096
3573
1814
5164
695
5293
3139
4509
4176
3838
482
635
2830
2601
1405
3621
378
5385
3358
287
16
2606
1635
2762
5542
483
3139
2125
1157
1666
25
284
5336
2327
5133
3161
3800
1638
5173
837
1636
3513
2469
4101
823
1465
525
821
4615
482
726
5111
1949
889
2502
4471
5335
4890
4442
4943
1016
5031
5062
2189
281
1185
36
3955
3139
3495
5049
3139
5672
3465
3139
1298
41
2195
5171
1356
1598
2196
2418
2615
1699
5402
3139
584
4738
2438
4957
1564
4732
1931
4045
2097
5133
2451
2927
1841
4331
5022
4484
281
5062
420
3485
3696
25
1597
2467
4354
2643
-1
2830
4890
2329
2911
3139
3743
5695
2327
2266
3110
1161
-1
1058
5274
1967
5744
4900
2630
2248
4664
785
3069
4968
1023
1083
719
2333
5062
1157
4255
1780
2775
5137
1313
3931
4332
1829
3875
138
2685
3507
3139
5351
831
719
681
2943
5402
4808
4171
3289
2380
3456
371
25
3139
1504
5114
425
2390
4688
2724
1683
2572
3
5234
2243
5696
2121
595
241
2762
3139
5293
4966
4884
5497
2619
2285
2196
3139
25
2515
3688
1405
3884
5137
4559
5313
3003
5587
1106
2146
3139
1779
5491
425
4356
1429
425
3308
540
900
4720
1598
4771
1095
747
1300
3396
753
827
41
2243
5587
2762
2689
1307
4778
4188
1964
967
2113
425
425
541
3676
4992
4966
719
-1
-1
2003
3676
4533
310
2247
4259
62
2698
4158
3621
1681
4611
3139
3139
957
823
2160
1931
3139
3041
5050
5088
5724
5074
1168
3748
4158
5028
5576
2285
2321
3095
4332
3503
993
2463
3468
1688
3017
4513
2420
993
4028
1152
77
1589
4484
3771
890
1307
5342
4694
5673
2382
3283
1095
3616
4350
4984
3367
3676
5402
1540
3139
99
823
4718
4276
4693
2785
1269
118
2122
834
2828
4819
4945
3875
3139
2813
2455
3072
1012
3676
5370
2122
5050
1973
5049
3778
4801
4741
304
3139
3612
1300
4799
575
3015
3139
3177
2399
425
4158
1463
425
5256
5618
125
1504
125
2606
5470
93
1244
1000
4404
977
3396
425
1624
4373
3485
3139
2327
3066
2196
2019
861
5049
4615
4287
5022
4489
2096
3313
3139
1429
3308
4569
4774
540
4131
4815
4890
1417
4412
3641
4619
1152
4694
3139
3139
2576
1501
1582
1307
1323
150
4890
1073
2691
482
4526
4039
4039
1914
499
2178
2515
3139
3351
5402
1598
5360
583
2102
2196
4957
3139
1131
2828
2196
4004
41
5362
5438
2376
2934
1688
4039
5402
5410
2619
-1
2202
4890
2285
4586
4598
3326
1119
540
5148
1151
1475
1230
4976
4884
3278
719
1307
2196
5235
558
3139
5714
4497
1269
4833
2808
1044
127
4142
2052
1885
1173
3765
2376
4417
4647
2934
3695
624
5354
1236
1810
4628
3797
5431
4497
3629
5354
2250
4240
-1
5587
4759
5292
1244
4716
4945
1546
5682
3240
5017
2619
2195
4815
4321
2200
124
2615
810
5049
2495
5362
3362
675
1800
3072
4406
3139
452
5449
3139
3139
1045
1178
1168
962
1057
3072
4559
1407
5003
4884
5402
881
443
4413
1287
2136
716
3139
542
1616
4425
4501
412
2619
924
485
57
2189
313
2090
3003
2200
41
5595
4579
4125
2187
53
1588
3131
5442
4802
3851
181
5313
3139
1222
3139
2196
5475
4233
258
2390
2670
5402
5186
425
5540
5200
2652
3369
2900
1598
1166
630
3623
2361
257
5137
5062
1891
721
425
198
3852
3139
3022
1429
4497
3139
590
1414
2146
5587
2243
2522
975
4158
4497
3833
4564
-1
4137
5402
4654
3035
5392
3676
1206
384
5335
3938
3745
4039
344
2285
2201
919
5671
3139
4158
823
25
1697
890
147
3661
425
425
3732
2200
2175
4032
5595
485
5587
4478
2133
689
785
5706
1429
2122
5362
5137
5480
722
5733
3589
2096
4600
3162
4943
2189
923
645
4932
2285
4387
53
1206
3139
4488
294
687
2876
1038
1034
3830
3096
2470
5414
1178
1156
4784
425
195
5333
4497
4045
3136
4528
3621
2200
2196
5132
1583
-1
4740
5015
4988
998
3061
2036
1666
3676
1288
5714
1953
3033
-1
4233
1973
3881
5402
1000
2111
5049
2333
1564
1377
1313
3139
318
4283
3418
787
2196
5062
967
1038
1397
4890
993
1313
275
5062
2152
4029
4998
4569
1193
5062
2691
4792
153
1407
511
5315
3264
1958
425
3395
425
49
3804
464
586
183
3933
1465
4196
2724
275
2619
2281
2751
2218
1699
633
1307
4662
975
1636
3427
53
227
3061
4295
82
2055
1300
3139
425
1163
5313
1313
482
24
3139
1083
3480
5120
3139
677
1681
3584
2583
1594
425
1148
4654
2410
665
3724
177
227
937
3768
2619
4598
2838
4898
1448
3875
4004
5740
5062
5104
4090
2639
3139
1204
3528
3401
3615
1157
1832
2200
482
975
2196
4906
3644
4884
4649
-1
806
2471
1445
3139
4945
783
2724
2781
3139
4877
4966
3086
1611
1185
482
1081
5746
2285
2966
681
1235
1313
2267
459
5293
25
1564
3418
1430
3910
25
901
5553
3139
2100
1800
4945
1429
3067
1323
1300
4298
2914
1142
3623
4772
3139
5300
1546
4705
4111
4763
3003
5587
5028
3688
2196
3442
1347
4570
2615
4324
2196
274
-1
5435
41
-1
3139
1914
3241
1872
1623
4039
773
1935
4226
482
3218
4017
1759
4111
5133
2078
276
1812
1185
242
348
982
165
654
2939
183
2271
1601
2225
4316
2548
4209
4226
1583
425
4195
1225
3725
2283
3495
3057
5303
147
3308
1095
66
2196
1743
5119
5584
3104
2863
1854
3349
2269
4383
4188
399
2780
695
1779
2785
2762
1230
1429
3367
1681
1194
4378
1770
3139
195
722
4775
3508
2364
3865
3139
4421
2420
402
4654
1830
2762
4966
5232
1116
482
5471
275
3800
2900
4732
5681
5049
5466
5133
4238
2762
5333
2196
3592
18
3333
2949
787
3139
2196
3717
1355
2196
5744
1583
2615
3003
1480
4221
5611
1849
3822
1475
1244
5107
1725
4097
610
5565
3318
1861
1777
2195
-1
4383
658
2762
3139
41
1504
1658
1575
5132
1504
1760
3727
-1
881
3308
4658
5719
5333
498
567
3581
1798
3308
2024
4998
863
195
1546
195
303
4181
1365
5200
5025
2242
3139
1161
5621
4108
448
3821
2327
4363
3937
2630
3115
285
5671
1157
3682
3139
4158
3339
362
5706
2383
3139
1056
2372
810
5472
2103
3308
542
1193
4287
-1
284
41
1916
4017
-1
25
2673
5254
2200
3360
5405
3621
2060
1908
3139
261
5521
2510
4175
3623
2096
5068
3003
3730
5133
3581
-1
2327
1952
4039
5409
425
5671
4546
4521
4890
716
1487
4553
5049
147
3367
4412
3707
4919
2762
4995
2196
2473
2191
3594
1670
3257
3056
3139
1058
5062
5587
5049
2406
1145
4966
4311
810
1184
5269
721
1452
195
1504
3630
3139
453
934
566
5035
1583
1908
5384
4016
746
1352
-1
4493
1192
3139
2122
4513
3800
1793
482
5133
3507
5313
284
5745
2762
208
954
2619
5133
4917
5547
2374
-1
1168
2196
5370
3046
5479
1210
4363
1831
275
1480
5213
80
5586
4555
1298
5502
99
425
2470
3110
2449
1082
5587
4702
1429
4007
5497
5402
1780
4891
3139
1405
5493
2508
4378
1672
501
2689
873
4407
4654
983
4157
-1
4109
485
3676
5049
3378
5387
2196
3139
92
2825
3139
5062
5189
184
5667
5402
5308
1284
2390
887
3308
1482
2453
2703
4521
2638
5085
407
428
1352
3206
5651
1497
2286
4373
3820
4158
308
3696
4131
3676
3113
5576
1821
3139
3621
5021
3240
3346
2196
3696
5104
5477
5377
787
2327
1936
3763
5638
2619
4125
3534
3107
-1
1804
425
1185
2612
4488
746
2876
225
2762
2389
127
1290
5164
4966
2196
2085
664
4998
5155
2420
1829
1680
476
5172
425
511
3943
4912
1298
2196
2420
1825
3946
4986
3046
4383
4564
1861
2825
2357
1633
2673
4238
3398
1339
1778
2420
5171
2066
4308
4373
5368
2085
4332
4752
5288
3139
3833
1575
1958
2143
5062
1429
3595
1452
1588
5414
-1
482
5551
5671
1185
25
1575
3997
2196
2122
1480
1379
4654
1429
432
3986
3066
1183
5497
3139
2710
241
4327
2326
1945
1850
4039
810
539
3910
1703
5609
2684
4226
923
4786
4802
5672
2834
4348
4763
4720
4128
4196
494
3139
4945
5616
2923
2785
4877
4907
1530
5731
5351
4770
3944
3496
1298
2462
4998
418
141
348
3779
2122
2196
5208
2842
1003
1178
425
4360
3139
583
2762
2196
2196
1019
3553
5005
3139
4188
630
1619
2267
3139
5690
5702
3728
38
3308
907
4039
2122
3530
5021
3139
25
127
3362
5616
5642
5402
1405
3534
1083
2196
834
5576
1095
3427
4744
3257
5200
2762
1979
4265
2619
3880
5497
1298
639
1241
425
3946
3169
5402
1480
3396
5587
482
1630
3139
1384
3331
2489
902
428
4591
4944
3139
1465
4454
2200
583
3139
4497
1725
282
3139
701
1429
934
4966
4884
482
5402
2984
3139
3000
5466
3308
82
1429
2314
4255
4959
-1
5402
927
3139
4000
147
2096
3865
3591
2531
1238
1283
66
4995
425
3615
1636
1759
648
3139
3039
3396
2133
4768
2189
2146
4253
4890
3246
258
5304
5235
4735
2520
2724
5235
2098
1465
5370
473
4825
25
872
4777
3139
4890
1168
5402
5402
288
4262
5235
746
3507
203
4373
747
-1
44
3139
1835
503
2619
243
1525
4513
4890
5219
5354
4397
4713
5723
4014
4680
41
556
4230
971
4447
1307
2767
3192
5719
3240
-1
1313
2376
5587
4127
1823
2855
191
1339
4036
4534
1082
4969
3991
2857
485
464
4142
3028
2131
3139
2678
3003
1185
4287
3688
4615
2084
4713
1793
2691
1178
457
5200
630
519
561
4158
3115
3238
4193
1354
1782
1471
2122
4945
4771
1601
3139
3838
1016
5528
1044
5475
2923
5512
1405
1044
2662
3139
425
2751
1727
1588
4226
425
2462
3139
1429
1004
3651
5451
540
242
5587
252
1796
4261
438
2196
147
3222
2196
5250
1830
3506
1498
5433
195
3003
1157
5015
350
2462
2674
3496
1504
3222
3000
4815
1783
1453
1699
1391
5164
3592
5733
1452
3139
4502
4378
2263
1504
1307
1890
1858
412
1307
3139
127
1313
3289
834
5318
2666
5706
4763
4266
4111
3139
2911
53
5547
639
2146
1030
4433
5387
2360
5583
5021
1722
2762
1616
1153
2464
5576
1294
4890
2122
504
2737
382
967
4499
3675
5276
25
2813
1779
227
1429
3051
2332
5062
5284
4153
4528
3308
4441
2122
3139
2412
425
4720
785
5123
2453
1101
123
3283
5235
3139
3621
1671
3062
3820
2867
3738
1452
1598
4841
4176
3768
4126
4720
2269
2308
2196
1865
-1
3240
3346
425
3139
3554
1575
1928
1699
2455
3125
3154
2164
630
1273
3139
1405
5567
2943
1583
2029
275
3139
5022
2825
3139
5068
263
3807
2856
4720
4720
4142
5158
2102
5497
3209
1601
2958
2285
2658
5028
1405
425
482
536
2825
1381
2619
4524
1791
5576
1298
5438
2098
2285
3122
3139
2673
2200
2459
425
1829
4966
834
666
347
378
1095
3621
5049
4450
482
1601
3444
3838
3000
1601
5062
2327
5304
880
3139
425
5587
823
3139
2615
3139
5497
1298
425
2196
414
993
57
1095
1269
2485
1286
3046
4131
3308
5587
4513
1393
1881
255
3904
470
630
3682
4799
5028
2882
1619
2196
2615
2834
425
2619
3139
1722
2196
3534
5695
16
3788
882
347
5348
2285
2664
923
482
4007
4718
556
25
90
3293
823
2096
1661
195
2327
1429
330
16
4698
2200
2122
1690
3485
1920
2619
5547
1914
2390
3139
4778
4444
4938
3946
3689
853
242
1465
2473
1152
5086
3771
1793
1787
5270
4027
2462
1465
1297
5202
3139
3240
5213
1206
5387
1598
2672
2882
5512
4900
4912
16
3139
3870
1044
3717
258
254
-1
2670
1449
474
1313
227
185
1230
5370
746
2124
1307
3470
4181
482
4222
482
2998
3139
2189
4131
882
195
2333
1044
3139
4878
3257
3139
2972
5218
3137
5517
1465
2615
320
5195
2333
4718
3676
5254
2200
2196
1480
5160
3139
1749
4986
3991
5497
288
1999
5362
4231
4702
2096
852
2619
3139
4684
2698
3095
1875
1504
425
590
3910
1674
1501
3994
2196
2328
2399
1082
3378
485
-1
3240
92
1811
3949
353
1300
5547
4634
3257
127
425
5499
4775
4353
3139
1698
1537
3401
1516
1466
5062
1448
3226
2698
16
3240
2710
3180
5049
2189
1145
5022
5049
654
1475
5466
4815
2762
5518
62
5587
4638
4836
521
3863
5616
3418
5293
4162
3139
2825
1273
4176
2762
5267
5724
2285
4792
4901
2584
1453
1298
1434
3865
1681
905
3862
5491
4776
5426
4771
4966
511
5010
4891
4127
3091
4945
3501
1441
3461
25
1429
3838
1821
147
4158
954
-1
1948
3291
-1
2285
4513
2495
3057
3711
1781
5695
4040
2852
2813
2645
561
5717
836
2354
1189
5402
4142
3139
2200
3316
1601
425
416
4602
1359
2817
3684
4218
1044
3641
5568
2517
2961
4945
5028
425
1480
4567
1298
2096
1809
1193
2154
5587
2196
3822
412
3095
2462
3621
1337
2085
1405
5402
2260
1692
2724
2574
425
2146
4596
1494
5389
2828
2100
3139
937
1699
4121
4945
5699
3697
4045
62
2294
2934
3113
1152
3996
-1
1817
1475
5384
5254
3303
2150
3139
3641
4238
5547
3651
2825
957
785
2016
3349
4551
1298
3139
3396
2390
425
1587
3191
3139
4891
4742
425
3997
1379
477
1298
4238
1525
195
785
4007
1119
1830
763
1448
1339
3695
1699
4786
5270
2146
138
3702
5310
2345
1636
670
3673
2435
739
1087
2196
1359
25
3028
3711
5466
1248
4717
4998
4287
5702
2588
2958
4488
5313
4438
4373
5491
4000
2198
4039
5313
3962
1452
2169
2615
5384
5200
3822
3621
2516
-1
2345
3820
5215
3819
4332
5402
5733
25
161
1890
5600
5611
3641
227
2517
425
1606
707
4643
482
-1
3139
876
1210
5402
5293
2196
2189
1429
1681
923
3993
18
53
1463
1282
4373
3139
2101
645
5571
5362
3862
465
571
626
4222
3387
1829
3595
3401
3139
3139
3308
583
5499
5402
2196
4602
5497
615
1498
3107
5271
3139
400
2195
1601
681
3289
5108
2516
4751
1185
2875
890
3400
1185
4576
2327
1071
191
25
5028
1601
450
3139
25
5673
3676
2198
3621
3139
2462
4194
5387
5077
2354
5526
5081
4039
3727
2552
4332
4986
1307
2333
5052
5576
4142
3910
3139
3882
2619
4158
2947
4053
4513
4549
158
1583
5654
5505
2762
435
4555
2911
2285
3013
2331
2146
3884
25
425
3269
2989
3007
5651
823
4484
5587
545
4497
452
-1
355
2029
4107
3105
209
3630
136
25
4238
5269
2333
3132
5062
4747
2096
5362
5493
2619
425
3139
3139
4497
2390
3139
5556
1016
1019
3139
3641
343
5022
3248
3201
2531
258
5455
5574
1022
3139
1185
241
5402
4383
5571
3285
-1
2172
4497
5576
2196
5164
4877
3768
1217
4226
2949
2196
5068
1508
1208
195
3139
4092
1429
2196
275
421
4060
2895
3540
1042
1331
1434
4975
2548
2164
4032
3139
425
5254
4484
425
2023
2011
446
2196
425
4418
4263
1429
2149
1699
5576
5117
1007
3308
16
5085
2333
5466
4182
4166
1366
873
1429
8
1722
1012
3139
4910
16
644
2189
3717
4591
3157
3937
536
5362
3139
1601
227
3262
2825
1475
5101
5077
4966
2383
689
2448
2837
4004
3139
2245
5451
3851
852
4890
2256
2501
2168
541
227
3296
3994
5154
4677
5015
1482
1234
3308
2285
1636
227
4720
1300
2463
1847
5162
3002
5402
3757
4390
3139
3139
3369
3028
-1
1307
2266
2654
4151
2470
-1
957
16
3922
482
3907
1180
2876
639
1350
2200
41
2712
5431
3439
4569
5507
1313
881
2615
53
2619
5397
4713
2813
4039
5440
1237
3139
4458
425
4615
1045
452
4053
425
1650
3931
1984
2879
4007
2383
1583
5049
576
854
3456
5062
1480
76
3591
1300
2882
3046
5671
2647
53
1475
1294
3308
1650
1512
3581
2619
1301
4417
743
704
2383
3576
3139
1447
2306
2321
1902
2239
1496
2285
2189
4052
4101
4213
3499
2306
687
5255
5587
973
2988
4576
5418
18
102
2670
4301
1017
3051
1800
1457
4840
4032
3569
5196
2867
430
-1
2856
425
3803
1095
1210
1520
425
1227
1302
1230
1821
16
868
1313
25
5648
5109
628
1706
1328
2801
2515
1355
5402
4298
3396
2049
147
1699
427
3139
1235
3736
2695
1800
57
1206
3576
3642
5402
630
4720
285
1152
889
494
261
4853
16
2863
5427
4917
3838
1601
844
2471
4959
5079
5558
2636
35
2964
1011
2615
5613
5062
879
4763
3850
4689
5384
2838
1251
5197
4787
2919
57
2501
960
1407
576
957
3238
3074
3672
1405
1142
3241
425
3317
494
3057
4548
452
1650
4911
25
548
3887
254
2691
349
4890
3139
865
1601
3754
5396
4158
4711
4497
3308
3139
4713
3045
2830
541
4730
1756
2098
-1
3308
5466
5402
5402
2057
2200
2153
963
2011
1055
3122
482
-1
2377
1504
4182
4559
4226
16
-1
3139
4226
4815
4039
747
2901
3240
2200
1160
-1
1298
4884
1405
3464
4158
1244
1362
5355
5150
3904
3750
1405
3615
5457
957
3780
1313
1300
2023
1462
2196
275
3137
4993
3711
52
195
1583
3422
982
3139
1206
3139
5053
5419
1047
473
2838
1112
5466
722
25
2724
1269
993
1071
396
3139
2365
4388
1722
348
1405
5362
3000
2227
2059
2279
5587
337
857
5566
-1
2084
5706
4829
4039
5074
1681
482
2285
5210
1240
2531
2440
3069
1919
2196
1579
3592
5183
4718
2657
1429
1823
4323
3046
2724
3008
4945
425
2376
3017
1145
3139
3730
127
5254
2280
4720
4287
288
5062
5336
3584
3139
5132
1354
1764
1832
2070
59
3800
4814
-1
630
2243
3139
177
4966
3308
2572
703
4394
1855
4336
5269
1178
3188
1313
5642
1313
1313
548
937
425
5062
160
5502
3410
975
3066
2546
614
3066
5715
2390
2325
3139
4763
844
4771
2195
713
264
3991
4158
2122
5062
3879
1465
1003
2603
3257
193
425
3139
2462
1330
5671
4829
1843
3289
4082
1206
1452
5439
4390
4107
2292
2788
177
10
1722
4007
4067
3296
4212
291
2318
2615
4332
494
3621
481
990
4204
5211
3113
1054
4792
432
3109
2285
1830
2285
4606
5547
5122
66
4039
3113
4650
3265
4682
3296
1681
5497
303
4320
-1
2615
3139
77
787
911
1429
1185
2994
3768
5086
545
5443
4978
2066
4527
1297
427
5061
1549
5450
2634
1827
2619
594
2196
5666
4728
2004
880
497
127
4785
3380
3506
-1
425
1152
4039
880
3916
2810
1371
1049
1427
3139
227
3856
227
5080
540
5402
3005
3382
34
2882
736
923
4869
2141
36
4654
2167
536
719
5417
3071
4611
3468
4039
1874
5156
3250
53
4040
2332
1095
4438
2742
3506
4329
3838
1586
2673
5587
3800
4576
3946
4559
5438
594
4373
4783
4378
1848
3728
2084
391
2882
3139
1117
5440
5616
5587
901
1601
1016
3875
1152
425
1410
1429
1661
1945
5741
425
3461
740
4632
1313
4492
2724
547
2146
3805
3217
3139
4929
1480
1687
4847
5048
3308
3838
1157
5049
1269
5650
889
3139
4718
1283
3223
425
2019
4000
718
5271
808
2196
1405
2398
4966
1799
5732
1776
4663
4114
482
3347
3682
3576
1210
4196
3730
4521
2570
1479
2463
5382
1044
425
4078
5037
3057
2687
2196
1909
1269
3040
5172
5112
3003
3621
2350
425
3768
5521
1847
3854
4019
1931
1000
1215
347
2196
1178
4406
5213
5650
4945
4654
5322
4851
5691
482
4287
4185
4484
5438
5213
880
3084
304
5156
2473
2196
3139
3881
2619
4182
1720
1016
5384
4378
3158
338
24
3139
2562
1727
3003
25
3800
4836
3378
2383
3875
275
1573
1330
4853
-1
722
25
25
5128
2193
5712
2248
2195
5062
1813
1737
2053
2517
3493
2384
2372
4188
-1
1095
2285
2195
4209
5238
5062
1210
1355
482
285
3003
3980
2196
4651
4345
227
4231
4235
5382
1222
1307
5551
689
2364
4975
1414
2514
188
3887
4400
1002
4741
4300
740
-1
3841
542
1405
3987
1320
3876
630
4555
3003
387
5402
5671
3580
92
1016
3401
425
4718
5742
253
2089
4255
2454
4641
92
1267
2440
3380
792
4784
-1
5402
2153
4038
3507
833
4226
4373
4039
4598
1564
3139
4222
882
177
2708
3139
5028
3838
2153
1675
4000
4950
4390
4298
3139
2702
3334
2306
4944
1681
1003
3038
1429
3264
4801
5402
5547
524
1639
2364
4986
2462
427
3139
2867
2949
4559
2160
4356
391
3727
1313
2326
4906
5097
4332
5000
2895
2779
3046
556
1699
3636
1570
5497
3139
3139
2931
1119
3621
2196
1206
524
2154
5140
3282
4742
5378
3474
2673
1307
1479
3139
3057
4087
5426
1905
3862
4383
1784
1964
2998
1757
4106
1792
1594
2189
4890
66
1722
276
443
2592
3575
1890
1298
2505
2016
844
4908
5137
59
3139
1206
1466
2762
3003
1616
3139
526
639
2376
122
1054
25
4225
4763
3925
5493
3139
3139
4966
1184
2014
5548
4463
2219
1099
4649
1206
3139
3506
96
3139
2523
4312
2911
-1
4005
5726
3619
4689
5666
5308
4884
5262
4345
5160
542
3139
4188
5222
2200
3000
3997
227
1708
3959
2200
193
5731
2671
1230
3615
2651
719
5671
2635
1728
5384
5223
3569
1699
82
4932
3159
3453
72
2840
656
1429
255
5198
324
2830
2189
927
1044
4765
1924
3177
3489
223
252
1407
3139
1054
1168
2196
2173
1148
1941
3735
5049
3292
2462
993
3139
5077
485
4853
2252
1215
2196
4666
4890
177
5419
1511
2724
3447
4487
4226
1461
1945
5183
1465
3862
5547
2033
3688
4482
25
166
425
1800
5384
5087
5587
1180
425
3800
2962
425
5028
785
3139
1386
1288
1178
3139
1432
1480
-1
219
3641
1636
1985
4589
220
5497
4888
4200
3676
2966
3875
2280
3875
425
5621
5269
5678
846
2619
2615
3422
2196
3910
5545
323
1546
5022
5643
3308
3360
66
1283
2615
5587
147
1307
5402
4272
2544
1834
5571
2286
3743
3515
3641
1800
5082
1313
5667
16
1135
62
4356
2339
785
3139
1931
3651
3139
5174
2673
2703
5286
18
4808
3418
3676
1821
1653
1608
425
4772
714
2320
1044
3139
775
432
2195
602
5155
-1
-1
1703
4718
382
2778
5271
3939
1168
1823
3628
2612
2009
5191
5671
1512
-1
5213
5402
705
1335
-1
374
5612
3315
3933
1111
2825
4945
1459
3629
1809
1800
4792
2610
2390
2096
2135
3017
3255
4332
5326
3596
350
929
5419
1307
4787
2285
24
5587
1504
4082
3808
3086
808
2196
1168
893
2200
3696
1928
2934
241
1502
2196
5195
5000
2333
5587
601
2762
2615
5152
602
5702
3717
2967
1588
3647
1998
5106
623
3875
3705
1482
702
5172
5402
808
1417
31
2200
5162
5162
417
1178
630
1212
284
3069
2285
4556
2196
3479
1418
1922
4011
3888
4890
4092
2821
4587
3251
5117
52
5243
5109
5062
2628
4008
3039
4829
1016
699
5648
993
2883
475
2762
3332
3721
5122
1722
1601
4057
2511
4890
1470
1619
303
3139
1095
3242
2164
475
1829
1405
350
792
3651
2902
5062
4188
572
2464
594
2196
164
195
1111
1016
3864
2243
4836
1601
3395
2338
1631
-1
3184
4332
1521
4196
5724
594
4975
3880
3752
1019
2124
3996
4005
5037
5109
2023
2148
41
4373
934
2374
1842
1571
4720
1839
3401
2687
3573
5028
503
3822
2838
3809
5062
1307
2813
5729
4371
4678
2241
2124
442
1429
195
4075
5402
34
5006
1329
2196
4746
5449
1727
25
1206
57
537
1568
1601
4817
1185
766
1288
3308
2699
1012
3139
2718
3037
227
3139
3621
3139
5433
5402
95
5254
1650
5270
1354
3991
5142
2860
2527
4890
2697
4497
5499
722
4292
4733
425
3957
2576
3499
4884
391
5062
5497
2194
827
3044
1914
4994
2196
2414
3800
1636
425
482
1902
1429
1744
-1
1468
85
1726
4992
4657
2016
5156
1564
3240
2467
1407
2654
4125
146
5238
628
5446
2565
3433
515
2196
1168
1931
3113
5419
3980
5742
4348
3139
-1
5159
5154
1300
1230
5402
3760
2253
713
2884
1809
1191
540
2016
425
4944
535
1601
5049
3139
5132
5133
3948
814
5587
2724
5491
2626
5340
5362
5724
5512
4561
425
630
4139
3029
5521
3183
3125
4763
2066
2021
4039
5082
2142
2548
3396
2364
2344
4354
4777
25
4657
2196
882
380
4800
2185
2961
3129
425
3139
5587
5412
3289
594
1681
2825
526
3876
4966
2958
1601
5402
5194
2196
5402
2051
3139
2200
2327
3934
3266
25
5232
3139
5603
5491
2809
2243
3139
875
2269
4998
2162
609
5666
4436
2326
2970
607
301
5254
3215
3037
540
1647
4510
5365
2189
3360
5077
971
1611
718
3308
3392
2135
5587
4684
4153
1249
1157
5000
3461
1286
3148
3917
2825
3875
4081
5156
434
1793
3676
2901
1178
4484
303
5133
1883
-1
5050
5620
1523
4192
4945
5714
1636
1475
630
2196
2934
5340
301
1044
425
1297
5062
3887
1354
1405
3069
2691
5438
3761
2383
4984
4966
1430
1695
834
1692
1213
1058
3682
1584
425
5714
1651
1506
124
3287
5198
1452
5062
4057
223
5062
2122
2146
4438
632
5473
1405
482
3139
3432
742
117
5714
1044
275
4945
5427
3139
21
4541
5122
5235
2164
2673
2196
5022
5195
482
2724
3139
4513
2153
2943
1185
1313
3072
2196
4769
3313
632
4824
1187
1583
3665
1496
5442
4158
542
5075
3095
4363
1867
3410
1016
3139
4193
3139
1496
4484
5419
746
1405
636
55
4763
5402
3753
2127
3569
1475
1185
5402
3738
482
3139
4513
654
2619
2050
4116
1374
3160
3139
3139
861
5323
3930
1210
5512
2067
1152
3401
3139
2122
4598
3257
2383
2863
482
4203
630
2259
25
2785
608
5497
4437
5049
4088
5739
147
5587
4354
5419
1872
785
3139
25
3649
951
249
3139
1003
5433
2195
25
2093
4005
3735
3139
2122
4226
845
3934
4598
2189
5591
3964
3467
5587
5362
1945
1356
4825
4537
5518
3807
4406
2200
3474
1016
3139
1757
787
3628
427
4435
4032
2196
4966
5062
1185
3308
1935
4833
3139
706
2153
479
3500
3308
3139
425
1054
5428
425
428
5419
1122
3220
2062
1331
1300
5576
1210
474
1424
3139
5744
4162
2596
-1
1088
966
633
2383
1347
4621
1405
1178
4966
147
1307
2195
1549
227
5085
1601
4763
5258
936
3243
425
2818
2659
4585
425
1938
1892
3396
5473
4966
2451
4216
5587
1359
1465
5664
2615
2630
4713
5062
5035
275
324
852
3003
2948
2190
2935
5028
583
1460
3206
3139
1160
1157
5199
2200
4497
-1
1452
258
2059
227
3725
3838
4771
2327
25
2200
5260
2383
127
1017
2615
4158
2198
2339
1429
5491
2376
4158
1047
1979
2016
1653
3240
4802
1423
1476
3003
5718
5155
1019
4444
2135
3781
772
3675
2164
2243
2864
3037
5466
4926
2364
2390
3931
1157
972
3771
3072
3139
975
1044
5729
314
4696
3139
2474
4196
1206
66
4048
4111
4045
1429
-1
5062
1938
2016
5133
2156
195
4240
5254
3711
3067
2890
4014
2830
4482
1044
748
4188
1155
1178
1307
2160
4602
2700
4373
303
2691
5254
25
5362
2762
4007
1777
3983
1339
4482
25
4999
4142
3487
3081
2146
3991
1533
4110
3139
85
1653
2196
1405
5346
301
5410
1167
695
3732
25
4896
1475
923
3066
-1
4330
324
315
1992
4998
3139
521
3139
1219
2122
2164
3974
1924
5683
3781
3317
2971
1436
2444
5318
1012
1161
1452
1931
4906
1210
1429
2724
4497
-1
203
485
1283
5062
1405
4492
2962
2491
2515
4065
1618
2285
5238
5598
-1
4903
4039
3325
5512
1618
4665
482
5028
288
823
4142
3139
923
2068
4017
1760
1160
16
1588
1326
2762
4158
739
2139
4311
5062
1465
5007
4865
5120
4945
-1
4998
4836
1044
2749
4966
5649
1298
2762
300
1522
-1
1594
1636
833
2463
4999
5402
4720
1898
5402
3362
5402
3139
1019
1273
4000
3843
3177
3592
5461
3609
2762
425
-1
928
3139
3139
3621
785
2587
3240
5402
4718
2198
4949
2542
4704
3796
1601
541
3192
3363
2813
1608
177
4658
3449
1230
3308
1928
3593
1126
1210
4280
1161
1405
3427
1681
3074
4771
4039
411
2813
2096
1945
5051
2136
1429
860
3046
3566
1601
2562
1405
4047
1681
3910
703
1622
3862
1206
4373
4219
2629
5362
396
2285
1583
-1
1244
2285
1269
583
5497
2196
4255
4497
5037
5162
2473
2740
2477
2060
127
5548
348
4098
5419
1183
408
4718
1255
2629
425
1465
2031
2762
1339
1230
2189
1508
425
5402
2016
3838
4615
275
3676
3139
288
2693
2122
3732
1750
5226
3139
4634
2953
1722
2285
4763
3984
719
4890
5611
1968
571
2885
3822
-1
3139
2413
5077
3046
3676
937
3770
312
263
2327
446
3003
1829
16
4616
2615
746
1307
1506
2878
4315
1313
1478
5700
2630
2281
4592
482
1086
4564
2230
810
4471
4674
1339
3066
2129
1727
2662
18
494
425
669
4226
2649
4331
3977
275
25
1021
1509
2989
2196
985
769
3791
1255
5402
3528
2998
3139
3139
3830
1618
5597
2016
4615
2285
5009
3156
610
425
1789
1044
5053
435
2196
4679
4945
4938
2196
5499
617
3003
5402
1153
1914
850
2321
485
2164
993
547
5142
5538
2751
2644
3682
66
1672
177
5022
1699
2462
2435
2008
1800
25
5402
3552
5402
3044
630
138
5284
5173
425
1042
1506
1699
5340
1
4884
5159
4966
-1
1326
1086
1307
1434
2122
2339
411
2241
4125
3139
2473
4935
4039
2285
1977
2699
3887
4149
3838
787
3379
4966
2724
4890
425
5049
4371
3887
1420
3308
-1
5022
3139
1626
526
3139
258
2435
4039
1598
2294
3139
2084
583
1199
2364
5254
5696
478
4355
4492
1945
3209
4654
5490
2440
2191
804
3383
4074
1379
2374
4090
5062
5280
2327
2122
5402
882
3838
4929
1783
4997
2200
1506
4158
3676
4255
1598
5442
4569
3139
4792
-1
695
5473
1003
25
3723
5062
967
1852
4712
1796
1765
2196
1939
5313
2393
3564
5746
2269
2589
1601
3139
2133
3164
425
1429
1298
4890
4253
4559
3724
1376
3479
778
438
4785
3732
5062
4045
1776
2703
391
114
3363
2861
4771
3139
5077
366
823
5262
3496
1938
5049
1706
2824
4097
5081
4704
5432
2635
3136
3139
5595
2200
3114
258
4733
2358
1300
857
2949
1688
2673
2605
4874
5587
3139
391
3504
303
3687
5672
3139
2979
1902
3432
382
4847
1482
1922
4007
1465
2825
4142
3308
2412
4335
3412
3970
59
2508
2380
2462
484
2196
2769
25
5402
1168
3139
1830
1297
3623
3240
5273
350
191
512
2304
2146
4521
1772
470
4442
4966
5402
2843
3139
3529
2474
3814
5165
4393
3875
5402
425
4966
127
4073
4160
1405
66
4889
916
4045
3003
2196
443
1891
1180
324
4787
5059
3682
2724
25
1341
5595
2748
2496
482
2762
4720
5155
5472
485
1745
1131
532
2591
1044
4723
5714
3139
2200
1860
156
2013
3139
324
719
1420
1583
1405
3349
3641
4945
1452
-1
5587
4381
4079
25
1269
3515
1638
5076
1796
5269
916
4951
3458
3139
268
2825
5686
5733
4792
4298
4035
3139
2882
5582
4489
3146
3481
3449
5249
5155
5410
387
2218
2380
-1
1786
5497
2724
425
2920
1056
1713
2769
5685
1909
3595
315
3931
3197
50
3139
4978
4945
4497
1832
716
3725
5191
482
852
1307
2122
3682
2308
1448
5725
1427
1216
3139
4252
3650
4643
3139
5671
1583
1273
1628
2383
4356
1452
1217
521
1566
3139
2333
2974
1902
673
425
810
4096
1429
932
319
3495
3862
1307
1429
1015
425
1443
1829
1410
4468
1653
5712
5077
2200
514
2299
793
5664
5402
2539
3887
2575
1945
3139
1561
425
667
5062
3944
5497
4197
1427
630
5402
4777
2489
3623
41
4936
223
650
3725
2882
3761
3308
785
4513
254
1157
3139
5050
50
3623
1354
1353
5587
11
2053
1601
3294
2355
1083
1080
3317
4720
1692
4815
227
5576
2095
1026
2948
823
3072
4238
1979
3139
3568
2220
5111
3224
3139
4111
-1
1307
1482
5221
4158
16
5685
3139
630
5566
195
2873
3552
1149
5402
1185
2665
1598
2350
3139
4966
25
4158
4145
3449
2520
448
5087
258
3139
3139
1405
3177
2566
-1
2440
5118
2196
2703
3067
5621
3852
4792
1101
5476
5706
4033
25
2867
4453
195
4226
3744
3621
4007
3139
5512
2414
3139
1462
3139
880
3139
1506
4566
2196
4039
5247
3595
1902
5595
4406
5451
2016
1298
1811
1405
3280
2390
1215
850
3956
1410
3732
1298
2714
4038
2669
5062
2383
25
3240
1902
92
2950
5687
1583
3396
5412
1409
3026
3139
3139
5402
378
823
4134
4454
3139
1195
1157
1157
2069
1081
5022
57
2189
4584
4038
4718
1614
3448
3139
70
3003
4022
196
81
4912
3713
2838
2319
2435
4784
127
-1
5547
1507
5037
1574
3139
3106
3676
5402
195
2195
3426
3581
3930
2863
2196
-1
5448
2724
4587
4226
2123
2023
2629
5254
3054
3949
5077
2772
1999
1168
5062
5087
3765
3139
5062
1307
1529
3139
225
1583
5505
-1
3353
4007
4397
3911
4039
1307
1479
3422
2673
1447
2200
2196
1427
147
5096
5384
249
425
5247
482
4042
4082
2813
3371
53
5340
1178
685
2495
1355
3676
3122
3308
4223
3738
5094
632
1586
1161
627
5556
504
3992
540
2135
4506
2619
2324
5062
2863
3592
2214
4657
4945
3139
1163
195
630
5587
5387
5466
3241
787
2196
2012
425
1619
787
4126
4493
-1
3800
1298
1914
2983
448
1016
4032
1017
5547
307
24
5700
304
25
25
2462
1480
2619
2548
4612
25
1791
3139
1528
548
1709
2974
1354
4093
5049
448
1945
5687
3003
1139
556
1117
3308
5078
1158
3623
3422
5340
3676
3057
4315
2064
5587
5402
4998
138
175
1016
3139
2732
2156
1897
5402
1405
1703
2196
1949
2762
2724
611
3771
473
3072
988
425
-1
5402
4270
1405
5022
3621
16
5647
3920
1429
5491
482
1830
540
1699
3139
3139
938
3676
3139
536
5156
5465
1654
558
1106
3676
1410
1945
4373
5576
1931
3838
5707
2943
5183
5094
3404
79
2380
5062
4677
3496
425
4332
2122
2966
1313
4330
1601
2196
2266
1501
1816
314
4966
425
2237
2619
5497
402
5128
5538
425
2864
460
190
2372
5402
4232
450
2183
5497
4471
2813
41
5576
395
787
4915
275
4014
3191
3748
5160
5062
4983
5271
2196
4497
3382
1694
5111
177
4158
-1
2899
2470
5214
25
719
677
5162
5177
4390
482
992
-1
4771
2196
4082
1558
4851
3495
2387
227
1831
2097
4215
4398
227
5172
1949
3240
1137
2148
789
3387
4226
5176
3485
1167
2993
5609
1480
1016
787
1579
5583
2462
2239
4397
2561
1101
5039
1704
4176
3553
378
3393
3138
1248
4280
494
2841
1623
5271
2862
3062
2333
2724
1830
5629
4608
3945
1116
937
3334
3139
4771
2196
4142
3040
2135
2762
1976
1814
3139
5046
2146
4000
427
4752
5742
3279
195
1012
1116
5725
5197
3115
2269
2168
3077
3072
3139
2403
4513
10
706
2916
785
2630
3115
2859
2187
2196
3591
4826
25
3139
5419
610
5695
3346
4978
2974
4039
5062
2911
2071
4270
4890
2308
5548
2583
2285
2296
1921
2205
3682
356
3320
923
2122
5304
389
1408
1044
794
4684
65
4158
632
1356
3139
5248
5402
51
1520
3000
3676
5695
4337
3696
818
2615
1619
1339
5499
3768
5062
125
2164
5149
1335
5313
2196
1722
3820
5402
4763
2882
3308
4020
2766
5123
2662
258
5558
4371
4902
176
1409
1242
4406
4396
4127
425
3927
2660
3139
3570
-1
1692
880
4130
5538
1468
1016
540
2257
562
3238
2269
2370
2388
4255
3838
2670
2156
5062
1320
1230
5271
3072
1356
4074
1844
1269
3471
3139
739
3247
5714
348
70
2098
3219
5213
1795
4188
4158
746
3066
2861
4417
3139
2825
1601
3127
5518
411
5210
5166
3139
2196
4007
275
5120
850
2246
3139
3604
3041
1636
4398
3676
1584
1504
4593
2196
1640
2196
4158
3120
41
2517
5195
2619
2219
5558
2105
2971
3691
1965
1429
844
1044
3628
2164
3306
3139
1650
4650
602
4188
4280
3139
3074
1675
3935
1016
5574
5062
1354
1429
5402
3339
5164
4890
425
4890
5521
2285
2669
5384
2122
1480
3813
5304
1776
2314
1123
645
2422
1348
539
3139
1299
-1
3185
2196
58
2122
3830
4966
2076
4761
30
5439
178
1888
4226
5050
4943
4985
3308
2543
3139
5160
-1
41
3850
3115
3139
1504
5426
4875
1362
2462
1791
2465
480
3139
3450
1902
431
5402
1887
5062
2196
4038
5576
285
241
5451
1429
3139
5497
4057
1042
2531
1519
2949
425
2269
3139
2196
623
3139
5133
3761
-1
839
1054
425
1095
5491
425
2813
3405
2314
1085
4039
4561
1622
3569
3838
4188
1101
5402
2724
5184
1206
2196
1506
3139
4654
5414
911
3167
4720
-1
425
5062
1027
66
1821
5574
5499
5594
4039
4732
4187
1446
2383
2884
288
-1
425
4689
4393
2165
444
443
2566
4226
876
3054
641
4586
3395
792
590
3507
3682
2762
789
1095
1206
2196
425
4226
1198
1230
1647
1172
4142
2196
3139
3676
4720
1297
1937
3598
1775
304
3395
3274
639
3637
4706
835
1178
987
778
2463
1517
2148
3702
4792
5690
1178
1758
3139
2919
2290
510
5473
3974
4695
4188
4177
2304
4713
482
591
3308
1945
1429
1044
1943
2814
1480
1945
746
625
4272
1517
3139
5241
3072
5616
2612
1809
2345
3132
425
5183
474
275
3878
2644
1297
3264
5703
595
2882
4390
369
1583
1926
3003
2196
3067
5434
2623
1759
5571
1573
4801
1031
427
4945
1347
3139
3067
425
4720
1794
4941
5648
118
4906
275
5177
605
1297
-1
1313
2989
4192
5547
4348
2519
3230
2374
5238
2285
1154
82
2164
2196
716
5133
2986
5616
5271
425
3139
3289
4044
3139
3780
1116
1588
1206
1669
2567
5699
2825
1601
1692
5271
3833
4099
1185
1817
4795
2196
1699
1796
923
3046
1320
3003
674
1601
3139
2196
258
666
4890
3291
743
429
1465
2948
1458
5452
1664
2995
4516
3386
18
3880
595
4896
2514
1588
1744
1681
41
5402
5385
3389
1958
25
4966
4975
4890
3139
4078
5098
5126
1427
-1
556
1482
1178
1403
5652
4039
3924
4812
4720
3000
4354
2008
923
4209
542
1313
3621
3072
5271
5538
4717
304
3139
5183
2705
1119
3003
282
4763
5466
3615
25
4373
1447
3485
482
4497
3054
5172
3181
1601
79
1230
25
3360
5491
5028
5724
5062
3377
4373
4545
5183
3629
4677
5475
5191
3003
810
1664
1465
1178
2326
25
3623
1016
2400
195
3793
3485
2489
2989
353
4564
434
3139
1016
3019
3488
923
3697
5086
4712
3296
2645
1405
4702
3510
4665
3628
3968
2825
2370
4959
1044
3139
4052
1731
3914
3057
5660
1044
4267
640
444
722
5714
2241
5089
889
4392
843
1410
3701
3139
3255
-1
743
2615
1616
5280
25
2200
844
1429
3771
5271
3150
1309
5128
1185
5062
951
1738
5280
1229
5419
5031
2762
292
4371
1660
5712
3238
2196
482
3800
4241
3242
3228
2
2122
3284
2198
4086
1361
5587
4567
2530
2912
5558
1588
1148
4946
2822
4763
1203
288
3959
51
86
1704
975
62
2825
2503
3439
5692
2418
5345
4032
3139
2538
695
3849
3139
5706
1016
4158
25
1874
3682
4226
2097
3057
2196
3869
3164
2548
4142
4689
5164
1597
469
4177
1298
3126
5333
993
5545
1798
5269
3766
2390
961
2269
5140
227
16
2502
2880
324
2190
164
3308
1630
-1
3790
1095
1796
5493
2390
4449
220
4693
3084
5152
4544
412
4915
2911
2196
2055
1769
113
1624
5402
425
3875
5142
5049
4107
5650
2200
255
1824
5183
3732
2898
5497
1899
4966
2662
889
2096
3139
82
5512
25
937
5062
2715
304
4564
4280
5094
2021
857
2365
391
583
2378
196
2338
3034
4387
4978
2936
4944
3139
3722
1254
2327
4814
3139
1610
3449
1323
4695
1429
3824
4760
1178
1673
3139
3139
4438
3484
3238
1583
2164
1150
638
2333
1465
2462
2285
195
1300
5062
2245
1909
2148
547
630
303
1194
2974
1405
1196
5133
421
3240
1785
5
2648
3711
-1
4358
2559
3988
3139
1003
1249
1601
2196
583
4400
3592
2934
127
3771
1307
1956
3086
787
3485
4945
1269
1044
2865
297
59
-1
1167
195
53
4039
5238
5402
25
1443
4631
425
5524
2420
-1
1183
747
227
93
3682
4777
4720
147
1439
5107
4790
1780
1469
713
5178
5551
3139
25
5500
2315
2309
5230
2798
5286
1269
3139
3139
1178
4438
482
5271
5545
3160
4497
3676
1854
25
2691
2030
4222
3139
41
3160
4438
2196
2243
3008
1206
2882
25
2635
956
2724
3782
5200
1573
2825
3389
1601
-1
3865
127
396
3139
2131
1897
2619
4227
2195
4158
4804
3676
2939
2724
2023
922
5062
1101
5305
1178
5571
5491
4900
3139
5402
5547
5062
1139
725
3741
1378
4007
3650
348
1083
5133
5497
2463
1885
3139
1044
2762
5205
53
1361
3139
785
1619
4695
5675
534
3193
1057
1953
5699
2531
10
2226
5238
1946
2462
4689
2325
1945
548
3317
3623
1406
5050
3879
2724
5402
1230
3139
741
583
2095
296
1249
5587
4188
1756
2658
1588
1001
303
2160
2285
4855
3139
3495
1480
1722
3996
425
4772
3139
4155
1927
1583
5085
3461
882
2762
5009
5433
3139
1307
4878
4799
2383
3139
980
4972
1874
4226
1798
3801
552
3139
540
5497
203
3623
1338
1071
3976
1463
5287
2716
3280
1650
739
5328
2364
5466
3506
993
2577
5561
5648
2691
4194
3966
5147
2768
4929
508
3017
3506
2219
444
1313
1496
1352
2189
3043
425
3841
2633
1016
3689
3862
2335
632
5120
3580
2314
165
1429
2660
4032
1161
2706
2813
959
2196
2880
3139
5068
3580
2697
5121
4890
2060
3431
1155
5706
1664
1298
5402
4222
4635
664
1417
3139
5576
5689
2164
2065
2882
5109
3139
2443
5505
3456
1337
3139
425
4117
748
5339
524
3145
2196
4984
2857
2400
4147
625
3435
2962
1280
937
3139
2290
1163
3000
735
2167
3139
2882
5402
5085
3838
5362
3581
1630
2762
4312
1230
1273
5049
540
514
5236
5402
-1
1425
1356
515
5657
1405
3139
4348
2370
975
2974
3095
2144
3621
3289
1625
2748
227
4763
1504
2924
285
616
5062
2241
1149
1427
5706
957
5737
5364
3676
425
583
5292
377
2961
2566
3029
4158
1095
3866
391
3267
4188
469
4158
1354
4464
3273
4994
5200
5313
2266
183
2189
4478
630
-1
3712
304
4226
3875
3781
2067
1342
1692
5528
715
640
3910
5438
1897
1081
2470
937
1681
4127
4986
166
195
3450
3139
792
5466
823
4890
4877
1168
5457
5003
4564
5474
378
5727
4458
4497
3139
1780
4879
5512
1688
4181
1843
1095
994
258
4196
3970
5062
583
1876
1405
1405
376
951
3139
2615
3878
3139
5402
3139
923
1809
1686
2462
5183
524
5475
4373
1469
3139
2016
5062
3139
2196
4896
16
3139
2196
2364
663
521
5402
4142
2790
3840
195
5712
1429
3046
695
2285
5241
548
2470
425
1291
1468
3107
2122
1183
2196
2333
2435
872
2158
3559
2762
271
5133
2196
2474
957
3053
3875
5155
3621
4965
5497
3139
2515
4226
2957
2196
4986
3139
694
1570
5313
2740
3875
-1
5251
1264
4986
3892
1016
739
4566
3139
3437
4890
5402
515
1083
3711
1583
2164
687
3139
1410
1601
1044
1405
5330
4517
3752
1624
-1
5671
5340
4720
3139
4776
2196
3875
5602
1429
1902
3863
4131
1508
2196
5683
5402
1776
2111
1131
4912
4713
5402
865
3125
1681
5049
2196
5538
5140
3869
425
751
5730
2974
2200
5402
1579
2266
5471
3377
650
3275
2785
3072
2122
2048
4378
2987
3840
4635
3139
1298
284
1754
3696
5063
3139
2649
1796
5491
4280
1323
3878
3190
3139
1050
4327
5481
2257
343
1462
5718
2196
1095
1829
746
4136
2196
1706
5254
3339
2430
3003
3439
-1
1905
195
4771
2122
1019
3840
2285
5176
681
17
2184
785
3240
3566
4817
3139
1998
630
243
915
1184
482
784
229
1668
4374
485
214
1206
4158
1323
3625
3996
1447
5143
3221
3965
1705
36
806
3139
314
304
1350
1987
4994
5473
5297
1307
1899
5156
4033
4602
3139
3139
5423
4654
3875
1307
5518
3139
2196
5702
787
1307
1300
-1
5497
2843
916
4342
3875
716
2717
4718
689
4892
3651
1239
-1
2285
4536
3550
3139
4693
3139
5333
340
5364
5617
594
645
-1
2989
4339
3491
16
5587
336
198
4408
1699
4453
179
5576
3003
4823
1681
425
785
738
3781
1788
3139
4506
3139
823
5413
4600
4373
5159
1504
4602
3875
586
4437
24
4529
2055
92
3139
1919
447
719
2248
695
2269
4625
2462
147
2285
1949
1631
3139
2196
3139
4144
4559
460
4713
4797
2762
5714
5671
472
5087
361
3139
3840
5699
3813
5616
1269
4945
215
2383
170
4700
5214
2196
5674
4469
4438
3904
5156
740
4371
3003
1244
2665
3641
822
1504
3061
923
2122
1304
5290
2675
1148
4378
3116
2591
3139
3365
3582
2676
1183
5060
256
2983
16
1429
2196
3933
16
1661
3212
1227
3388
3136
1352
275
2863
3058
3285
57
1410
1019
3587
1157
1149
5402
5596
3887
-1
2243
2210
4708
2392
612
5062
3945
43
4003
3198
1076
2802
1598
2083
1405
4292
195
4435
1300
2269
482
2838
540
1086
25
5598
2465
787
4615
3037
4188
1601
1798
4539
1506
1429
1983
3261
2390
3756
664
645
5370
1601
1902
1809
4110
3949
1093
4327
4738
1157
4618
2076
937
2819
1675
2612
1105
304
2326
4039
4287
3377
3458
932
5068
4075
1897
5616
1681
5180
5697
594
634
3302
2196
5184
1909
1495
4916
2196
3902
3994
2196
695
2726
4471
653
1123
2016
5032
2196
5714
480
4438
4494
1194
4184
5362
1297
191
4733
1083
4720
2762
1681
25
1510
4529
1183
2160
4
147
1757
42
4836
275
-1
3070
2942
2939
4438
5587
1339
193
2390
3428
1727
2228
5384
1778
5155
57
4998
2197
5426
400
4438
3841
4226
3565
261
1588
3840
1147
1583
1356
1583
3141
1082
1475
2016
4280
1931
41
1282
482
1889
1800
4966
533
5414
2333
425
