4771
3676
427
1004
5498
5582
4890
2952
1012
3927
1247
3418
3927
2195
77
630
1588
1636
4945
630
427
1214
1354
1718
4998
5599
4825
785
5022
2617
2882
195
2281
3308
4825
2882
3750
4700
630
5202
4918
5179
1054
5311
2376
1161
3676
1914
4772
2196
3139
1468
2200
1997
4113
5621
3875
5498
5084
2196
3136
2455
3401
1054
376
3571
3436
-1
25
1588
3875
3994
5054
41
195
630
3949
2652
4997
3875
-1
5616
5022
3139
3139
1054
-1
2583
206
630
276
4871
4934
2084
3927
25
-1
1088
3139
1195
5559
835
2285
2538
823
1287
698
3139
5202
2619
709
2196
4265
-1
1775
595
3621
4329
1203
1325
787
630
5547
4426
3136
2618
5275
5431
1054
226
3066
2911
25
3139
806
-1
4978
1718
2205
5202
1307
2697
3418
5362
4480
4465
276
5133
5744
2469
2724
1461
193
2851
1429
1602
1461
630
1272
4431
3272
2416
592
2056
594
1029
2164
2379
4431
4431
2189
2128
1276
3910
2455
5265
2762
5402
4884
5288
-1
275
2882
1158
1300
1601
5655
4871
4431
4945
2864
4871
1054
4431
5525
1875
2277
3057
630
3891
3401
2697
5132
1405
4045
5122
3036
4045
3915
-1
2617
5287
3943
4142
2196
3943
4045
227
-1
1798
3139
1707
5746
-1
5402
5183
1600
4889
2274
2356
3139
1320
391
1073
4484
77
1707
3139
136
425
3676
4431
3507
4431
4431
1054
957
1452
2455
3891
4195
25
4431
1503
1054
3136
2882
5153
3139
1281
3938
1643
5402
2567
482
219
-1
5294
275
4431
3762
3910
3139
4416
-1
3003
3807
4808
1949
1352
970
1619
1313
4561
1565
5587
630
3349
1368
3203
5292
1601
281
1042
3139
4417
1384
3139
2075
1707
-1
1722
353
4572
2601
770
4194
5376
-1
5695
4349
2383
3891
5532
3139
2144
4039
2196
4091
3592
1179
241
1339
-1
147
542
3139
4226
3676
-1
1095
425
1465
1209
2214
2140
2691
-1
4588
5646
2122
3949
-1
1012
3139
542
482
703
2762
3943
425
238
-1
1350
542
2983
5049
3374
2697
4745
4045
1313
630
4478
4373
630
2813
3456
1304
687
1136
3202
276
5047
2200
5719
687
5162
5402
482
5292
4460
3139
1588
4784
3231
2097
4188
-1
1405
25
3682
1121
763
3805
2682
5390
2285
5426
-1
3346
4138
3139
-1
3830
5402
1601
5402
-1
5093
3595
5402
2200
3581
4226
3139
778
-1
2285
927
2196
1429
5362
1405
3139
5336
1639
4876
787
3199
5512
1361
1083
4975
4722
2762
3040
3415
5497
2697
1734
-1
1760
590
4497
2196
2003
5132
1192
1616
1760
5582
-1
1213
2196
4451
3139
2368
542
4045
5698
687
4480
1044
2016
4993
3165
955
2525
3139
5343
2376
-1
-1
590
4654
-1
4373
4002
1760
976
1405
778
5646
-1
834
5016
2285
5405
25
4945
5003
687
3139
4829
3139
3165
2807
5576
3139
3592
195
834
5575
5402
3315
3705
2708
2384
412
1333
2196
1452
1567
11
1115
5438
4110
827
1307
3581
1313
957
3645
4053
590
482
4431
4018
-1
2243
5062
1427
401
834
1731
689
2285
4158
4807
2470
4890
-1
3927
3720
4868
993
324
4431
4713
2762
4326
1115
1429
4713
1681
1355
5202
3139
2285
2998
1650
2196
2285
2197
16
5402
195
3891
1843
834
24
2333
-1
2986
4876
482
1076
5402
2285
2238
2566
391
25
5587
590
2125
4431
1512
1809
542
148
3367
182
5425
2200
1934
4546
2391
937
4431
1106
687
1539
3140
5031
1085
77
1138
470
3588
4713
2196
3136
1940
1296
913
1922
4083
482
3139
1138
778
5402
16
2600
3007
5077
542
5587
25
4480
3192
3139
2719
2285
2285
5027
4411
698
3139
2421
4109
425
-1
1452
638
4872
957
4945
25
2998
425
5674
1691
4539
1429
2285
391
25
5726
391
3621
5386
3069
2285
5061
1601
1474
4771
4718
2873
1121
4890
-1
2196
1452
860
5413
1452
1583
3139
1138
4867
3925
370
-1
5062
339
687
1616
4046
3398
1356
1456
1760
1650
2285
5556
2196
778
425
4951
3592
1803
932
5193
482
4689
5728
-1
687
1044
2724
1307
3296
373
195
4244
147
630
2652
5250
3165
3139
3139
3139
2285
3139
3629
425
5488
2285
4364
3308
1488
1092
4539
4539
309
425
3389
3943
5061
2746
1405
2285
3408
4474
5427
2913
5576
4884
2196
3585
195
4181
3341
2196
4338
2652
4045
3139
-1
1313
3139
555
3924
1465
687
3621
4076
5288
3110
2072
1724
-1
1307
4239
5433
3139
4539
2050
-1
1996
3760
471
3139
1461
127
-1
4045
4478
1574
5061
2285
77
1339
5132
4181
457
25
5271
5402
2196
931
1452
196
-1
1202
834
184
4501
2697
1760
3838
3095
5053
2746
91
2285
4604
2285
25
4181
937
5062
440
16
2730
1429
1898
105
4570
2762
664
2163
25
3139
26
1110
713
3028
2285
425
77
4084
1339
2065
5587
4431
3846
4815
485
-1
776
402
4431
2455
1351
3682
427
4287
5402
630
687
1699
1657
3689
2998
2762
2099
3824
5446
778
-1
5587
5587
1546
24
2326
4912
630
687
42
196
4945
2746
2429
5582
3943
331
-1
1260
-1
2762
630
1313
5062
3621
5388
1785
2746
5413
-1
2269
3461
1699
2196
4011
2200
25
-1
5062
2882
5571
3808
5384
1240
2196
1352
4974
5254
2863
590
3963
1131
3650
5061
4431
5511
1419
1168
4689
25
2435
3887
-1
5471
56
2235
3308
3272
2285
1131
3139
482
5062
-1
1528
4110
3139
687
3496
3717
1131
5511
5467
1115
3556
931
3950
342
3423
780
25
531
5242
4431
401
1583
957
3184
1017
5522
5721
2285
1449
425
25
630
4467
-1
590
196
5646
1294
1480
2785
425
3139
2285
1485
-1
4201
4884
1665
3139
-1
1042
508
3442
1947
2196
1283
2619
2697
1760
-1
2762
1528
4458
4539
1932
3136
536
196
5206
1661
4431
4181
2285
3099
25
-1
391
1933
5135
5451
142
3581
2399
-1
2568
5402
1331
1373
2344
1121
5402
5511
3676
1888
4235
2746
4431
1058
2146
4410
1759
1115
-1
1452
5629
1557
2196
4337
3139
3924
2196
5272
5049
3139
-1
2762
4540
11
2455
142
3157
5587
662
1057
5609
-1
435
-1
1405
1405
425
5179
2825
-1
3139
192
4158
2943
285
276
195
2916
1168
2148
4570
5003
5387
2272
2285
5384
5087
5402
1178
2200
993
1115
1819
1266
4287
5062
-1
2285
2196
3943
301
5576
1019
1601
3399
2104
5402
425
1984
5061
5222
740
2326
4127
3139
711
196
4884
5721
3051
5182
3621
196
25
4993
-1
4876
3139
2326
4794
3835
1384
4254
5424
687
1200
1019
3496
4951
2395
147
1115
3875
2834
987
2196
2946
2196
2065
243
669
5013
4431
2761
425
3496
547
687
2652
202
3139
3136
-1
1307
-1
5587
1661
4211
482
2196
1699
3308
3206
2784
1776
5132
2364
3015
4871
3496
687
2739
3170
1307
5402
3139
4966
2998
5336
2196
2449
4671
425
778
51
5511
2196
486
5165
2882
1184
5203
4743
907
3279
5402
5009
2344
2086
4771
2156
3768
3734
2326
3739
3139
2285
2326
583
776
4110
834
-1
-1
2285
4493
1945
1963
130
3136
4945
450
1115
2285
5205
4745
1374
4487
25
-1
1238
3928
4431
3003
5402
1760
5721
2323
817
5667
2714
-1
3890
5402
3996
1468
1514
5402
4668
-1
695
4225
4226
-1
1468
-1
3094
834
25
2617
3139
5646
3165
3585
-1
25
25
3023
196
5439
1396
5402
2844
3289
1362
2652
1870
2122
3745
2194
2196
590
5587
742
4491
3139
4348
4226
4529
4398
4032
-1
775
2285
3308
3621
300
630
5402
22
2486
91
3676
3985
482
25
3531
3734
2312
1908
883
5198
2719
25
5102
2463
5402
2682
2065
3139
25
16
1357
5049
4039
5030
4177
746
2867
-1
3088
446
3035
512
4993
2894
2612
3616
482
147
3003
3839
1680
81
2336
4226
2285
957
285
3996
3592
1588
1452
-1
3800
-1
18
1313
889
2825
3139
4082
1994
1268
1384
4945
5384
2285
4114
2326
2909
1579
1081
3308
3511
5238
5402
4587
1809
5511
-1
4431
2754
1699
5402
4206
2285
761
3496
4734
3592
1366
3165
-1
5414
3139
2818
3822
4154
2367
508
4567
883
2196
3621
2415
778
1699
3139
5277
4765
2326
391
2548
3621
4158
3095
4815
-1
1707
3139
2615
4956
300
2164
1017
3919
5579
3623
2746
3164
836
1157
2830
425
1405
1088
4945
4154
425
4771
25
3427
-1
425
3139
1148
2196
-1
5509
1118
5511
1846
2096
3139
4063
196
2196
3069
5062
1412
4993
3062
3139
4713
4007
4945
3289
-1
700
27
4803
2754
923
5623
4431
3943
4594
3136
3725
1707
2085
327
3072
3139
5559
1800
987
492
3003
147
4967
524
-1
2781
831
-1
-1
2958
5733
2697
1699
57
1793
-1
2196
-1
5061
4431
586
4281
1799
4707
2084
425
1384
1736
486
2754
3139
4833
3015
4488
1307
1800
5646
2421
4901
1583
4181
4332
425
561
2196
2890
3446
4611
3830
742
1793
792
3072
5293
258
1250
-1
687
5277
2200
792
-1
3526
425
875
-1
1240
4159
3789
2122
3072
5646
1692
4154
5378
4539
4142
2196
883
561
1588
2154
5694
611
196
4986
-1
1307
5557
987
2285
3743
1339
833
1493
3139
1339
3949
4005
687
1429
3693
3631
883
4078
482
1793
-1
2285
4188
5657
1727
2153
1019
807
3139
5087
835
4431
4276
4431
2196
4955
5532
3139
3139
3924
5576
2989
1196
1149
2243
3308
1493
1313
2196
2196
195
1205
1800
213
1759
4900
3747
1470
3170
5419
5331
353
3468
5384
338
883
195
5061
4032
2911
2196
1320
4082
4131
5062
590
5133
4931
3817
4966
4624
425
3891
2315
3139
2714
2435
4172
5133
1636
3107
25
425
300
-1
110
2285
51
590
4992
831
3390
195
834
425
1104
2326
5288
4045
5156
2658
2096
-1
1468
834
4539
4264
1625
3003
1119
2752
1928
5049
3227
425
1405
1044
2958
5288
1601
2998
4454
5062
195
2015
1019
508
127
99
3944
3746
25
2610
5402
-1
1804
4154
1832
3230
5681
3139
425
5558
3789
4794
25
687
185
1793
162
425
1777
2314
3496
2785
5087
3062
5674
-1
1636
2998
65
2346
5491
2164
5061
2786
1258
1707
1427
16
2196
2390
5216
1017
3420
5602
545
541
3139
2804
1855
3139
1681
1803
-1
3003
3789
3645
2746
1322
166
4539
3137
4966
425
1018
1681
623
322
3682
-1
687
4226
2714
-1
2785
880
1894
1480
2122
2572
2200
5230
3064
596
4158
4890
1657
3308
2455
4598
3516
2200
1042
5353
5505
3066
1595
381
2000
2619
2122
195
2531
-1
4838
4405
2998
245
-1
1313
3479
3838
1230
1938
79
4713
2084
-1
5133
4224
2285
5402
1493
811
391
2507
-1
540
5384
561
3139
2813
2513
1489
2196
25
2762
4539
2146
5662
3164
778
5424
2164
5402
404
1288
4039
1493
3512
3621
3041
1410
5576
3676
2867
482
1588
2985
2412
-1
5237
425
1493
4373
1493
4884
3077
5511
5019
4873
2200
5326
3136
304
1429
1461
-1
1405
4332
3858
1793
482
1468
196
2200
4154
-1
4272
834
3139
5603
4383
-1
794
5277
3139
25
2016
5235
-1
3835
5515
4718
-1
1185
5203
2514
2754
2154
1461
561
3157
2189
3621
196
2196
2652
3139
2196
5119
2243
604
4739
548
2998
2911
1178
1707
2102
196
5030
4832
425
5061
425
4153
-1
2182
630
542
3139
3264
3192
5402
4974
25
3313
4032
25
1583
687
4629
-1
671
357
304
-1
2421
1722
147
1707
2196
1699
878
267
3069
3055
5361
3627
425
52
5402
3139
1859
1230
5061
1777
2822
5062
1178
1054
4992
2885
3170
1313
25
-1
3592
3139
974
4101
3396
3479
1402
339
5384
4361
3653
-1
2196
3315
3400
1313
3139
2761
4945
1466
4771
5609
1793
330
3139
2615
249
2196
5277
5133
-1
4998
4404
3069
5746
1803
5402
482
695
4465
3139
425
482
1429
3124
1263
3315
2503
391
785
542
3139
2196
1307
883
25
3164
1493
5694
3062
5282
5673
1493
1969
5587
3820
1144
1588
2286
700
2393
110
4638
2200
3139
2838
4853
71
2789
5724
4166
3139
2042
16
3161
3592
1427
4393
5361
3282
5402
4624
-1
1493
5466
25
5497
3858
2746
3633
5313
382
5240
5332
1235
1429
5061
3579
687
1601
540
1588
-1
2285
540
3585
4815
1468
4154
2810
3139
482
3164
1071
3003
1544
5559
1101
2196
2652
5214
3838
2334
1915
5402
4345
1283
1601
5402
3924
-1
41
4431
4817
2455
5588
3139
3269
2998
-1
3001
687
71
5402
3139
1746
3139
5381
25
3865
4640
25
3139
1699
3066
5087
4373
2196
687
1292
5501
-1
3308
25
2478
1405
300
4638
833
4978
1588
5252
5384
196
4993
195
2197
3623
2196
5384
4039
425
3478
5049
630
3397
4684
-1
4226
1091
2246
2285
3139
5202
4431
3308
3039
2102
25
3170
2449
3865
987
4039
883
1405
-1
2285
1402
2870
2196
2003
4428
3139
4877
1044
5667
2007
300
1470
5587
25
3848
107
18
2573
1793
1405
2009
4373
2847
227
2990
4352
425
5119
-1
404
5155
425
25
4825
550
4713
-1
5424
4293
2285
1428
4854
951
993
-1
5362
5398
574
-1
1269
304
1601
5449
3139
2285
4815
833
396
195
4884
4332
275
3095
2796
195
4598
2196
2724
1294
4713
3949
5402
3139
1776
73
2383
3659
5719
2196
4815
3107
3139
4431
2285
387
3035
3139
4039
5587
1016
5642
5402
2196
5175
4718
3308
3851
4992
3581
3356
3139
-1
4004
4992
3139
4142
5288
580
3139
3139
2196
883
3308
5585
52
4332
5133
-1
1448
2102
196
1595
695
2680
2697
2285
-1
5271
888
4883
4100
1528
3139
472
5028
5061
1604
590
916
443
1298
3880
2285
5338
-1
4544
2196
1019
2746
1727
2297
-1
1101
3996
1692
-1
3139
2285
4332
3581
3991
2440
3838
4654
1393
1054
2276
5426
5133
5288
3924
3563
857
3003
3139
3200
2196
2890
1429
1894
508
2806
521
1307
5511
4332
2615
1101
2939
1710
5402
4555
185
4931
4347
3139
5062
2616
5362
2149
5271
1790
3378
2224
3581
2933
-1
177
1610
4713
195
2196
1371
4158
2147
883
1830
5303
3610
425
4332
883
2998
5419
2096
5187
1800
1803
1777
5271
1238
499
4226
5309
3139
5074
4367
2825
5140
258
1402
5192
4835
3003
53
1628
1894
2200
5545
255
4836
3139
1493
3139
2326
4637
4313
5518
4372
4442
1230
2016
4562
1902
3139
196
1044
5507
696
2929
590
1300
5671
2404
425
2697
166
2668
3164
4226
4653
5587
4373
1219
1854
-1
2645
3676
3139
1504
1463
3139
4713
5109
1300
4307
5362
-1
3139
5049
-1
4956
2534
2196
-1
2660
5504
5402
5402
5344
2714
95
2196
1468
1016
1427
1800
1073
-1
5280
792
5288
2285
912
742
2746
1493
3210
4766
4993
2435
1019
-1
1300
425
5561
5402
498
-1
561
889
2813
4814
2703
4142
2051
4959
25
3817
2102
2825
5526
3996
542
-1
2285
3286
3107
1119
561
2151
5646
3505
1793
1307
5576
5495
196
3348
4111
2633
3139
3585
425
400
2285
2279
1564
3139
4781
4155
2060
196
2009
3011
2285
4135
387
3683
1916
885
923
341
1307
1101
590
2200
-1
1583
5720
3062
-1
-1
2074
425
1541
5285
1775
-1
2420
3943
294
324
4140
-1
4473
4051
1636
1465
1729
425
2285
-1
3858
-1
1928
1493
2243
2383
2266
1429
561
1452
428
4265
4720
4188
4431
5040
673
5107
2285
2703
5165
3924
2638
1313
1121
2435
743
4875
5433
425
4287
5466
5402
5062
4859
2311
2882
1269
834
5285
4515
3164
4038
2122
2084
227
923
604
4877
368
630
2619
5475
339
4820
792
452
3139
16
1073
5110
1480
1313
2285
4853
1246
2733
3139
542
2196
4598
-1
934
5472
4180
4431
4371
5426
4998
2196
2247
1493
3382
834
2697
5284
2612
4611
5671
2196
-1
2360
1777
5418
387
3382
-1
-1
3053
1608
3139
3139
3400
1230
739
831
5022
3139
792
1414
4503
-1
3580
2833
5402
5062
5565
4945
2200
790
4884
3587
-1
1842
-1
217
5424
7
3139
2578
1430
3367
392
5743
3072
425
3139
2420
1709
3369
25
1546
2189
5372
3139
185
1429
3205
484
276
1914
1636
321
3139
2703
2164
4713
-1
1496
1493
2042
5062
3485
3585
4032
3562
3580
1800
-1
4276
3496
25
1595
3950
2417
4435
5061
1062
3875
1468
3308
25
5422
5218
1498
2196
5254
5551
2904
5402
1566
2921
4822
3709
84
3139
5062
792
3943
5402
-1
2121
1681
1186
4681
3222
3139
1945
5062
5471
4998
3129
-1
4197
3139
425
1429
3838
4966
4004
2196
3916
3838
2196
4539
-1
3139
3139
4720
1608
2703
774
-1
-1
1468
-1
82
5574
4277
1120
3364
1608
4615
3099
4547
2882
1601
1307
-1
3676
1698
1821
1452
1465
5254
5695
5061
2196
3003
1044
1300
1452
3210
4381
1139
5390
1452
-1
151
797
25
1636
5402
5232
25
1300
3139
242
778
2794
2196
1019
834
3445
1425
3308
4853
3139
3139
2754
2724
2493
3099
4039
630
2319
4884
1481
2998
5678
4931
4229
3948
4371
5402
4039
4435
1319
425
-1
569
4992
5671
425
4287
304
4142
4032
5087
5362
-1
214
3456
482
3872
5113
1273
4966
2143
3139
4371
1307
2285
300
1231
3139
776
4155
383
3139
2285
686
4158
3142
4890
4146
-1
142
1429
951
-1
4537
1681
4718
1298
4438
5746
457
1842
5322
1298
77
2871
5587
2285
2200
5593
4393
3308
25
2428
5587
2196
1307
4981
2196
1840
2427
712
2326
1044
5743
-1
2285
1121
5062
540
5549
3139
2782
-1
5062
5062
227
559
328
1814
2504
1572
1681
833
3139
2562
1850
2691
4390
2151
1987
891
4287
5062
1601
4992
5530
482
4431
3342
3840
-1
1137
1760
2762
3886
5373
1583
3139
2200
4330
3222
4530
5049
2151
1402
4465
2285
4075
3156
816
642
2164
1829
3107
4163
1071
2467
5475
4713
3946
2362
4004
-1
526
2762
625
5433
834
4539
3386
1049
1452
220
2548
4692
3164
263
993
852
5491
798
3139
590
4393
4993
3716
1452
3623
4982
5155
1757
-1
400
57
1313
590
3139
1157
3139
1044
3139
3308
2200
5121
2196
4188
2934
3999
126
3676
540
5067
2730
5472
4853
785
3382
425
25
4713
2196
2285
695
2206
1269
3003
30
2414
-1
3139
4080
1115
1147
5687
387
5497
2196
2966
1254
5431
5061
324
5384
1750
1777
2225
3289
1355
25
1546
2673
4154
2489
1230
2794
41
258
5748
1429
2441
1814
25
2754
5271
369
2196
3139
-1
3139
3920
436
778
2102
2639
5184
4188
1468
1291
4981
1846
-1
1354
196
1298
92
3459
2285
3696
4966
3139
2864
3139
5402
3827
3996
4032
2200
4038
1157
-1
-1
3139
1771
482
2390
3621
2488
35
3708
4437
5062
2862
4598
3735
2196
3139
3789
1958
2645
-1
3377
5144
3692
-1
25
2881
3139
2196
-1
2285
1619
5582
2285
1429
25
3192
3447
4497
1636
3139
2200
4268
775
2762
2993
630
2196
3139
1468
3062
4975
3061
50
4693
3581
4998
2746
3139
2196
3035
5078
-1
3266
4226
3682
56
3985
4486
3640
227
526
3240
425
3003
425
5712
5426
5502
2882
2683
3581
2434
3554
542
3164
4299
3997
2468
1469
1750
3139
2451
373
4876
2697
-1
1638
3139
53
1112
1959
5384
2201
-1
3850
-1
425
1286
391
1722
1044
2285
127
5232
539
1535
1793
2168
5712
-1
2414
2567
25
3485
823
1601
2067
5665
3139
3317
3467
2206
1264
-1
3949
1323
4158
1155
4966
2941
2164
1183
835
2196
2200
2320
4535
2038
5296
2349
3063
1814
1468
68
1307
5104
1025
1429
1714
5062
4945
482
25
2008
4564
899
2383
5122
4418
1493
4039
5432
1800
2762
3308
25
425
1546
1647
3395
243
2285
3308
2196
2420
41
2200
4555
-1
1969
2413
4158
3296
3121
3315
2153
775
-1
540
1349
3401
195
2997
540
4418
2587
5497
3863
314
5633
-1
482
1985
5253
1493
4415
2328
2113
-1
3139
1751
4362
4998
5288
4327
3069
2367
-1
4373
3139
5203
844
3139
4147
2320
1339
4240
2562
1300
3416
5088
3308
5511
4075
54
2785
5271
3614
802
5028
4647
3439
-1
1857
2882
2551
2551
69
2746
482
5502
2593
3532
-1
4332
3595
3622
-1
3139
-1
3139
3003
1601
3057
133
11
4431
482
2122
5062
4720
4942
4993
1427
3139
4799
3887
1601
5743
2762
2149
5050
1623
3139
3996
-1
-1
5375
3139
-1
3177
3139
5315
540
5598
5154
2901
4393
-1
5489
3676
5133
853
5062
3428
2196
2196
3315
3139
-1
391
3139
425
4357
4431
5402
1044
1298
1044
5165
25
482
-1
177
1429
3427
2196
421
5731
3331
565
2958
54
2688
3003
-1
4039
2328
3139
5671
722
687
-1
2196
1280
4784
3139
5516
5491
3139
3139
1218
2487
776
4541
4082
227
394
2196
-1
1902
1011
5140
5021
82
131
5572
3139
4497
776
4984
5132
3129
785
-1
2908
2273
2042
3139
3348
5706
3592
-1
196
646
2939
2196
16
649
934
3164
66
1699
24
5402
540
1298
460
3139
16
2724
1313
723
-1
1178
2123
4771
188
5475
987
3891
25
2285
687
-1
195
4265
4039
1809
3771
25
923
2425
2026
4890
1116
5293
5687
2328
719
3875
3876
1193
4188
4816
3139
2512
2285
-1
5236
3139
5587
-1
5402
3139
5433
425
337
1521
3308
2120
4039
687
482
5137
4298
3748
5496
951
2196
285
5308
3267
2401
25
2164
390
1314
5706
4431
1073
2945
3308
1707
482
2200
5064
2200
5410
2387
4287
3873
5021
5518
1280
1227
4975
5111
-1
1829
2963
2285
1108
3278
-1
3308
5522
3831
-1
3592
5362
5310
1269
4181
4931
689
25
1601
281
5164
2267
2196
1429
883
25
4497
2196
1298
3139
3139
1583
1793
1699
2772
5326
4266
1583
1339
1138
2285
3595
-1
54
1707
195
1913
3139
2753
3772
2196
4713
5671
4720
2196
5066
4945
2200
4896
5731
3015
3139
1044
2196
3592
1405
3996
4624
787
5202
540
852
3139
170
873
3139
2567
5595
1914
2206
391
1913
1914
1848
3837
5504
275
3139
4004
5331
3308
1115
3752
3794
4669
2762
5093
3139
4491
1056
1586
1025
4502
1218
1750
1687
41
2510
5015
3943
2650
1019
5672
2716
4884
4435
2746
5402
1119
-1
3643
3156
1405
25
1528
2944
4039
1407
3794
3676
2196
4891
2076
4028
3815
833
3139
4609
2122
5338
2058
227
482
4220
1349
2435
4226
1699
1711
482
4004
1313
3139
511
4147
3308
548
1257
1407
5402
5546
377
1402
3994
2724
2285
181
526
3555
4226
3366
1707
4723
3668
5402
3597
432
54
3468
4634
1776
3688
4431
1300
1298
425
-1
3496
-1
-1
590
2196
4998
2158
482
4420
-1
1008
4142
936
5557
1339
1251
3139
1012
482
4240
5235
-1
3139
4713
661
1601
4808
3943
3139
3139
-1
4475
852
25
1913
1681
1890
2835
1180
2332
1395
-1
2754
2196
1452
5109
3139
4650
2164
4850
3945
3139
25
-1
1709
2196
5049
635
2153
3290
3473
1475
2768
275
1429
2533
3612
2019
-1
1101
3263
448
2266
3164
25
2438
4431
3004
3192
1969
425
3881
1157
3810
1583
2038
2285
4024
425
3139
2390
4893
5288
1793
4158
2661
1625
2404
1116
425
2886
-1
579
3062
1429
1493
1688
3833
3869
5507
3139
4598
3139
1405
2770
127
4665
2087
4039
5062
3291
1800
5277
4629
3139
981
4853
3215
482
5691
1493
5062
1044
2901
2165
4643
5046
5155
4680
1482
2470
3003
3810
-1
1168
4213
2196
1082
3862
2762
5562
967
1069
-1
1131
3139
-1
5502
5232
540
5616
1405
4226
4283
3382
1650
4993
1493
4494
1016
5269
1513
2038
3293
4993
5559
4864
25
5433
4768
1298
-1
5712
2157
2333
5552
2390
2619
3317
5646
3136
195
-1
2762
981
4638
2196
3734
1307
25
99
1551
766
1452
2923
1576
1468
127
5671
5209
4004
4525
526
3542
389
1793
3417
3139
1054
1696
4922
-1
4000
3468
25
3780
1254
1016
1313
1307
3367
5676
-1
778
556
2421
500
964
3676
498
1073
5073
3317
5062
-1
1213
4447
-1
-1
2762
3139
425
5551
387
1405
5587
16
-1
4804
3315
5288
883
3164
2697
3595
526
594
3963
4554
2196
5049
2609
4430
1635
2569
2606
883
2954
4226
-1
3139
2285
5213
4792
1280
2468
1389
103
1977
3834
2016
5022
3051
1370
4080
2697
2390
630
542
2084
-1
2901
275
4992
2501
5402
1307
4332
482
1183
4420
5122
4776
5062
2196
3621
5062
-1
1601
573
2086
1468
-1
5587
2095
2491
2343
3366
1750
3924
425
5049
1049
-1
3818
177
4891
425
347
2096
3833
3139
4818
3139
2196
5687
719
1969
2208
3610
4052
4039
142
1185
2578
4496
-1
3139
3772
4039
3139
1996
739
483
1800
2285
1415
5087
1407
3573
5402
3139
5402
5472
1237
1075
5433
4992
823
2911
1793
797
2825
3046
1465
5514
3222
2569
3129
3139
4226
923
1155
25
3708
5671
-1
1269
2213
4226
681
5511
1583
1914
5402
1681
4040
2320
5402
1101
4988
-1
2968
4070
864
-1
1236
2196
975
2195
4595
3140
2838
2950
-1
3956
3139
147
775
5070
-1
1311
2755
4876
1709
2934
3139
5426
5062
2149
304
3139
-1
594
3996
1788
1633
1603
5545
1429
3891
1352
4945
4582
4199
3066
482
4805
3139
2182
5258
-1
1800
3999
3240
2285
5471
2238
485
4759
3139
4204
1601
4539
5108
-1
1014
1294
2724
4038
4945
1757
2196
4945
4240
747
5402
5676
5475
4508
5133
3308
3139
1480
4082
912
5049
1429
156
3399
1185
2724
4039
414
196
1079
3057
5362
1468
2285
-1
5072
3875
1962
2998
2577
3151
1777
4226
5433
2449
3139
5062
5412
3869
4225
4162
2762
3108
2196
2102
2196
4945
3139
1298
776
5140
5706
661
-1
5049
5295
1320
2380
-1
227
-1
1254
4718
982
2939
3672
-1
5313
1475
2958
304
425
4176
203
-1
305
1583
3139
3561
792
1429
5361
5475
4466
769
195
1007
3323
2196
5241
25
1452
2974
2196
414
1493
3308
-1
834
785
2574
1717
482
2122
4878
-1
244
4693
2306
-1
3139
3139
-1
5706
25
2838
5210
4615
3139
-1
-1
3095
2619
54
4415
5062
258
2104
3129
1298
4778
3139
4986
4745
-1
1750
3057
2587
5232
3139
5062
4226
2762
4829
2911
41
1201
16
1583
82
1465
2697
-1
1269
123
3900
3139
2333
1228
2973
1427
2762
4966
93
630
4481
4771
2320
-1
515
2431
3139
2200
4750
5695
-1
4992
-1
5326
25
152
-1
3257
4539
4082
1636
2016
3089
912
632
2200
5013
2369
-1
1452
1452
1201
1891
5062
834
4529
1549
-1
5280
4327
2901
2285
4825
304
2195
5031
-1
2104
427
-1
1178
1721
-1
2628
4439
368
3980
2825
195
1699
400
5088
4513
520
5672
5442
2196
275
12
3037
1601
3623
1740
1465
1138
3308
1945
3970
2107
474
3520
-1
127
4373
3677
4397
4718
2195
526
3467
1307
3003
2778
5587
1501
1074
3946
2958
883
3875
486
4045
641
5695
1719
4048
-1
138
5073
3101
594
2196
-1
1178
1901
4472
778
3183
4226
3595
5504
1979
4286
246
107
2812
4183
3222
147
2578
3783
833
3615
4651
1636
-1
41
1572
2200
2686
2096
2394
5119
5062
5402
2195
5521
1230
4647
1330
2122
1601
1493
2285
5424
-1
-1
4110
392
2722
5384
3496
2200
4457
25
1323
3622
4720
5706
2465
4226
1307
2325
1878
1016
3139
5271
2196
1201
1757
4975
5062
5748
1759
2100
3380
3622
3139
3548
1757
196
4751
2120
3139
5062
3139
1307
2285
4752
4890
4877
1206
5671
5587
2196
2923
3139
196
3069
3139
4860
5384
2929
2196
3139
1457
4408
418
1601
-1
4713
2196
742
3139
-1
4226
3875
5475
25
410
1722
834
2285
425
5696
450
2196
437
2285
1148
482
3139
3139
-1
3858
110
3308
3051
25
5272
3343
4155
425
2200
1779
3985
834
1102
3768
2196
1429
197
3139
4960
425
4287
5270
1452
5558
1285
3449
2196
3069
2882
3139
3820
-1
-1
67
5562
169
3592
1465
1893
482
2998
2200
3139
1480
5013
425
-1
-1
1354
3485
5140
1972
2377
2509
3869
53
3192
1298
-1
5576
4492
5062
5062
-1
3400
1914
4373
4494
5133
4845
3046
-1
12
3495
-1
4993
2079
4665
2989
4689
5062
3838
482
5250
2195
25
2390
3592
5232
1332
630
4974
3139
1795
416
591
3467
110
2196
5584
1180
4943
1420
4431
3924
1636
425
-1
2153
4004
5456
4557
3035
4272
3139
1913
1546
5062
2989
5293
5491
3139
2029
3946
3218
3467
3323
1073
4787
2882
1583
2195
5663
2196
2196
2390
1054
41
1468
2167
540
3595
3139
4713
3139
1850
4438
-1
4068
2443
4991
-1
1269
5122
4884
4768
834
304
4738
25
4515
4039
2874
66
5028
53
540
412
2102
5393
4792
2498
2298
4348
768
-1
3139
5742
4539
1404
4887
630
-1
1960
1323
807
2777
1577
4975
425
2206
1917
314
-1
2285
1973
1583
3139
579
623
3611
5534
4158
5119
2882
4157
-1
3000
1796
5062
1799
2196
2197
1073
1757
5493
-1
54
3139
5471
239
1429
3621
1313
4929
5384
5087
3375
1465
425
1988
-1
3139
5518
5129
2376
4638
-1
5310
5062
4871
2304
1101
367
525
-1
2227
4158
52
3468
266
5022
3676
3139
-1
2333
5062
1467
5286
5364
1750
-1
-1
2719
3139
742
1586
25
2327
4039
1814
883
4188
5548
4082
5271
5028
-1
482
5362
3484
5687
5130
3355
426
1793
4294
2332
1945
2222
1313
5156
3676
4539
3487
881
448
3192
5221
-1
1601
1465
3139
3467
4754
2307
54
2196
1583
1313
3333
1289
1157
-1
2200
2200
1345
5401
2557
-1
3650
3898
1793
4182
1513
3139
1588
4713
1157
1681
459
4406
3359
4435
-1
25
-1
1262
3317
425
1425
4772
-1
3738
2167
3170
5731
-1
41
1168
1426
227
5669
827
3980
5313
1429
4773
425
2799
-1
1119
5123
3521
350
1570
4771
4564
5288
1313
1885
4998
109
5405
2196
618
-1
3139
3139
1313
5505
1571
540
1601
1347
4915
-1
2285
3139
5545
5203
2489
3003
5269
4373
1811
5030
1528
1775
4944
2350
847
25
5171
4961
5073
482
2987
5402
5164
695
5293
3139
1210
4032
3539
482
635
776
-1
1405
3621
574
2993
2394
287
3772
811
2897
2762
1569
5404
3139
1265
1157
1802
25
2195
5336
4830
5133
86
3800
137
1254
837
1636
3513
425
883
4947
1465
4660
3015
-1
482
726
3467
4420
3815
4669
4471
5049
12
1757
3069
797
3192
5062
1044
-1
1185
36
482
3139
3495
5049
3139
2349
3465
3139
1298
41
2195
5171
1553
923
2196
1677
2615
1699
5402
3139
810
4001
3139
4957
2379
-1
3876
4669
2097
5133
59
2927
1405
2950
4061
1273
281
4777
868
3485
3696
25
4017
2261
1551
1206
1795
2830
4890
2038
2911
3139
-1
5695
5073
3280
2569
1161
-1
1058
1167
1967
5744
-1
2630
4785
4664
785
1402
590
1023
1465
5352
2333
2681
1157
4255
1780
3996
4147
1313
3931
4332
1829
3209
138
2685
3507
3139
5351
831
2120
5092
1452
5402
4808
4171
3289
2380
3759
1138
25
3139
5288
261
3682
-1
1300
425
1683
2572
4871
5234
2243
5102
5402
2644
-1
16
3139
-1
-1
2760
1988
482
2285
2196
3139
25
2515
3467
1405
3884
5137
-1
4152
5038
5587
3580
4718
3139
1779
3869
4720
2998
1429
561
3308
540
900
425
1598
4771
1095
5731
2960
-1
482
827
5288
3492
5587
986
5655
1307
2258
4188
283
3852
-1
425
1829
3139
3676
4718
4045
2762
2524
2167
5031
3676
4884
3021
-1
745
62
3924
4158
3621
1681
4593
3139
5542
957
823
1193
3317
3139
2206
4876
304
5061
3367
4669
5148
4158
5111
5576
2285
2321
4161
685
5475
993
5115
1892
1349
3017
687
2420
4871
2504
1152
77
1589
4484
3771
4373
1307
3323
4694
5673
2382
4048
1095
3616
3139
3833
3367
3676
5402
3497
3139
2993
823
-1
4276
5061
1809
1402
153
2122
4638
2828
1842
1206
1572
3139
2813
2455
4623
1324
3676
5370
2122
-1
5471
596
5028
39
699
304
3139
3139
5035
4799
575
3015
3139
630
3139
425
4158
5568
425
1583
3245
1513
1677
789
1344
5470
93
5326
1493
853
977
5083
425
1624
-1
3485
3139
4667
5576
2196
2019
2449
5049
5742
4287
5022
4489
4853
2387
3139
1429
3308
4569
1988
540
2836
4598
4890
3164
5213
3641
3946
2120
810
3139
3139
5487
1501
547
1307
1323
2153
4890
1073
3399
3107
5562
3139
4039
4004
25
2178
5004
3139
4356
5402
-1
2754
4045
742
2196
1856
3139
1131
2195
2196
4004
41
5061
3067
2376
2934
5731
4039
5402
425
2619
196
3412
1207
2285
498
5504
3326
1119
540
5148
1151
1145
1230
4629
4884
3278
3621
1307
2196
5235
2950
3139
5714
4497
1269
4992
3592
1044
127
1686
4957
1885
1173
2569
2376
482
4492
2934
-1
1625
4132
359
1201
4628
1095
2809
4497
4992
5354
3139
4240
-1
5587
4731
5479
1244
4716
4945
1546
5682
-1
2766
2619
2195
4815
219
2200
124
-1
110
5049
3669
2326
4658
675
4907
3072
4406
3139
452
5449
3139
3139
594
2830
60
807
4418
3072
4559
1407
5003
4673
54
881
443
1072
2285
5381
716
3139
542
2830
4425
4713
4376
482
1699
485
5714
655
482
897
3003
2200
41
5595
3358
-1
4753
4431
1588
2760
5502
1285
3851
2858
5313
3139
4185
3139
2196
5475
4233
258
2390
4039
5402
4318
425
5540
5200
2652
3369
2380
1598
4853
630
687
3054
2153
5685
5062
1891
3891
425
3139
4431
3139
1583
1429
2474
3139
590
3943
2146
5587
-1
2627
1534
4158
4497
3833
-1
-1
4137
5402
3622
2632
2038
-1
4082
3810
582
1101
5073
4039
1778
2285
1570
1044
1122
3139
4356
841
25
1697
890
482
4983
425
25
2632
2200
2175
931
1568
3224
5018
1583
2762
944
785
4677
1429
2122
5362
149
2830
722
5733
2328
3772
2797
2746
1919
2189
3707
645
3162
2285
4387
4385
1206
3139
3066
294
687
2993
1182
1709
3830
3096
2754
5414
4494
5235
697
3139
195
730
4497
5566
2366
2785
3621
2200
2196
5132
1583
2160
247
2784
631
998
1201
2036
540
3676
1493
5714
4771
3797
3595
4409
540
772
5402
1000
1095
5049
2153
5609
1377
1313
3139
318
4283
498
787
5245
5062
5616
1187
1397
3139
1583
1313
1793
1307
5094
4029
4998
4569
1193
5062
2691
-1
1465
1407
3204
2317
4409
3139
425
5395
425
1116
195
5030
-1
4397
-1
1465
5647
2724
275
2619
-1
-1
2218
1699
1101
1307
5408
975
1636
-1
4549
227
1918
2750
82
-1
3569
3139
425
1163
5313
1313
482
24
3139
-1
3035
2402
3139
5671
4397
630
-1
1594
425
3059
2182
177
482
975
177
227
937
-1
2619
1651
2838
3522
1448
3875
4004
1493
4598
5710
4090
2338
3139
4295
3528
3858
4545
4252
778
4276
482
975
2196
2038
3644
4884
3924
-1
669
421
1445
3139
4945
783
2724
2781
3139
-1
4966
-1
883
1185
2704
1081
5746
4521
540
681
1572
1313
2267
2220
-1
25
4669
3418
2602
3910
25
2998
1803
3139
-1
1800
4945
1429
3115
755
1300
4484
2751
586
1254
2251
3139
3943
4843
4705
1304
-1
3003
-1
5028
5062
2196
3139
4864
4507
2615
2455
2196
274
3039
5125
41
2401
3139
4857
3241
-1
1623
4039
924
4332
2233
482
3218
5324
1759
5529
5133
-1
276
1635
1185
242
1193
1528
3162
4629
1982
183
2271
1601
2043
4316
-1
1349
4226
1583
5661
4195
1225
-1
5718
2762
3139
456
3560
3308
1095
66
2196
3924
5669
400
3104
3696
4871
3349
3875
2476
4188
399
881
147
1779
4786
-1
1230
1429
3367
3946
1194
2632
1770
3139
4570
-1
4775
3508
2364
3865
3139
4421
3622
402
4654
2705
2762
1051
425
1632
482
5471
3335
3189
4385
3190
884
5049
5466
5133
3210
2762
5333
2196
3592
18
3333
2569
3003
3139
2196
3833
4209
2196
4652
4273
1705
3003
1480
4221
5203
3797
3822
1475
2504
5107
23
2102
2154
5565
5714
1861
1777
2195
-1
778
2363
2762
3139
41
1504
1658
4975
-1
1504
4621
310
1842
1280
3308
3466
3162
5333
4783
1814
3581
1798
4576
2024
4998
1601
195
1508
195
1468
4181
2424
1096
2652
2958
3139
1161
-1
4108
482
3821
4470
1185
1468
2630
3115
285
5114
3139
4444
3139
-1
-1
3943
687
2383
3139
1056
1453
810
5472
1193
3308
542
967
4992
3139
284
41
2204
540
5100
25
717
-1
2200
3139
5405
3621
2687
2098
3139
2196
5521
4385
4175
3623
2096
-1
3003
3730
5133
2422
4356
4702
5015
303
1742
2892
5671
883
4521
4890
716
1487
2002
869
147
261
2724
3707
4919
2762
2776
2196
3062
2191
3384
1750
3041
3056
3139
1398
5062
5587
5049
2760
254
4966
1805
810
2826
5269
912
-1
195
1504
5425
3139
453
-1
566
-1
1583
2082
834
5344
746
3136
-1
4493
4957
3139
2122
2285
3800
1793
3682
-1
3507
1231
-1
2724
2762
208
4652
2619
5133
4713
-1
2038
482
1168
2196
4385
833
4142
1210
3947
1831
275
-1
2326
422
3365
3136
1298
-1
99
425
4771
3110
931
3139
5587
-1
5021
4007
5497
5402
1780
1033
3139
1405
3046
2508
2521
2200
501
2689
262
364
4654
5743
-1
-1
157
5475
3676
5049
3378
681
2196
3139
92
3177
3139
834
1057
-1
2985
5402
4431
1334
2390
3645
3308
1482
2453
2703
2285
1078
5085
407
428
4707
5683
5213
1497
960
4373
3820
4158
308
3696
1063
3676
4949
5576
1414
3139
3621
2776
3240
1800
2196
3696
1874
833
1849
787
2554
19
3763
5638
2619
3400
4555
3107
-1
1130
425
1206
-1
-1
746
2998
3139
2762
1793
127
1290
5222
4966
2196
2085
1054
4998
3440
2420
1829
-1
923
5172
425
975
3097
1813
1298
4393
687
3113
3946
-1
3046
1054
4564
1861
2825
391
284
1188
4238
3601
1339
196
896
-1
2066
2749
4373
799
2085
5402
1401
5641
3139
3833
4771
-1
2137
5064
1429
3595
5742
372
5414
-1
482
5551
5671
2066
25
1330
3997
2196
2122
1480
4418
4654
1429
2934
3986
2756
1183
1652
3139
3382
5695
432
2326
594
1850
4039
810
539
1939
2250
4039
1583
4226
923
3139
5385
5408
4733
4348
4763
3696
5028
4761
494
3139
4945
1307
3678
1925
4877
508
1530
5731
2124
4770
3944
-1
1298
2462
4998
418
141
-1
3315
-1
2196
5208
2842
5061
1178
425
4360
3139
3770
2762
2196
2196
-1
2135
5402
3139
4188
630
1619
3895
3139
456
4039
4719
-1
3308
3308
4039
2122
3592
5021
3139
25
3923
487
5616
-1
5061
1405
3308
2285
2196
834
4039
1095
3427
4744
4462
5200
2200
-1
2830
5128
4954
5497
1298
1044
1241
425
3946
1353
2987
1480
3396
5587
482
1630
3139
1384
3331
2489
540
-1
4591
1861
3139
1465
3139
2200
2876
3139
1462
1725
1572
3139
5611
1429
3015
4185
4544
3528
5402
425
3139
3000
5466
3308
82
1429
-1
110
4287
5424
450
3943
3139
4000
541
4647
4240
3591
2531
1238
489
5483
4995
425
-1
1636
4118
648
3139
3039
2578
4250
5616
-1
2146
4253
4890
1167
258
2008
1675
4735
747
2724
4431
4004
1465
5061
1904
4825
25
872
4777
3139
3139
1168
1349
5402
4949
2196
2170
746
4212
4455
1285
2746
883
594
3139
1835
4974
2619
243
62
4638
4890
5219
4294
4397
4713
2285
4014
5195
1772
556
2543
971
4447
1307
4884
3192
482
3240
4110
1313
2376
5587
3136
1823
4999
4718
1339
4720
4534
-1
1254
3991
2857
485
5443
4142
3028
4032
3139
2678
3003
2285
4287
5062
4615
2084
54
1793
5706
1178
457
5200
630
519
425
-1
3115
5408
4193
1354
1468
2632
2122
4945
4771
1601
3139
3838
1016
482
1044
5475
4771
2493
1405
1044
-1
3139
425
-1
-1
1588
4226
5402
2462
3139
1429
-1
3651
-1
540
-1
5587
252
-1
4785
2349
2196
147
3222
2196
4518
5074
3506
1498
5433
195
3513
147
3522
1073
2462
923
3496
3676
3222
3000
3999
2760
482
1699
1391
1635
3592
3311
4004
3139
4502
4378
2263
195
1608
1598
1858
1095
1307
3139
127
1313
3071
1042
5420
2666
4210
4763
4266
5402
3139
2911
4669
5547
639
2770
1030
4004
5387
595
5583
2200
3623
2762
1616
1153
5576
5576
1280
4890
-1
2102
5276
642
967
4499
1452
5731
25
2762
3537
227
1429
3051
2233
5062
4354
4153
1372
3308
2565
2122
3139
2412
639
4720
785
5123
1858
1101
-1
3283
2299
3139
3621
3308
3062
4597
2867
-1
1452
3039
3996
2439
3768
2809
4788
391
2308
2196
1865
-1
1095
5402
425
3139
3554
2665
3003
1699
935
3125
3154
2164
630
2326
3139
1405
5475
2826
-1
1493
275
3139
5022
5202
3139
5068
1155
1720
229
5538
4720
4142
2301
2326
5706
4711
1601
4074
2285
3595
5028
1405
1028
482
3093
2825
1381
3781
2754
1589
5576
2285
319
-1
2285
1619
3139
1186
2200
2459
2200
3308
4966
834
666
1805
4181
1095
3621
2843
3244
482
1601
1964
3838
3000
5145
5062
5618
5119
1676
3139
2320
5587
9
3139
2615
3139
5497
1298
425
2196
414
993
57
1095
1269
1138
1286
3046
5223
3308
5587
1201
1756
954
255
4048
470
41
3682
1578
2762
2439
1619
2196
2615
2961
425
2619
3139
1722
2196
1646
5695
3918
3788
1313
1201
5348
-1
2664
2038
482
3139
4718
2839
25
1468
414
823
2746
5714
195
4226
1429
-1
16
2421
2200
2122
1426
3485
3859
5259
3400
4004
2390
3139
4123
4444
1468
1476
-1
1493
242
1465
3943
1152
99
5402
1793
1787
1606
1284
2462
1465
4332
5370
3139
3240
196
583
1638
1598
5650
2878
4947
4900
4992
1036
1468
3870
1044
261
4509
254
-1
1978
563
474
1313
227
185
1230
1402
2023
2124
1307
4669
4975
482
1126
482
2998
3139
2189
2689
-1
195
2333
1044
3139
4878
-1
3139
4718
5218
3137
3427
1465
2615
2724
5195
2333
4718
3676
5268
2200
2196
1480
2038
3139
1749
4986
91
5497
1285
4603
3139
1802
400
2524
5232
2619
3139
2923
2698
-1
2018
199
425
590
5271
1674
4620
3994
2196
2328
-1
3283
3378
1709
5264
1167
2924
185
3468
2792
-1
-1
-1
599
3268
425
5499
456
556
3139
2396
2884
-1
1516
-1
5117
5700
833
5384
16
3240
5437
4771
651
2189
3904
5022
5049
3519
1475
739
4629
2762
2882
62
5587
1307
4836
4969
-1
1475
4032
-1
4162
3139
2825
1273
5652
2762
5267
2497
2285
-1
1888
2584
1453
1298
4720
617
1955
1493
-1
3139
4776
5426
4771
2662
15
5010
3657
-1
3091
4945
249
489
3461
1551
1429
834
-1
147
4158
642
2837
367
3291
4356
2285
4513
2495
3057
1546
1781
5695
4040
3041
2813
4004
561
5477
1313
2354
5178
5402
4142
5187
2200
1112
1601
425
773
2042
1193
2817
3684
4218
228
3641
1925
444
3078
4945
776
425
1659
5335
1298
3467
540
1193
2154
5587
2196
-1
4255
3095
4975
3621
1337
700
1793
5402
1636
1692
2724
2574
482
2146
4484
835
4004
-1
-1
3139
937
1699
4121
4815
4195
3308
3226
62
1219
1313
4949
1152
3996
3129
5087
1475
5384
4255
3303
4570
3139
3641
4738
2657
3651
2825
957
785
2016
1452
963
1298
3139
3396
2390
425
1907
4373
3139
4891
4742
5743
3997
1379
1160
1298
3729
25
195
785
4007
3162
4923
763
1448
1339
5565
1699
177
-1
2146
2763
241
-1
2345
1636
670
5547
-1
739
1087
2196
2320
25
3028
3711
1204
5497
4089
4998
4287
-1
4907
2958
4488
3931
-1
4992
5491
4000
540
4039
5313
5472
1452
2169
2615
5384
2005
3822
3621
2516
-1
3622
425
5215
2285
4332
5402
5733
25
5034
234
3847
5611
4032
227
540
425
1606
4647
1511
482
-1
3139
876
1210
5402
5293
2196
2189
1429
1681
923
2285
2333
53
3543
2360
5664
3139
2101
645
5571
4509
-1
2396
3162
1609
4654
460
1829
3595
1613
3139
3139
3308
583
5499
2643
2196
4602
5497
615
1498
3107
5271
3139
3772
2195
1601
681
1981
276
2516
5397
1185
3139
890
3400
1750
4429
1470
1071
4250
25
5028
1601
450
3139
25
5673
3676
3525
3621
3139
5100
1052
5387
5077
2505
4188
853
4039
1097
2552
4332
3835
2285
2333
5052
4884
4142
589
3139
1115
2619
4158
4298
4053
4513
4317
158
1583
5654
5505
2762
1010
4555
2911
2285
1583
2331
2285
1019
25
425
3269
2989
4871
2476
823
4484
5587
1640
1411
452
4647
3302
2762
4107
2350
4772
3630
2003
275
15
5269
2333
4025
5062
4747
2813
5362
4678
2619
1888
3139
3139
5731
2390
3139
3544
3833
1019
3139
3641
343
5022
3248
3904
2531
258
834
2241
5558
3139
2146
1759
450
3943
5571
3285
-1
2754
4497
835
2196
814
4877
3768
384
4226
3139
2196
515
961
623
195
3139
4884
1429
2196
1793
1298
4060
2895
1814
1042
-1
90
3764
2548
2164
3046
3139
425
5254
4484
425
4647
3269
446
2196
425
-1
5338
1429
2734
1699
5576
3853
3226
3308
2196
5085
4225
5466
1493
4531
637
1313
1429
2349
425
1012
3139
4910
4293
644
2828
2172
4617
-1
4287
5530
4431
3139
1601
227
3262
2825
1475
5101
5077
1750
-1
3164
4396
-1
4004
3139
2245
-1
1998
852
4890
4647
2406
690
4291
227
3296
2632
-1
-1
2747
1482
1234
3308
5591
1636
227
4720
1300
2463
1847
5162
196
5402
3540
1335
3139
3139
3369
-1
2919
1307
5709
3385
4151
4181
293
957
16
1825
482
1245
1522
3171
4240
-1
2200
41
2712
5431
1493
3497
4509
1313
590
2615
53
2619
3845
5677
2813
4039
1611
1237
3139
-1
425
4615
1899
452
4053
425
1475
5533
526
1036
4713
2383
1583
5049
3139
4004
3456
5062
1480
142
3591
1504
2882
3046
5671
142
3139
4878
1294
3308
1650
2441
3581
5232
4181
-1
4771
1588
2383
3832
3139
5469
-1
2321
-1
348
1496
2285
2189
5503
4071
4213
3499
-1
2269
2351
2233
973
3432
3969
3015
-1
102
1833
1300
-1
3051
1800
5225
1611
3046
5614
4240
3399
5179
-1
2856
695
3803
1095
1210
2242
-1
1838
425
1230
1821
16
3467
1313
25
5648
2499
628
1307
3985
4123
922
2030
4876
4298
3595
3856
147
1699
427
3139
2207
4507
2695
1800
938
2146
1505
4371
5402
630
4720
285
1201
2965
494
3390
4772
16
1793
1307
2630
3838
1601
844
1044
5062
3994
-1
1988
4150
2200
1793
2615
3930
5062
879
5320
680
4689
5384
38
853
-1
4787
2919
2456
2595
2185
1407
1326
957
3238
3672
3994
875
3491
5558
2787
3317
494
3057
4548
3027
1650
3412
25
548
25
4771
2691
4004
25
3139
2901
1601
3165
5396
4158
1821
4497
3308
3139
4713
2320
4669
88
4730
1756
2674
3427
3308
-1
5402
5402
3707
2200
3581
2082
-1
1468
2327
482
4021
2848
4143
1181
351
641
16
2565
3139
4226
4815
4039
747
2590
3240
2200
1160
-1
1298
4884
1405
2769
4158
1244
2082
5355
2439
3904
586
1405
4764
4274
957
82
1313
1300
2023
486
2196
275
3137
4993
3711
5714
1864
1583
3422
1379
3139
1206
3139
475
1045
4403
391
2838
450
-1
722
25
2724
2671
993
1280
2345
3139
3139
1019
1722
348
1405
5362
3000
2227
2059
-1
594
-1
-1
1805
1313
2084
1619
-1
4039
3139
1681
482
2603
5210
1240
2531
2440
4993
2255
2196
-1
4713
2689
259
4482
1429
4039
1504
-1
2724
3008
4945
4638
2376
3017
3115
978
3730
-1
5254
2280
4841
2200
288
5062
5336
3584
3139
5132
1354
1764
4067
2070
1961
3800
4814
-1
630
2243
3139
3711
4966
3308
1583
703
4394
3048
4336
4563
1178
3025
4548
5642
1313
1313
548
5073
425
5062
160
5502
4539
975
825
-1
2689
3066
2153
2390
4431
3139
4763
844
4771
2195
1269
122
5710
4158
2122
5062
2852
1465
1003
-1
2613
193
425
3139
2462
-1
5671
4846
1843
-1
4082
3174
1452
5271
957
4107
2292
2788
177
10
1722
-1
1201
-1
1307
5207
3157
3139
787
4304
3621
2950
1138
1315
540
3113
1054
4792
432
196
2285
1670
2285
425
2153
425
1744
4039
3113
-1
3041
4682
4232
1681
5497
-1
227
-1
2615
3139
77
787
594
1429
1185
2685
2363
5086
4813
2558
3540
2066
3071
16
427
5062
1549
1513
1452
1827
3842
594
2196
5706
4728
1405
2420
497
5335
4287
-1
3506
-1
425
1152
4039
4598
3916
5706
4959
4571
1427
3139
227
835
227
5080
540
5402
3005
2764
34
2882
4438
923
4898
1303
36
4654
-1
1781
1601
5417
3696
4611
3672
4039
697
-1
3160
4718
4039
4648
1095
2795
3737
1493
4329
468
1586
1861
-1
3800
4576
3946
3623
1699
594
4373
1307
2439
1848
227
2084
391
2882
3139
1117
5440
5616
5587
4633
1601
1016
3875
5062
425
1410
1429
1661
1945
4092
425
4718
740
425
1113
4571
2724
-1
2146
509
934
3139
4929
1480
295
4847
404
1670
3838
576
5049
1269
5650
4788
3139
4718
1330
4295
425
2019
4000
2919
5271
1551
2196
1405
3214
4966
884
5732
1776
4663
2383
482
1452
3682
3576
1298
3165
3730
1164
2042
-1
2463
4469
1044
548
4078
4154
3057
-1
2196
2760
1269
3590
5462
2762
3003
3621
2350
425
3768
1793
3844
3139
4019
1931
3789
2196
1918
2196
1178
4647
2285
2195
4945
147
590
-1
4996
482
4287
4185
4497
1552
5213
4028
-1
2040
714
-1
2196
3139
606
2619
738
-1
1016
5384
3336
947
338
1583
3139
3139
1727
2994
25
3800
4836
4605
2383
3875
275
1573
2314
4820
3777
2785
25
25
5128
2363
5712
2248
2195
5062
-1
1737
2053
2517
2410
2680
25
-1
4987
1095
2285
811
1349
1793
5062
1210
614
482
285
3003
3980
2196
4651
3875
227
4231
4240
5382
1222
1307
5551
1814
2364
4975
1468
1298
4966
3887
-1
583
4507
3869
584
-1
2697
3160
1405
3987
3448
482
630
4008
3003
4181
5402
5671
3580
92
-1
2037
5119
4718
2206
2193
2089
4255
4028
833
4771
1267
2440
3139
3467
4784
-1
5402
2153
2545
5062
4978
3663
4373
4039
4598
4534
3139
585
882
177
280
3139
3139
3838
2153
-1
4000
3073
3875
4298
-1
2702
540
2306
4944
1681
1003
4841
1429
2825
1632
1215
1084
524
-1
2364
4264
1846
427
3139
-1
2526
2385
2160
2179
391
5734
4520
2669
4906
-1
4332
4992
2895
157
3046
1625
1699
3636
2333
5497
3139
3139
5304
2850
3621
2196
5102
524
2154
1315
1429
-1
5378
1468
2196
1307
4914
3139
3057
560
5426
-1
3862
4383
2033
657
2998
1588
195
687
-1
2189
4890
-1
1722
276
3838
5695
526
1890
1298
2233
2016
3308
4908
2596
4665
3139
804
1466
2762
-1
4790
4788
852
5172
2376
3139
2918
25
4225
4763
-1
1313
3139
3139
2876
1184
2876
156
4463
2196
628
1498
1206
3139
3506
2864
3139
1493
5228
3002
209
3662
2031
2385
5015
2505
1230
4884
5262
3489
-1
510
3139
4188
938
2200
3000
2285
227
1612
4840
2200
-1
5731
2671
1230
3615
1670
719
5671
3996
3949
5384
2420
320
1699
804
3825
2288
1115
3707
2722
597
1429
255
651
-1
2830
-1
915
1044
1951
2285
2785
1661
223
252
1407
3139
1054
1168
2196
2173
1148
1941
4718
5049
875
1793
1460
3139
5077
-1
-1
2153
1215
2196
54
4890
3129
5277
53
3573
1300
4468
4226
1304
4393
5183
1465
3582
5547
1619
4944
4482
25
3139
425
1800
5384
5087
5587
4945
425
3800
1185
425
5028
785
2185
5291
1288
5105
3139
1072
1480
2958
5694
3641
1636
3412
2082
220
5227
4888
4771
3676
5402
791
2280
1623
425
5621
5269
4522
846
2619
2615
-1
2196
399
1630
1680
1546
5022
5643
3308
3360
1504
1283
2615
5587
147
1307
1814
1792
5677
269
3037
4604
2462
4158
3641
1800
5082
1313
-1
16
5441
62
542
2339
785
3139
5178
1546
3139
3342
776
4993
867
18
4808
3418
3676
1821
1653
1608
425
1061
4158
2320
1044
3139
528
-1
116
602
5155
2057
25
1793
4718
-1
-1
5271
3308
1168
1823
2146
6
3703
5191
5671
251
1493
5213
5402
5477
468
883
88
5031
3315
3933
51
2825
4945
384
-1
1809
1800
4792
1636
3139
3538
2135
5013
3255
4332
689
4771
-1
929
-1
1307
4787
2285
24
5587
1504
4621
3808
277
3069
2196
542
893
2200
3696
1928
2516
241
3869
2196
5195
4274
2333
-1
3730
2762
2615
-1
2866
4088
4828
2967
1588
1468
3041
1870
1680
3875
562
2651
702
5172
5402
808
1417
2716
4995
5162
-1
2505
1178
630
1650
284
5722
2285
4856
2196
3479
1418
1922
348
3888
2120
4092
2821
1635
4064
1190
-1
4185
5109
5062
2171
3621
3039
-1
1016
593
3032
-1
5533
1283
2762
2196
3721
5122
4440
1601
4057
2511
4890
1470
4000
3256
3139
1095
3242
2164
475
568
3879
350
2876
2937
2902
5062
-1
572
4884
594
2196
5471
195
2548
1016
3864
-1
4836
1601
3435
5285
1631
4993
2738
4332
1761
5399
4931
594
4975
1307
3752
1019
3583
3996
5280
4270
-1
1575
2148
41
4373
934
2374
1842
2328
3139
-1
3694
4812
3573
5609
1906
-1
2838
1914
5062
1307
5646
5729
4371
2774
-1
2124
2619
1429
195
3985
2200
34
5530
4507
2196
4746
960
1727
25
1206
242
537
1568
1601
4969
1185
766
1288
3308
4891
1012
3139
2718
3037
227
3139
3621
3139
5433
2420
687
-1
1650
-1
1354
979
5431
2285
102
4890
2697
4497
5170
722
1945
-1
425
654
-1
3499
2371
391
5062
458
5174
-1
3044
1914
4994
2196
2414
96
1636
425
3735
2349
1429
-1
-1
1468
1100
2994
5064
4657
2016
5156
3889
3240
2467
1407
3111
4125
2420
1588
628
5446
2746
475
515
2196
1168
1931
3113
5419
3980
5742
890
3139
2326
4853
1468
1300
1230
5402
3760
5099
713
2884
1809
1402
540
2016
425
1185
387
1601
5049
3139
5132
5133
751
814
5587
5028
5491
2713
4513
5362
-1
1661
1733
425
630
2462
5037
5521
290
1588
4763
2066
1405
4039
5082
251
5688
3396
2364
1184
1116
1288
25
-1
2196
-1
380
2476
4181
-1
3129
425
3139
5587
5412
5472
594
1681
2619
-1
4945
4966
-1
1601
5402
2349
2196
5402
1119
3139
2200
479
3934
-1
25
5232
3139
3696
5491
2127
3260
3139
875
2269
4998
3073
3139
4950
4436
2326
500
607
301
-1
3215
3037
3258
1647
2854
1349
2189
4351
5077
3686
-1
718
3308
3392
2135
5587
796
4153
797
1157
5362
3461
1286
-1
2396
3220
5082
594
-1
5471
1793
3676
2460
1178
4484
-1
5133
960
-1
4978
2295
4015
4192
4945
5714
1115
1475
630
2196
2934
5340
2285
1044
425
2285
5062
3887
1354
1405
293
2691
4645
3761
2383
147
4966
1392
1695
834
1692
1601
4756
1650
1448
425
5714
-1
53
1794
3287
5198
1452
5062
1201
223
5062
2122
2146
4438
632
5473
1405
1116
3139
3432
2809
117
1309
1044
5330
4945
2286
3139
4884
4541
5122
5235
2164
4280
2196
5022
5195
482
3718
3139
2285
2153
2153
1185
1313
3072
2196
3089
5187
632
4878
2196
1546
3751
4257
5442
-1
3735
5049
540
2200
3162
2206
1016
3139
5408
3139
1496
4484
5419
746
1405
3323
548
4763
5402
3753
1570
1315
2285
5064
5402
25
482
3139
2350
654
2619
5062
3378
5731
1185
3139
3139
4382
1061
1459
1210
2710
2067
2196
3401
3139
2122
4598
3249
2383
2863
482
3946
630
2259
25
5071
4745
5497
4437
5049
-1
5739
147
5587
1465
5419
1872
785
25
25
2615
951
249
3139
1003
5433
2195
25
833
4005
1524
3139
2122
4226
845
-1
4598
2189
2196
-1
5062
4130
5362
1945
1219
4825
923
5518
1897
1315
2200
3474
1016
3139
147
787
1650
427
1465
4032
2196
2285
5062
1185
3308
1556
4833
3139
706
5254
5030
3500
3308
3139
425
1054
425
425
428
5419
1122
2490
2396
1331
928
1468
1210
474
2269
3139
5744
2245
3194
-1
1968
1824
633
2383
2685
4621
1405
127
5111
3139
1307
1219
1853
227
5085
1601
4763
-1
936
636
425
-1
4771
5369
425
3980
-1
2283
2860
4966
4665
2504
5587
1359
1465
2285
5710
1036
3507
5062
1098
275
2374
590
3003
-1
2190
3833
1298
583
1460
3826
1465
4123
1157
2750
2200
4035
-1
1452
258
422
227
3725
5074
4771
3065
25
1166
5260
2383
144
-1
2615
4158
2198
884
1429
5491
2376
4158
5000
-1
2016
-1
3240
1307
2287
3347
4289
5356
1095
1019
2196
-1
2619
1095
3675
5334
1380
2864
3470
1661
4926
2364
2390
3931
1157
-1
5045
3072
3139
3429
1044
5419
-1
1108
3139
2474
4902
1206
2444
4048
4949
2569
1429
1283
5062
-1
2016
5133
2156
195
1468
3946
1601
3139
2890
4890
-1
4482
1044
4196
4188
590
1178
3507
2160
4602
2700
455
303
3407
5254
25
2879
2762
2326
1777
3983
1339
-1
25
4999
4142
3487
4975
2876
-1
1533
3139
3139
2088
1653
2196
1405
5346
4966
5410
-1
695
3732
25
4896
1475
923
-1
-1
1405
324
1468
1992
4993
3139
3399
3139
2619
2122
2164
689
2475
4328
5000
1815
2971
2146
409
-1
2882
4598
3410
2605
5562
1210
1429
2724
4497
-1
4039
485
489
5062
1405
5744
-1
2781
2515
2285
1618
2285
5238
-1
5562
4903
4039
3325
823
5297
4665
482
5028
325
823
4142
3139
923
1452
3357
185
1160
16
1588
5112
2762
4158
739
4884
4311
1307
1465
2052
5747
2145
4945
755
4998
4836
1044
5232
4966
4975
1298
2762
4311
3943
-1
-1
1636
1425
4771
4999
5402
4720
1898
5402
4123
5402
3139
-1
4624
4000
-1
156
425
482
579
2762
425
288
554
3139
3139
3621
785
157
3240
5402
4718
4598
5706
5021
4704
3796
1601
541
1307
3363
3966
-1
177
4658
3449
482
3308
1928
3593
1126
1210
5402
1303
3139
3427
482
5587
4771
4039
411
-1
3136
1945
5051
1930
1429
1640
3315
-1
1601
4167
1405
4047
1681
2882
5429
859
-1
2196
4373
4219
2629
5362
5146
2285
3139
4238
4420
2285
3162
1206
4371
2196
4255
4497
1699
5554
25
5543
5651
2060
4282
1793
1300
4098
5419
1183
408
4718
3238
2146
425
1465
-1
2762
1339
1230
2189
1126
25
5402
2016
3838
4619
-1
3676
3139
4842
2693
2122
3035
5058
5226
3139
543
2953
1722
2285
4763
1061
719
4497
5611
3602
2404
3470
-1
2093
3139
3223
5077
3046
3676
937
1160
1520
263
3034
446
4298
3838
5511
4616
2615
746
1307
1506
5527
4315
1313
1478
5700
2630
1521
1299
834
5402
4564
5124
810
4471
5589
-1
3066
291
1493
727
18
494
425
1753
4226
2649
4331
504
2692
25
1021
1509
2989
2196
985
-1
195
1255
5402
3528
2998
3139
3139
3830
3308
3324
4480
4615
2285
-1
-1
-1
425
1789
1044
475
1310
2196
-1
1307
5203
2196
5499
2285
3373
5402
1153
2290
850
2321
485
2164
1054
547
2153
5538
2751
1422
3682
1300
303
177
-1
1699
3810
2435
1465
1800
4431
5402
884
5402
4975
630
138
5284
5114
425
4332
1359
1699
1815
5384
4884
4021
4966
2462
4836
1307
1307
1079
2122
1307
4382
2844
4125
3139
289
1204
4039
549
5319
320
482
3871
3139
787
1044
4966
2724
4890
425
5049
4371
1591
-1
3308
2396
4039
3139
4399
1288
3139
258
5693
4039
1598
2294
3139
2084
583
425
2364
5254
5696
3904
4355
4492
1945
1219
4654
5490
-1
1703
804
2038
4074
3139
2750
3433
5062
3055
4095
2122
5402
882
3838
3480
3490
4997
3139
716
4158
3676
4255
1598
5442
3000
3139
593
2360
695
5473
1003
25
2185
5062
3638
1852
4712
1796
-1
2196
1889
5313
2393
5612
5278
2269
3528
1601
3139
-1
3164
425
1429
1298
4890
1224
5384
3724
400
485
778
2160
5507
3165
5062
2146
1776
2703
391
3592
3363
2809
4771
3139
5077
366
526
5093
3496
5706
516
4598
2824
4097
5081
4295
54
630
3136
3139
466
4039
583
2716
4733
1842
1300
1452
4311
1101
2922
-1
4874
1339
3139
391
753
303
3687
3779
3139
2762
1902
3432
-1
4847
1482
1922
4007
1160
2825
4142
3308
4309
4335
2955
3970
400
1709
5384
1517
5238
2196
2811
25
5402
1168
3139
-1
2476
4871
5359
5273
350
4290
1346
2200
2146
3139
293
470
3197
4966
5402
-1
3139
763
3350
323
5165
2771
3875
5402
425
4966
127
4073
3847
329
66
5334
807
4045
3003
2196
443
4785
3187
4148
4787
-1
3682
3682
25
1341
5595
2748
4226
482
2762
450
5155
5472
-1
1452
4544
-1
2591
1044
2396
-1
3139
211
1860
156
432
3139
324
719
3406
1583
1077
2567
3641
4945
1452
-1
-1
2582
2396
25
1269
3515
-1
4718
1796
5269
916
-1
5254
3139
561
2825
5686
5733
4792
4298
1152
3139
2882
3754
-1
3146
3610
3449
5249
5155
360
2665
-1
4507
-1
4777
-1
2724
425
4411
1056
5744
4285
4267
1159
-1
315
3931
4969
-1
3139
4978
4945
4497
25
3139
3725
5191
482
526
1307
2122
3682
2285
143
475
1427
1315
3139
4252
3650
3066
3139
5671
2564
1273
2575
1829
4771
1452
4927
521
5335
3139
2333
-1
4949
5033
425
3188
4096
1429
932
2217
3139
4144
1307
1429
5653
425
4852
3857
1969
1654
676
5712
5077
2200
1640
4925
2249
5613
5402
4330
3912
-1
1945
3139
3502
1015
5714
5062
1277
5497
4197
1427
630
5402
4777
2489
2639
-1
-1
223
650
3725
2882
3761
3308
785
3847
229
1157
3139
5511
1570
-1
1354
5694
5587
-1
2053
4072
3294
2355
1083
507
3317
4720
1692
1086
227
5576
4115
3847
2567
823
3072
4238
411
3139
1588
5461
5111
3225
3139
4111
3726
1307
1482
5221
4158
647
-1
3139
-1
5566
5499
2504
3552
91
5402
1185
425
3039
-1
3139
4966
25
4158
4482
1688
4871
1036
5087
258
3139
3139
1405
4128
-1
3337
2440
3215
2196
1119
3067
5621
5011
4792
1101
1405
2450
1707
25
3816
1223
195
4226
3744
3621
3966
3139
4043
1116
3139
4890
3139
5566
3139
1254
2393
2196
4039
5247
1611
1902
5595
4406
1583
2016
1298
2619
1405
628
2390
1215
2893
4039
123
5073
1298
2714
4038
3696
5062
3222
25
3240
2385
92
2950
5687
1583
3396
5412
2376
482
3139
3139
5402
378
823
5271
4189
3139
1195
5003
1157
467
1081
-1
5706
1300
4584
2781
2339
3842
16
3139
1598
3003
4920
196
5582
4912
5742
2838
4642
2435
4784
127
3052
-1
5560
3533
3135
3139
4431
3676
5402
195
2195
1738
3581
3930
3354
2196
5264
5448
2724
923
4226
1155
4788
3525
5254
784
1451
5077
4444
4156
2835
5062
5087
4431
3139
2156
1307
1529
3139
1115
1583
5505
707
3879
3139
1493
2374
4039
1307
4615
3422
3943
2682
2200
2196
1427
147
5096
5384
-1
425
5247
482
4042
1583
2813
4264
53
5340
5645
1283
1138
5402
5544
5421
3308
367
3738
5094
4796
354
1161
1546
3015
504
4300
540
2135
4263
2619
1108
5062
2863
3592
5003
4384
4945
3139
3496
195
630
5587
5387
4723
3241
787
2196
1465
425
1619
787
-1
-1
4992
3800
1298
1914
1048
448
1016
1630
1017
5547
307
1581
3367
304
25
25
345
5021
2619
2548
3162
25
-1
3985
2829
548
4128
-1
1354
4093
5049
448
1945
5687
3003
3127
556
1117
3308
852
1444
2381
3422
5340
3676
3057
4315
2064
4226
5402
4998
138
175
1016
3139
4181
4598
-1
951
3702
2635
2196
482
2762
2724
132
527
4571
3072
988
425
2754
5402
4270
5513
5022
3621
16
2959
-1
1429
5491
482
1830
540
1699
3139
785
938
3676
3139
536
5156
5465
3975
1183
5062
4771
3634
1945
3994
5576
1931
3329
3781
526
1814
5094
3404
79
2380
5062
687
3496
425
4570
4030
4039
1313
4330
293
2196
1342
1501
1816
314
3470
425
2237
3955
5497
4652
297
4878
425
3707
460
190
1780
5402
1523
450
2183
5497
4471
2813
41
4643
3889
787
3322
5671
4014
5362
3748
2290
5062
4983
5271
2196
4995
3382
5472
871
177
-1
-1
5323
720
2840
25
3621
5235
5162
-1
4647
1465
593
456
1079
2196
3875
425
5381
5402
2146
227
1831
2097
1119
425
227
4469
4740
3240
-1
2148
2951
3387
4226
5176
3485
-1
2987
4944
1480
1016
787
1579
5583
5287
1005
1493
2561
1101
5340
4482
553
3553
378
3393
590
5212
4720
494
2160
3066
5271
5477
2310
2333
2724
1830
-1
5563
660
1116
937
3160
3139
4771
2196
4142
3040
2135
2762
1976
1814
3139
594
2146
832
5642
3087
1438
3279
195
1012
1116
4048
4571
1101
3875
1238
-1
3072
1027
4511
4802
10
1429
1983
785
2630
3115
3980
-1
2196
4082
2285
2285
3139
5419
438
5695
1815
4978
886
4039
5062
2911
-1
4270
4890
3139
395
-1
4034
548
1829
2205
3682
356
3320
923
2122
5304
4250
1408
1044
4256
4975
2845
4158
632
3139
3139
923
5402
51
3810
3000
3676
5695
4337
3696
2120
2615
4039
1339
5499
3768
5062
224
2164
5149
1335
2269
2196
1722
3820
5402
2396
2882
3308
4020
3776
5123
2662
258
5558
4371
400
923
1462
4142
4332
4396
4000
425
2285
2660
3139
3570
5003
1692
5337
-1
1784
3164
1016
540
2257
1635
1797
2269
1215
2388
4255
4340
2382
2476
5062
1259
1230
5271
3072
2164
1229
3433
1750
4064
3139
739
4630
-1
348
5735
2098
3219
4311
5504
4188
4158
746
222
2861
769
3139
2825
1601
1245
5518
411
5210
385
3139
2196
4007
275
5093
850
-1
3139
3604
-1
1636
1116
3676
-1
1504
4276
2196
1640
2196
4158
605
41
2146
5190
482
5622
3162
5402
2971
2652
3682
1313
1177
5508
3628
2164
3306
3139
1650
2473
894
4188
4865
3139
594
-1
4147
1016
5574
3139
1354
1429
5402
2215
-1
4890
425
4890
5521
2285
2669
2320
2122
1480
5414
5304
1776
3639
4200
645
1606
2228
539
3139
354
2385
3185
2196
4053
2122
3830
4966
5587
-1
5711
5747
2652
4852
233
5050
5627
4985
3308
594
3139
5160
-1
41
3875
1172
3139
1504
5426
4875
1362
4264
1791
2465
1307
3139
3450
2196
1307
5402
1887
5062
2196
4038
5576
5318
3085
187
1429
3139
997
5468
1042
2531
3139
2830
425
2269
3139
2196
623
3139
5133
3761
4945
3080
1054
425
1095
5491
1185
2813
396
2314
-1
4039
4561
1622
3569
2724
4188
1101
5402
2724
4048
1206
2196
1725
3139
4654
5414
911
1044
4720
452
425
5062
5434
66
1821
5574
1621
5594
4039
-1
1583
4385
1226
5188
2423
2754
425
5062
2813
2165
444
811
993
4226
5083
4494
3139
233
2462
3770
590
1297
3682
2762
789
1095
583
1307
425
4226
132
1230
1647
1172
2419
2196
3139
4313
3139
1297
1937
3598
1405
304
3395
3274
639
651
4380
835
2045
987
1699
25
2462
2148
2396
4792
5690
5648
3924
3139
3117
2290
1206
4375
2762
425
4188
2223
3781
5508
482
4853
4282
1945
1429
1044
4298
2814
1480
5358
3136
3708
4272
4969
3139
4077
3072
2134
758
1809
2345
167
425
5183
989
275
5320
2396
1297
3894
1760
595
4459
2476
369
1583
2093
3954
2196
1436
4356
2283
1759
5571
4586
4801
504
4853
4945
1347
3139
3974
425
4720
-1
4941
3113
999
2038
275
2396
1699
1297
4476
1313
5232
2617
5547
4348
2519
3144
2374
5238
2285
4906
2953
1160
2196
716
5133
2986
1016
5271
425
3139
2569
4110
3139
1307
1116
1757
1206
1716
2567
4615
2825
1601
1692
5271
3833
3201
1185
5087
1429
2196
1699
1796
923
3046
1320
2994
674
5187
3139
2196
258
666
4890
-1
2830
4238
1465
2948
1458
5452
2476
2995
3412
-1
18
3880
595
3069
4544
1588
-1
1681
41
5402
4638
411
1958
25
4966
5475
4890
3139
4078
630
5126
1427
2524
1358
4865
1178
2780
2132
4039
-1
3413
4720
3000
5203
3539
1452
4209
542
2349
3621
5065
5271
4543
1433
304
3139
5183
1929
1119
3003
5403
4763
-1
-1
25
1285
2103
3485
482
4497
3054
5172
1303
1601
79
1230
25
5589
5491
3438
3196
5062
-1
5696
491
5183
3510
5560
5475
5191
3003
4615
1664
1465
5408
2326
25
3623
1016
-1
195
5279
-1
5288
2989
1538
432
1054
3139
1016
5238
5482
923
3697
5612
4712
3296
2645
2482
3932
1361
594
3162
3968
2825
2370
1112
1044
3139
1585
1731
4103
2637
598
5384
4975
4418
444
722
2477
1699
1493
-1
-1
261
-1
3701
3139
3255
5669
743
2615
5002
5280
604
2200
4485
1429
3771
5271
4669
1309
958
5508
5062
2338
1119
1786
5587
1699
5031
2762
5114
4371
1313
2445
3238
2196
482
3800
3162
3242
3856
1482
2122
3284
5002
4086
1361
5587
4567
4223
3711
5558
2813
-1
2666
2316
3528
1254
1340
3959
2476
86
195
26
3965
2825
3071
-1
2008
5190
5345
4032
3139
1300
695
3849
3139
824
2135
4158
25
1141
3682
4226
2097
3057
2196
5491
5114
-1
4142
4689
1635
25
5276
4177
1298
3069
5333
993
5402
-1
-1
3766
2390
4727
1211
5140
227
16
2502
5061
5734
2190
164
3308
2895
5472
3790
1095
1796
688
2034
1991
220
4693
1542
5152
392
4495
4431
2911
2196
2055
1769
113
5030
5402
425
3875
5142
5049
4107
2363
2200
1902
1824
5183
3994
923
5497
1781
4966
2285
1347
4853
3139
2717
5512
25
937
3670
2715
304
2978
4280
5094
2021
-1
5714
391
583
2378
3139
2338
1807
5669
4978
2936
4944
3139
2828
2742
1573
2903
1394
-1
1119
432
556
147
1820
494
1178
1673
3139
3139
4438
3484
3238
1583
2164
4854
1253
1452
995
2462
2285
195
-1
5093
2245
2760
2830
547
630
303
1194
-1
1405
3046
5133
2285
3240
-1
2285
5254
3711
-1
-1
1044
1300
3139
1003
1249
3162
2196
583
4974
3139
2375
127
1269
1307
5520
-1
787
3485
4945
1269
1044
921
297
2505
-1
1167
5287
4712
4039
2195
5402
2285
3696
4631
425
5524
4149
4200
2802
5566
227
1019
3682
4777
4720
147
2338
5107
3269
2617
4049
1269
2864
5551
3139
25
3139
5075
5402
4586
2798
2212
1269
3139
3139
1178
4438
482
5271
4012
4332
4497
3676
5713
25
2691
87
4222
3139
41
3160
4438
2196
2243
3008
1206
5445
25
2735
5384
2724
654
1468
1546
2825
-1
1601
4772
3994
127
285
3139
3155
-1
2619
4772
1482
4158
1414
3676
3308
2724
1958
922
5062
5061
5181
1178
1313
5491
4900
3139
5402
1681
1459
1139
1867
595
2113
3139
3650
2965
1083
5133
5497
2463
-1
3139
1044
2762
5205
53
2930
3139
785
1619
25
5675
1818
630
2146
2476
5699
2531
10
4992
425
967
2462
4689
4689
1945
548
3317
4444
1046
5050
3879
2724
1119
1269
3139
3897
583
5190
296
2164
5587
4188
4880
3874
1588
1001
3323
2160
2285
4855
3139
25
1480
1722
3996
425
3628
3139
1677
4874
1583
5085
4685
882
2762
5009
-1
5042
4598
2146
110
2383
3139
4015
4972
1032
4226
1798
494
2092
3139
4993
5497
106
3623
1338
1071
425
1463
960
4771
-1
1650
739
5510
842
5466
2679
-1
1313
5561
-1
2691
3798
3966
1298
2768
4929
508
833
513
2347
5574
792
-1
1352
4161
3043
425
3841
2633
1016
940
3862
1518
632
2008
600
4004
3518
1429
-1
4032
5061
2706
2813
1429
2196
2880
3139
5068
5318
-1
5121
4890
5569
1172
4397
413
1664
1298
622
4222
3503
3470
425
3139
2595
2762
2164
1601
2882
4890
3139
1378
1012
3456
1337
3139
425
3139
2505
3833
524
2146
2196
4984
5424
825
4147
425
-1
4369
1280
4590
3139
2290
1163
3000
735
2167
3139
2882
3273
5085
443
2285
3581
689
2762
5238
1896
2689
5049
2200
514
5236
5402
-1
3999
5402
5115
5657
1405
3139
4348
2754
975
306
3054
4307
3621
2792
1625
2748
227
4763
1617
3191
285
5238
5062
1945
-1
1427
5671
957
2146
5364
3676
425
1402
3236
377
3110
2284
1185
883
1095
1630
-1
3267
4188
469
4158
4517
2127
820
4994
-1
5313
3139
183
2189
4478
630
2285
3712
304
3165
3875
3781
1635
4181
1692
5528
1793
1583
334
3681
1897
3139
4654
937
1681
4127
4986
166
195
3450
3139
1180
5466
823
2830
3725
4669
5457
5003
4564
5073
378
3725
4458
4497
3139
1780
4618
3139
2872
4181
1843
1095
425
258
1187
3970
5062
583
3980
1405
1405
376
3497
3139
2615
3878
3139
5402
3139
923
1809
1686
2462
5183
524
5475
4373
4575
3139
2016
5062
3139
2196
2196
16
3139
2196
2364
1699
521
5402
28
2790
526
5639
5712
1429
3046
695
2285
1636
548
1313
5074
1291
-1
3107
2122
1183
2196
4574
4695
4966
1570
425
2762
5706
367
2196
1349
957
4004
1185
5155
3621
4965
1171
3985
-1
4226
4082
2196
195
3139
5238
-1
-1
1297
3875
5576
5030
1264
4986
452
3833
739
4566
3139
-1
4890
1119
515
1083
3711
1583
2164
707
3139
-1
1601
1044
1405
5330
53
3752
2159
5743
3003
5402
4920
3139
-1
2196
3875
3410
1429
2998
3863
1315
365
2196
5683
5402
2835
2111
1131
4912
4713
5402
865
1330
1681
91
2196
16
5140
3869
425
751
5730
-1
2200
5402
1579
-1
3297
-1
650
4606
2156
3072
2122
2048
5306
5471
-1
4939
3139
1298
284
1754
3139
3379
3139
2649
1796
3869
4280
1323
3878
498
3139
4238
4327
5481
5486
4154
1462
5471
2196
1095
4039
746
4148
2196
2476
5254
2565
2430
495
3439
-1
4661
195
4884
2122
1019
3840
2285
-1
4352
4039
25
785
5267
3566
3081
3139
5327
630
243
-1
-1
101
784
2749
590
4374
485
214
1206
4158
1468
3792
3996
2925
5143
4079
3965
1705
36
806
3139
-1
304
1350
583
4148
4669
2832
5186
2200
1793
960
4602
3139
3139
4984
4654
-1
2146
5676
3139
2196
5702
622
1307
5085
4693
5497
-1
1171
1046
3875
716
272
-1
25
4892
-1
5021
1793
2285
3162
3550
3139
4882
3139
3985
1793
5364
5617
594
645
611
5232
4339
4128
16
5587
236
1709
4408
1699
4453
179
5576
3688
4823
1681
425
785
2710
3781
4039
3139
-1
3139
823
5413
288
4373
2524
1998
1269
3875
586
1644
1160
1095
2055
92
3139
1919
1044
3139
2248
695
2269
2501
4622
147
2285
1949
1631
3139
2196
785
-1
3139
460
4713
2721
2762
5714
5671
1601
5087
1532
3139
1095
5699
3813
5616
1269
4945
3162
2383
2374
5085
4886
2196
5674
4469
4438
2326
5156
-1
4371
3003
1244
448
3641
822
2185
2380
2988
2122
1307
5290
4973
-1
5587
3116
2501
3139
4260
532
2676
-1
5385
256
1630
16
1429
2196
3933
16
1661
3139
1583
564
3136
1352
275
2863
1583
5580
102
5235
1019
2797
1157
1149
4669
5596
3887
1270
2243
3608
-1
993
1616
5062
3945
2803
102
3139
1076
1070
1598
2083
1405
3838
195
-1
1300
-1
2285
2838
540
5402
25
5598
2465
787
5444
585
4188
3979
-1
-1
1307
1429
4718
2654
2390
3756
248
645
5370
1601
-1
1809
1327
3949
1093
2813
15
1157
-1
4307
937
5743
1675
769
1105
304
2326
4039
4287
4324
3458
2285
5068
3838
304
4785
2524
2826
5697
594
634
482
2196
4884
3003
719
4048
2196
3003
3994
2196
695
2726
4471
653
4200
2016
4906
2196
5714
1882
4438
4494
1194
4482
5362
1297
482
3671
2516
4720
4691
1681
25
1432
4529
1183
2160
4039
147
1757
2428
4836
275
209
1323
5497
2939
4438
5587
1339
700
2435
3428
1727
540
4693
1778
4165
57
4998
233
3950
4226
-1
3841
4226
1611
5362
1588
-1
-1
2550
1124
1583
5061
1082
1475
2016
4280
25
41
781
4565
4013
1800
4966
533
1180
1701
4767
