2730
4713
4713
598
4713
4713
4438
4713
3678
5068
5068
147
4713
147
5576
278
4945
5133
2867
24
4713
2745
4884
4713
3139
1282
3139
3308
-1
3925
4713
5232
1825
3200
485
5152
5349
2875
5285
4713
1429
4713
5412
4713
5432
3389
1083
3139
4713
4945
1699
4713
4713
3846
3087
1694
4566
4713
823
3139
304
540
3139
1807
2610
1825
5695
2196
3046
3139
2084
4713
3139
610
274
1690
267
1122
5422
1699
4713
3695
-1
5641
3682
4713
1122
3977
2709
965
1825
4654
5422
694
-1
853
4713
2383
692
5466
4039
4713
4713
4482
3136
1405
1699
3164
25
5340
4951
4908
3240
3000
4158
4992
4217
5068
521
4713
1012
3121
25
-1
4713
4992
5385
4287
2084
2289
1993
4992
1350
949
3158
1825
258
3176
2069
4713
2277
4287
5178
5491
1556
5036
3136
4516
4713
25
4713
4348
4713
2875
1656
1656
1016
5068
4713
3115
4713
3443
937
1427
3443
674
3139
25
2934
3846
3443
5714
1692
2255
4270
4713
3443
5354
2891
1825
3611
220
351
3377
4992
687
2153
4270
746
1073
2973
-1
25
4713
378
548
3377
1825
1692
3269
3443
3443
3377
5402
1586
3377
351
3139
1083
4489
25
687
1949
3069
1601
1016
4720
2838
5497
4713
3822
4281
5254
1598
1770
2179
25
220
1842
1656
4713
1298
4815
3443
2981
4771
4713
4679
2060
876
1928
834
3272
4037
1825
4720
3139
3439
1798
1583
3206
2825
4270
3583
3257
3139
2697
4713
1699
3479
2090
3139
258
4784
4992
3139
4713
4408
4713
3495
3443
3440
3139
2306
-1
1656
5491
279
2430
161
1897
195
4139
4890
5238
1017
2786
159
610
2196
25
2196
687
5084
687
3115
4270
5558
1083
1825
5615
2978
4890
604
3139
1298
1800
1619
-1
351
4713
1278
1699
2762
3139
4998
5616
5270
5068
3061
3253
351
687
4298
5402
1016
2822
4713
351
-1
2626
3875
195
2822
5523
3676
5077
5402
4524
5082
1362
2850
1017
3682
2850
906
25
25
-1
1825
2822
2638
2566
5714
5714
25
2484
4598
4713
2122
3139
3139
223
4471
4666
-1
3308
1601
2911
4598
5402
2376
2165
4713
2967
3139
4713
2196
25
5160
4047
1504
2691
2638
1298
1816
5248
3060
2693
1800
1073
5049
4720
3618
464
2822
2850
4784
3105
452
1838
2196
4283
482
4890
3139
3308
3326
5700
1017
2749
3473
3139
-1
4713
4397
3139
5402
4713
3139
3000
5402
2378
351
2638
-1
4713
5402
2825
2335
687
348
4992
5714
4160
1619
474
687
1595
2335
3947
2850
4713
1667
-1
304
1825
-1
3091
-1
2638
4497
3443
1210
2444
5622
4497
4428
550
1699
3821
1616
5199
740
4598
5402
5016
5714
3076
4142
5714
5744
5581
4713
3139
3117
1250
1175
-1
2850
1490
3060
5714
2822
5402
38
2349
2673
3325
2850
3352
1407
2693
1352
4713
5062
4598
4713
337
1127
276
1842
2196
1339
3139
2882
1667
3139
3997
351
1429
1800
-1
4815
4654
2724
3139
4713
5733
455
4497
4713
2693
2333
1961
-1
1492
4784
-1
1543
5062
4373
4032
3875
2196
4400
2724
2638
-1
3443
5632
1702
-1
989
5062
923
5062
3687
5402
4160
2638
1667
5744
3377
4713
4039
2822
1727
5066
351
2196
687
687
4992
5049
1961
5082
1220
1297
630
4784
5062
220
-1
2200
5062
1297
4713
-1
2638
3352
3139
2328
3095
4713
4226
3060
-1
3453
195
2390
4716
5623
5412
4727
4085
25
1513
1429
3682
2703
1405
3628
5402
-1
2724
4713
3862
2506
5700
722
5062
4813
4493
2196
4226
1692
5714
112
4497
5606
256
485
4000
1913
2196
16
2023
25
3352
3881
3139
4473
4975
4373
3139
3377
714
2154
5632
4937
2489
3196
25
5081
5082
3863
3139
4713
1601
2125
25
1572
4815
2095
3427
3352
3544
1323
4032
2719
4000
1601
2198
5402
2638
1259
3352
5272
1656
-1
1594
5402
594
140
3595
-1
556
5062
2376
1841
4041
351
36
4226
-1
3017
3308
2850
1017
1513
1800
1452
1297
1297
2299
810
1924
5402
2200
2349
2724
1362
1601
4890
3854
5621
3616
3916
3035
1137
482
2196
2507
5587
40
5402
897
3139
1572
1757
1777
2084
471
3035
3139
4795
425
1210
1825
485
1083
1056
3003
1486
687
2084
1361
3028
1083
1339
4000
2390
1297
3263
3139
3413
1429
4713
3352
4829
-1
3139
2241
482
3139
3400
4713
1961
3139
1999
5744
3015
4298
127
2349
121
2875
3428
2308
4713
754
3352
4847
2200
1240
5390
687
894
473
25
1339
3377
2722
3352
746
1206
1206
3197
4532
25
687
2383
3443
5402
3141
195
482
2164
300
1339
25
482
616
2724
3139
2412
1513
1757
482
2021
2986
5276
1410
766
4603
4884
1297
4039
3363
4893
5720
5587
1727
2650
351
2321
3136
1709
2378
4226
3139
695
3352
3139
77
2409
1313
5729
5700
4890
5402
1307
25
1727
57
3625
772
5345
988
3634
2196
-1
2958
3139
473
1300
1313
1695
4497
3138
16
524
5587
5238
5587
1148
687
3048
1601
5402
4890
1307
3841
-1
2196
5467
1516
1646
4030
4497
4415
1297
2724
-1
429
2189
-1
3377
1313
3863
5402
2825
5062
2196
2196
2724
4160
739
4188
5320
2965
1617
-1
2691
4000
3352
-1
5499
3308
3443
3555
1338
1800
2517
2850
3878
1298
25
3086
2856
1297
61
3139
4162
5497
2762
25
3352
-1
3139
1653
4890
351
5495
1073
1184
2780
4878
3156
1297
5402
3396
425
1339
2195
1616
2055
3139
4000
5499
41
604
1656
1681
4960
5049
1429
3139
2662
5507
-1
5333
1824
27
-1
2836
223
-1
1699
1003
2055
1429
3139
3105
4188
2196
687
5596
1206
425
2861
127
3072
3618
2904
993
3003
5245
1298
1579
-1
1874
1085
3352
4713
3233
3139
2722
2833
4497
3225
1583
4329
5049
4270
4915
2638
3830
-1
4815
1800
25
-1
4438
3139
2435
4871
3371
722
2285
2638
5424
5294
4713
3270
2482
2357
3996
3310
61
4237
1775
2762
2144
921
-1
921
880
-1
3139
3703
195
25
903
425
-1
1616
4992
5133
4784
-1
2601
5293
3880
3863
2954
5700
3352
687
2163
1307
482
284
3139
1298
3139
4226
1847
5395
-1
999
4744
5062
2691
3107
2023
350
4912
2285
598
3035
357
1150
2947
3035
2383
482
5561
5505
5744
4742
1429
391
3374
1731
1297
3139
1656
4992
-1
3247
4004
351
3234
380
1874
2817
4039
-1
1044
-1
38
2196
1620
3031
1260
4243
4426
2673
38
3352
1583
2196
1699
4000
3206
3254
1767
127
4110
4925
176
2196
3308
3880
351
687
5402
4878
5638
2822
4497
4355
16
1003
5595
314
-1
-1
2722
3729
425
1344
3224
1298
4878
1429
3814
2517
1610
1786
25
1016
1297
425
4858
-1
3310
4011
841
5700
5200
5551
1619
3149
1480
-1
1501
5402
4903
-1
4039
787
3563
608
195
112
-1
2050
937
2196
3468
2615
1003
3880
4718
41
3139
5049
2762
690
-1
5622
4878
3139
3980
1873
25
1271
2787
3980
-1
3035
3939
4426
5671
921
3139
3310
3139
3854
3139
1206
785
4861
820
3676
25
2998
1405
4603
4433
2344
3682
1757
4497
25
5622
4032
5062
1825
1174
5595
876
2954
4713
5050
297
25
-1
482
3139
3682
5402
-1
5062
1914
4945
5526
3165
-1
1033
2732
473
300
208
2228
3139
4713
3352
3490
11
2285
319
-1
2113
963
5062
1454
4740
3139
1699
1168
3628
1450
2159
398
3139
3630
425
3892
667
2016
839
1641
473
1157
-1
687
4890
3308
2246
482
1549
3051
5587
1513
1429
852
41
1044
1647
1800
-1
446
1230
1157
1213
127
2285
746
110
5373
620
687
4243
482
1779
156
4890
-1
4890
2196
-1
220
4052
127
1044
2614
1552
3880
-1
220
5402
5632
4603
1684
1136
-1
937
2669
5405
3308
3139
4039
3139
4993
5402
687
2888
5062
4050
5402
4784
2164
3139
2196
1297
1429
2832
2945
4713
5062
1178
3176
722
-1
5340
4438
348
3841
2619
4007
25
2196
4725
1800
1794
4348
3800
-1
2762
5734
3879
1206
3132
2196
4160
1298
2724
3985
4462
2196
795
3139
4335
3139
2200
4713
3887
3618
4713
4000
3035
5062
5361
3024
1513
3900
3139
4488
3060
16
4453
5587
2435
3338
195
1405
1619
4713
1571
5331
3139
1530
1504
1769
1522
3822
5742
849
5062
2113
3841
4348
690
583
1277
4720
-1
425
425
-1
5402
1572
1168
1215
1057
1280
841
5725
5182
5402
5062
3139
1297
1874
737
785
4878
2101
4160
4039
473
5744
425
3610
2349
-1
5587
5241
1699
2440
3165
300
1429
842
3182
66
4225
25
4469
5086
1332
2771
5655
2124
3676
2200
934
838
1506
2055
4105
5254
2587
2442
1832
4226
260
25
4171
-1
5588
425
1429
1054
1016
4697
4226
3791
-1
-1
5197
4803
2958
4226
3979
-1
3139
402
3369
1022
2196
1405
3629
5062
5587
-1
4720
4287
-1
1016
1313
1298
-1
4471
1298
3411
2631
2386
-1
3450
3308
3505
3182
949
4713
2046
127
2548
4243
1298
687
1313
921
-1
2703
300
4469
-1
3139
4713
193
482
1475
4000
1619
2923
2463
4327
1961
4039
903
3628
4040
2762
3999
823
2196
25
3996
955
5735
4497
1703
4299
687
5402
4878
3880
3768
2825
4076
441
4992
2092
2850
811
3139
3621
3139
1883
3884
25
3139
5402
2148
147
2349
3046
4784
3034
1226
629
2634
1463
2034
3268
-1
1953
2285
900
2762
2285
5497
5062
1656
1298
1475
1872
5564
141
3740
-1
1206
5170
736
1016
1819
3621
2196
5422
5049
473
5093
3139
3489
25
4348
2285
2762
3165
4497
1860
-1
1699
5402
3813
3139
785
2285
3057
1242
259
4992
227
3676
2152
3880
2090
5062
425
-1
4571
1465
374
16
3510
1684
3139
-1
1953
1659
3682
2762
1297
1684
2200
3377
1016
3139
5507
3035
2367
-1
2270
-1
2762
921
-1
1699
4032
812
572
3628
3308
5500
3595
1699
1699
1003
3406
-1
3046
2954
-1
4032
3139
318
1480
5062
921
5133
937
1298
921
1354
2333
4946
3017
3139
2196
1298
1699
1116
4383
3139
1829
482
5009
3641
687
722
2901
4578
1206
1157
3139
1636
5239
1926
3139
3139
38
300
4379
967
373
1825
1924
2565
3139
2196
1017
5518
1825
687
4718
1429
3418
1281
-1
2911
3999
3682
4945
3139
1371
5402
5402
3770
3581
-1
425
5700
4438
2768
2565
-1
3139
5234
3139
1961
3461
5674
5204
112
5323
275
5412
1991
-1
1246
823
79
2531
937
1874
2673
425
4757
4240
4082
2954
463
5402
4007
25
5587
3931
303
2197
4742
423
2736
5133
2459
3136
2333
695
3139
4713
1619
1800
3386
4541
3139
3916
1339
5402
3035
548
5473
5402
3139
644
1547
540
1206
1168
3610
2196
246
2875
3931
2787
4771
3924
1217
1583
4878
5402
2565
5745
1103
2196
473
-1
746
3139
3711
-1
1200
5413
2381
425
687
390
2724
2225
131
1307
964
-1
1874
5408
1307
263
2122
1513
4941
4815
1699
2811
2638
1652
68
359
4032
4119
897
4589
5622
5402
1160
2978
3862
2097
1659
2383
1429
1465
561
1800
1073
595
-1
3139
687
5497
1184
-1
1054
967
1522
-1
3139
4008
246
4992
5417
3880
787
3395
4836
-1
3145
5243
2122
5213
850
1587
2196
3139
2285
4011
5062
3711
1462
2122
604
2638
5587
-1
629
2200
16
-1
2307
4713
1044
-1
1475
3880
385
4713
3303
2084
5036
3880
-1
243
1847
5749
2691
3592
3139
3139
1475
5402
4771
3139
2285
5402
5433
25
5242
3031
1961
5119
4270
4784
2196
258
307
4226
1692
4893
1601
-1
-1
4878
1273
-1
2762
25
4255
3139
2882
1045
1601
1313
1616
3566
186
24
1297
5402
2196
2662
1273
1298
5622
497
2565
5402
25
1298
606
2349
365
3879
4484
3963
4603
1307
1095
4249
3340
2196
4243
3875
3880
274
5241
4713
1044
5239
261
3931
1699
1636
165
845
391
4497
5062
2196
5402
3875
5402
2196
1429
5081
1105
4878
3488
184
2285
4160
2381
1273
1475
4896
4713
2523
65
4016
584
4226
16
1444
2390
3382
1129
2376
3822
2998
4268
1016
1160
2197
127
-1
3380
4945
3141
16
3621
25
1003
4713
3003
5241
635
2157
2762
1583
3822
1938
4713
4302
25
3887
4658
482
1480
-1
1157
5408
1307
4373
5271
1181
1807
428
-1
2591
425
4878
5426
2285
687
4945
1953
4815
5062
1201
3139
3955
921
5402
2517
2762
3978
3057
5402
-1
1699
-1
1703
4642
-1
425
5044
4771
1313
2343
4763
1807
1874
3139
2113
1206
5518
4298
2743
2381
2376
2701
-1
2749
4623
3048
1178
1465
1513
425
2465
-1
25
4884
3985
-1
2565
3139
4082
3567
2788
3139
1961
2196
425
3880
456
5150
3164
-1
4626
2762
5062
5577
5402
5402
5402
1197
5398
5408
2638
3530
3935
5062
-1
4494
4134
3139
916
2276
5402
2023
1044
-1
4226
2147
1501
5271
3139
4168
-1
5700
3352
3182
3838
850
4827
4815
4143
1791
536
2697
5368
4226
-1
2196
4771
3003
1297
5402
5049
-1
3753
5139
1656
2196
2338
3598
1273
3139
-1
482
1659
195
2200
2565
425
2067
4053
3742
5402
2630
3352
1825
5408
4037
-1
4282
3153
1206
4301
2762
2196
2813
3139
1429
1073
-1
-1
2333
2251
4535
5215
1300
3139
1429
-1
1487
1659
275
3139
1754
-1
3139
432
3996
2285
2196
1681
1298
25
1601
4226
64
1945
5062
3005
920
1682
5354
1588
3139
1307
425
3840
975
1184
1829
4158
3139
583
4497
2315
33
5287
1300
2285
4986
2638
5062
-1
602
2196
300
425
1352
3139
5077
5408
3035
3822
967
3468
3288
3435
2882
801
4675
-1
1019
1871
1527
1241
3308
4188
2285
1298
-1
1672
3139
3318
5402
25
4657
1684
3640
139
1044
3920
2830
805
-1
5402
5587
2196
-1
5085
2142
-1
2978
4315
4226
4078
3107
1563
4037
-1
3038
2762
5402
1601
-1
1215
2638
5359
2196
5402
275
1044
5235
98
4082
3955
1307
-1
5352
1288
-1
-1
1551
3363
4677
1475
25
1637
1480
667
1611
2825
-1
31
4494
25
921
5714
1470
425
279
3157
5714
3139
336
5282
254
-1
304
3011
4127
1765
2825
1103
4063
377
3182
813
5228
1486
-1
5232
3479
3931
4718
2724
5271
1407
-1
4226
-1
1946
4039
1297
-1
3682
3887
2850
5062
16
4282
-1
4784
1756
-1
1470
751
4209
4531
4165
2174
5497
3682
1129
2795
4097
1830
4142
4890
3003
2285
4877
967
275
2113
5402
193
1054
1961
147
3139
-1
3139
2762
1465
3762
350
4099
3069
81
1945
2515
425
594
785
1888
482
3165
4497
5402
2120
1044
1271
4273
195
1044
2638
1887
2850
-1
-1
2562
5184
-1
1946
4720
3339
785
1429
1480
1297
1462
5502
2269
3139
2196
1429
139
4162
4226
4082
2234
1480
3985
5587
1586
5049
3488
455
3310
425
4568
4497
2196
4022
2196
2447
-1
5128
4039
2504
3139
3854
687
2751
540
4158
2027
1922
2285
4453
3308
2285
4332
465
1168
2877
1619
25
-1
5744
4603
1901
823
5491
1684
-1
227
4041
823
120
547
3443
2195
16
2762
3308
2852
-1
3887
3496
5239
1215
425
4039
-1
-1
482
2645
1019
275
5499
3456
2565
-1
2186
1383
1809
4226
-1
5236
-1
192
1876
4332
1212
-1
4019
-1
3770
4992
1820
3522
1727
-1
2196
1632
3139
1876
3822
4243
4240
3615
-1
148
1339
4037
3139
1638
2825
3916
4713
3308
5085
1675
-1
4011
5457
25
1057
-1
-1
1646
3139
5062
2905
1307
1081
285
4603
25
2619
599
3182
4878
1297
3666
4282
5246
3682
4142
563
2813
3308
2759
-1
3139
1465
4720
2333
3312
2850
3182
5402
2122
3139
859
2630
1057
3989
1003
1307
2514
-1
304
2061
2197
1044
5242
3916
2895
5402
4082
5402
3139
5081
3996
3139
1273
3763
5062
4993
2370
195
2023
3738
-1
425
1953
5192
4162
-1
4611
1906
174
5082
241
4226
425
1465
5402
2587
2641
3003
2405
4392
4038
3511
5171
-1
3248
1681
1016
5044
1513
5475
1452
4733
4494
425
4720
4039
2565
2876
3592
4391
2769
5053
1360
3377
1057
1160
2149
-1
166
1601
5049
2285
4713
425
4945
-1
-1
541
1480
594
1452
583
5062
3725
5269
1201
-1
4040
-1
3139
3989
5044
4718
2196
5384
3139
5408
25
4505
1313
-1
2167
1298
4784
-1
5133
4373
1874
4092
1684
-1
4846
-1
2898
3587
3308
3139
965
3349
2605
425
3518
2881
3676
-1
5473
5426
4717
140
4037
432
3339
-1
5422
542
5697
-1
1601
3888
-1
1465
2206
737
3139
1572
3139
3621
1206
4432
430
2285
3880
425
1319
2196
1800
4890
2911
1551
-1
4992
1297
5132
695
1313
2196
2615
1269
1646
1192
3024
4720
2352
2196
594
3496
5700
857
2595
4127
2285
4615
3980
5402
425
1219
4282
1686
1219
2285
5525
327
293
4188
3139
3139
2411
2869
4799
2285
4168
5587
2762
2216
559
1087
2174
3363
4249
3003
4105
5587
1601
4992
3875
687
3875
4226
2221
1482
2196
899
3176
1798
3618
2798
3633
1285
3057
1045
-1
2622
1206
5402
951
5062
-1
2762
5402
2598
1297
5062
5577
1297
1719
2292
25
3488
1054
2060
4226
3165
3223
5081
850
5384
4723
3955
-1
2285
5370
4603
521
4142
4538
1480
-1
2621
4287
4992
957
2882
4713
2826
1632
3377
-1
2615
425
227
3139
2954
2565
2381
1307
425
5156
1829
2109
4992
5049
1680
1157
2676
482
3641
3386
4759
4298
3060
921
5139
3989
2565
4494
5062
4249
1588
3139
4107
427
921
876
5473
425
-1
967
-1
2565
5699
111
3072
-1
3035
3223
4761
2876
2638
4110
667
-1
-1
1196
4276
5709
3213
2196
4725
3875
1429
-1
4884
2206
5361
-1
3015
425
3800
3182
3751
5310
4929
3712
425
2901
-1
5700
5729
25
1079
5402
5129
4092
3139
3610
2285
3921
5402
5011
2828
279
1637
2200
3427
1480
1429
-1
1297
3171
5402
4264
3931
-1
2381
4243
4832
2639
3191
4835
2078
4341
3126
5402
2202
4142
3040
1058
2285
366
785
3893
-1
540
3948
3139
5690
-1
1475
-1
5518
1601
147
1701
3139
5049
2825
2383
5345
741
4282
5629
1160
3139
-1
1103
4115
3139
2196
2598
5049
4154
5408
3931
5622
2285
1056
2724
482
4032
473
2196
25
25
1803
3139
2390
2285
1016
4994
4922
1745
2196
1810
3139
2016
1158
1601
-1
4587
2876
-1
2075
4512
-1
2575
1152
2762
3139
1313
3219
2717
3060
758
2850
1429
4196
590
3017
-1
1619
5547
665
3696
3139
5049
1682
4720
3985
2724
1215
744
4915
4815
1522
5714
4771
1017
-1
398
3139
666
3139
1044
3872
2778
3731
5049
3856
2644
1083
1546
25
2639
2850
2697
5714
3460
2565
2381
-1
4713
4039
2619
3788
2638
-1
3922
3139
695
-1
1699
2285
3955
3437
1684
5284
1588
-1
1307
3352
4497
4445
5442
2638
2762
2617
-1
-1
4497
3035
3980
702
51
1338
1286
2724
4071
1405
3539
4039
4166
2196
25
3139
1699
498
3354
3139
1196
4945
425
2194
1283
5034
1118
2567
1300
4169
739
2122
3352
5007
3681
4373
-1
1307
-1
4005
3107
4226
3139
4713
1601
3139
437
4350
4720
533
5744
3069
5009
5426
5402
5714
3139
1795
425
4417
3535
3139
4945
4039
425
-1
5426
1465
2196
2196
-1
3716
4039
1840
4945
1672
3595
4691
1783
1160
3139
4039
482
3139
1684
1168
3139
2549
4476
4851
1080
25
3219
1049
5011
937
-1
5049
996
-1
1062
3880
1054
1874
3139
3985
3139
895
-1
583
1968
1429
2714
2825
967
3035
1588
-1
2120
1791
450
1263
4998
-1
16
-1
3662
2535
1334
2285
5521
2850
-1
3139
1025
5402
578
2787
3688
1506
3621
3539
4771
4226
4226
1620
2615
3139
4073
455
5524
2122
1185
3072
5062
5133
2072
5062
5011
4945
5744
1619
1465
197
5273
3139
4534
5402
5213
482
2762
1845
402
1583
-1
602
4486
4000
258
961
2565
2565
1157
1298
351
-1
2462
5408
-1
2064
2688
5092
3830
4226
5164
4093
2196
556
2594
-1
3306
4208
3833
3139
5587
2196
5062
1122
3003
3139
1170
5250
770
1985
1601
1829
2545
2364
594
1298
5402
1379
3807
2292
4890
5493
1354
1185
265
1047
3999
227
3456
552
1178
2206
2326
3139
1776
498
1757
-1
2200
1298
1300
5402
4833
1323
99
2285
5062
1759
2084
4992
1168
1139
5062
2023
1513
2196
-1
2243
4990
1583
2762
2127
3228
2838
1814
5062
540
3496
859
1242
3377
425
5274
1410
5064
1506
3907
-1
3139
-1
623
4503
4652
3621
5425
25
1161
2534
4823
1405
2196
2527
1313
-1
29
1465
2196
-1
147
4957
482
-1
92
1583
3712
2196
5239
2954
482
304
929
1821
465
3139
1510
2122
2598
5062
936
5402
3139
3358
5064
1311
5402
1699
5271
2285
5577
2822
1405
1163
687
-1
1016
195
3955
1273
2656
3095
973
2703
3139
2383
3955
1506
4707
3182
2724
425
2790
2838
2745
2474
2837
5355
3309
425
5218
2999
16
5082
3845
25
1482
1611
5133
3139
3621
3139
5059
3139
1434
1688
1166
5402
722
3139
5330
84
695
462
1054
2136
-1
-1
425
-1
4634
1699
195
583
1029
3139
4462
4222
111
-1
1429
1376
3352
482
1814
3139
-1
4144
2641
185
931
746
2196
3139
630
25
3676
2196
1699
990
823
1993
2285
5062
2043
583
460
425
5062
4529
3139
3968
4171
1692
314
4827
1885
1992
4945
3880
2525
2200
3137
-1
5632
5408
1178
-1
35
4896
3676
3139
-1
5239
3139
3139
3144
-1
3150
4274
5011
3139
785
-1
578
878
3136
5271
4397
1044
2196
2285
2843
4282
25
4419
147
3324
4720
2850
3509
1185
25
425
3890
4998
-1
4226
1285
5056
5193
95
2882
1482
1465
1551
2934
2593
687
2074
4935
4335
2172
4142
2662
957
5402
3352
4204
3017
-1
3916
2055
1157
1788
5446
4720
4713
25
1929
4400
4371
1041
3442
3139
-1
3651
1588
5405
1470
1298
4188
3726
2390
4578
2901
3139
5007
1307
5587
594
3352
-1
3139
960
482
4603
3037
1320
1149
4713
2417
3880
1831
1269
775
2113
3496
1949
-1
5604
425
2785
-1
2838
2377
540
-1
4784
687
5402
4720
4377
25
4564
882
4037
3139
2164
227
3139
3621
425
1298
1705
5340
2122
2988
4777
-1
931
937
-1
4890
5695
844
450
3308
1955
5028
1448
5473
4255
3761
3139
1044
366
2615
2400
2196
2911
169
2023
5139
1045
-1
84
1044
2954
1619
1949
16
25
-1
3833
3139
521
2478
-1
2514
3703
2382
3352
1583
2221
25
2619
2206
1496
787
2196
1019
3943
-1
2051
5617
3535
1307
5671
1699
3308
1095
4039
2285
276
425
1625
2196
3650
147
-1
2196
3035
25
1083
3139
1874
3279
3735
-1
2285
823
4751
3238
2200
2198
-1
3907
-1
4282
25
-1
2307
2612
3139
2314
3139
3139
4226
1975
2000
2682
2122
5532
3336
425
1323
1779
5015
2381
4497
1298
-1
4792
3068
5587
1307
-1
-1
1916
3139
1583
-1
3641
482
3139
823
5616
2285
4000
-1
2196
1160
2096
5576
4864
285
4032
2381
2388
-1
3139
3046
1297
4067
5402
1003
1119
5049
1168
1465
3139
3461
2462
425
3139
722
5402
4784
3139
425
4049
1813
5143
61
2196
2724
5712
-1
3682
876
-1
2901
1044
2406
4373
1589
3311
2381
3363
694
2196
5587
1583
1401
3621
-1
2641
5402
3139
-1
5003
62
4109
3139
3888
1924
3139
-1
1408
2285
177
1526
3139
227
1273
3916
3380
3875
4771
2196
1273
916
666
5549
2146
5642
2061
2619
1946
-1
425
-1
-1
521
425
583
-1
5673
2269
-1
4039
5614
1178
4116
2122
3139
834
-1
2948
5213
2169
-1
4168
4209
2174
53
5610
3887
5361
2826
3907
-1
2377
5269
5129
2196
2221
-1
5062
795
-1
4039
1297
1206
5174
1298
1588
3139
766
4877
5064
3025
1608
4913
5232
3702
4497
2421
-1
5383
1300
3139
1293
985
5049
2776
5177
1504
4993
1522
1632
3768
1152
3913
5719
4603
298
1260
788
4611
4718
2638
5749
5155
488
967
482
5254
2196
1297
2535
2411
-1
3410
5501
3676
3139
5402
3139
2196
4160
5402
-1
-1
1757
1601
3776
3878
2619
2510
229
3926
2901
520
2196
-1
1083
4890
3139
4039
2989
2285
5667
3139
2285
482
425
2856
61
3308
5493
719
1297
2493
1300
2933
1298
1496
5402
3139
701
4488
425
185
5013
4620
1178
4884
4298
4226
3139
5129
3139
2638
-1
1480
4929
2084
127
1606
1692
2285
2113
4890
5606
3768
4497
4497
1462
1238
2690
3139
4039
425
-1
5402
5133
695
1448
4158
3676
2662
2196
1832
3499
1101
1185
3770
425
789
4537
1322
2831
4771
2196
5587
594
2722
279
177
1297
788
4039
-1
5345
3208
1722
3363
5499
4934
5062
1206
2160
2200
2137
25
1699
3367
3552
5357
-1
425
3139
1422
1437
3182
321
3139
51
2290
1878
4771
2196
2455
5191
2638
2619
-1
2285
391
823
748
3351
3946
2285
-1
1757
2638
-1
2173
482
4713
5402
147
1834
3139
4222
2122
2755
2615
3575
4598
5721
5313
583
3139
1486
3352
459
4332
5741
3139
2285
4226
2598
2729
1506
5402
4511
51
2722
5746
5402
-1
425
1420
3445
1320
5384
1814
2876
425
5239
258
1583
1083
3621
785
787
823
3352
3139
583
2154
1433
3139
2122
1651
1601
4082
3696
5671
391
778
2901
5630
1800
4287
2200
1601
1300
839
4990
3139
3139
4142
1116
909
3139
3139
5402
-1
3676
373
4654
1583
2956
1980
2662
3308
-1
2762
4945
36
2901
3139
3308
4938
2681
2549
3682
3668
3139
1876
1469
302
3308
1583
3377
1506
2196
787
4992
3077
960
-1
3882
2901
3363
25
582
1583
2468
5094
1049
-1
3057
3822
-1
5475
4398
5049
1298
5648
5271
2200
1800
541
2285
4039
2620
2883
5402
2196
5062
725
2619
4713
4562
5062
1606
5271
-1
3003
1874
2988
3139
3139
2196
5699
2382
2724
5402
5062
3222
5402
3107
3139
4494
-1
695
425
834
3139
3228
-1
2615
5487
275
4032
1722
1298
4432
3401
1178
2724
448
816
2122
5071
2285
3621
4004
4188
1465
2174
3618
3488
5594
3003
1731
2196
967
5413
1699
1083
3062
2669
3139
2958
1898
2647
1465
4779
346
-1
-1
-1
-1
2196
2888
876
53
425
3139
5551
3712
4815
5064
544
1405
1532
4051
1044
3880
-1
4558
2199
-1
-1
2196
2196
4226
3003
-1
4771
3793
4598
3676
1429
4037
2826
5673
3680
4945
2638
967
261
2189
4776
1793
4574
785
3880
4226
241
690
298
1215
127
5284
3139
3057
2196
1513
5062
3621
4032
3139
2938
4394
-1
3139
5153
836
425
2196
10
1269
-1
3139
160
5316
4598
3443
1616
3394
2706
1800
1636
2583
1611
5068
25
425
3964
16
11
865
2762
3139
4815
1676
1044
5292
-1
3560
3367
3139
501
1583
3338
3641
2078
186
4142
25
485
1845
2762
1604
4270
2200
1579
3069
604
990
5011
-1
195
1601
667
-1
3139
5165
3139
1307
1405
2919
425
1551
4598
5003
2089
540
1298
2850
2762
3430
481
319
300
391
-1
1163
1073
1601
2682
3193
4713
594
3676
1307
1298
2091
482
3338
3339
4892
16
1636
2197
3139
2196
5049
5744
1717
1798
4393
-1
4860
5042
1300
25
5491
1452
3621
5491
1876
2206
4226
1407
3280
4265
2196
5340
1206
1619
2638
4994
3139
1300
18
2175
2584
3980
5384
5402
630
3000
2654
3735
4027
1738
1157
1771
2762
4107
-1
2762
1465
4900
3093
1300
1858
1433
1513
746
3139
3907
-1
-1
904
2148
1366
4243
669
3003
-1
3139
147
3182
3139
1204
3946
558
3676
1054
-1
1215
5183
1339
376
2269
4731
921
3223
4990
-1
1528
2787
2285
5104
1003
1583
2992
1620
1688
4195
2196
1522
923
1699
1616
5587
5687
3880
425
4371
147
967
3003
5337
1307
5587
3443
740
425
3308
4413
3139
1339
2196
5013
2409
5685
1196
5402
1433
3628
4497
3380
1325
882
540
1757
785
3139
5743
-1
3223
4900
3682
5402
747
4373
2806
5140
3682
2619
2285
2724
448
1230
450
4771
3194
2200
2998
5587
4226
3182
3139
3735
5239
425
4270
923
4817
425
2596
5062
5247
425
3862
4018
2804
4471
3709
1298
3800
5412
1829
3139
1429
1546
5402
3160
1527
425
1635
2206
300
5491
5183
4890
5062
3139
25
2850
3308
5402
1379
4945
694
5062
4753
2068
-1
4921
2381
2999
325
5491
-1
2285
2863
2724
425
2850
5340
2234
4639
1583
2196
2689
2196
1619
-1
3139
2164
-1
2748
2974
2191
3278
2197
1172
5213
5518
4175
2390
540
1624
25
5744
4750
1044
-1
1369
5264
324
3682
482
-1
5064
3139
4603
4276
938
3192
-1
2825
-1
-1
2200
2078
25
5133
4571
3139
4226
5402
4179
1465
1083
594
4422
5671
3623
5140
223
5402
391
891
1429
1054
4075
3597
4926
351
3139
2195
1656
4669
1166
3985
5491
2642
4037
3139
1639
2197
3223
-1
-1
2285
1362
3095
264
4469
4329
1054
4689
923
-1
834
425
4147
2968
4878
1722
4992
5331
1429
3352
485
3682
1016
5671
1446
5136
3469
-1
-1
1685
482
2864
5749
687
-1
632
2200
5200
2122
2714
1987
-1
4966
5031
5402
288
3126
3996
2619
4578
3139
5682
4417
3943
2285
5062
5062
4966
4571
2925
1298
3422
-1
5733
2250
-1
2084
25
2724
5036
4771
1601
-1
4188
2196
5154
4700
5209
1650
583
3139
4274
4972
5288
3139
4283
3051
954
3980
5587
1699
4878
4921
1650
418
4771
3139
285
3078
-1
1676
4998
140
4121
2591
4890
275
3139
2762
785
-1
3943
2285
3495
1201
3729
371
124
1903
1608
-1
5201
5633
1285
2285
3422
5156
3139
3310
2689
4485
-1
5191
3308
2109
5062
5062
535
5272
984
645
3085
1351
-1
1681
3298
931
411
5304
261
2615
3621
5402
2364
921
3139
834
5062
3139
1681
5292
1945
2813
1178
4598
1230
5239
1047
4196
3644
3308
3139
4147
425
425
3386
82
2160
1297
2551
4975
2376
1632
-1
3139
1157
-1
-1
5389
1465
2285
2085
482
2662
3228
1465
3964
5340
4884
1821
4945
5022
-1
1160
3930
3139
3222
4945
1307
482
1297
482
-1
5176
1796
4502
2813
1379
960
4019
2196
1371
2563
111
42
4039
-1
5494
3738
4332
411
162
3028
1298
5195
1528
788
1843
25
5451
2196
921
5049
3768
223
-1
5676
4398
3034
2153
3139
4878
5022
1475
3231
3881
512
1940
2381
3139
1019
2285
4307
4992
2568
-1
-1
540
-1
3391
2285
5571
4564
810
2825
2843
4226
1333
4792
4304
2619
2367
5538
1252
2196
1044
4298
4298
2850
4142
1790
5402
1831
3495
4844
4244
1538
2122
2200
4373
1200
5621
5213
3456
3139
2411
-1
1692
3139
1479
3139
4599
3676
2590
4682
1588
4663
-1
1307
3139
2748
3139
3095
1429
2813
1625
5502
1441
2200
2285
2615
1680
1849
-1
1071
784
3060
2742
3139
3101
3552
3284
2042
4650
2195
5587
4590
1372
166
3985
3628
1149
2882
482
5062
3139
3456
4945
1429
5162
785
155
2165
3946
1145
1475
630
1313
5062
3006
1465
1061
5062
2804
1465
3822
3943
5515
5254
2642
1551
1611
1699
5300
2011
3139
5518
4188
5062
482
687
3139
482
3139
3645
1044
833
3996
3479
2557
5402
1619
2689
1502
4945
3836
5427
1044
1757
4933
4713
3943
1178
2017
4836
10
5445
937
4985
482
2736
1619
2243
3139
3139
195
3692
1350
5671
702
482
4371
-1
5062
2243
5011
4018
3682
2615
3954
2017
1749
3628
2313
1307
2619
1056
722
3875
2285
227
2158
4331
3461
2196
3838
5139
-1
2762
2196
2511
-1
3139
-1
3989
-1
4032
823
4497
2196
1876
1318
2672
3139
2100
1178
5071
1081
3139
3676
4438
2535
2044
4923
1636
931
4158
5009
3377
-1
2784
2443
-1
2196
3139
3139
3139
985
1083
4972
1275
2285
5156
3139
823
52
3000
3838
2634
-1
101
5402
5402
1396
-1
3240
993
-1
1112
4142
223
1025
4207
1601
1465
1619
2196
5164
2242
3139
2762
659
5582
5402
3738
1570
-1
1065
4836
1572
5340
3139
4145
5191
3240
5402
-1
2993
1083
4890
1185
227
-1
1405
-1
2206
1583
960
326
1206
-1
4039
16
3053
556
3862
112
1186
1980
1949
-1
4784
4488
4721
3157
425
3771
-1
632
299
-1
3308
2285
3003
4276
2591
5402
5576
4079
3139
4000
50
425
2015
4188
25
454
1583
882
1831
5546
3129
3229
1122
5402
1307
5088
1480
4718
5402
4974
3985
5491
3015
5587
2295
-1
-1
177
2365
4998
2285
3382
5714
-1
667
2365
3676
5077
841
5130
3606
4992
1044
2549
3554
3999
4494
1200
3139
1433
195
-1
345
1016
482
1242
621
2619
3954
2170
3916
5444
1433
4023
3869
382
5239
3875
1442
5402
4993
1298
3139
1313
1465
3875
965
574
5087
540
3241
391
1230
4125
-1
-1
2370
5226
3539
5062
5504
693
1059
-1
5457
3139
3768
2641
220
-1
2084
1902
1230
4487
3456
425
1583
2054
834
3712
-1
1619
4945
1953
5173
25
2812
1945
1395
3562
227
25
5191
1054
5163
3139
227
3424
2993
482
241
1313
3139
5062
2071
2104
99
303
-1
2160
5108
4039
304
3015
3139
-1
2360
930
5035
2724
3933
3621
156
5619
3331
761
2887
4851
2211
2691
2285
2285
713
-1
2335
3362
99
-1
5740
5264
5429
2196
1583
4042
5133
3139
5049
509
4072
3621
4792
3593
4863
-1
2285
3685
443
3996
1298
3682
264
4365
2876
1209
2830
3308
1800
2390
1449
3139
2728
1894
-1
-1
2406
3139
-1
1285
-1
1476
-1
2211
2200
2285
25
2825
2989
2152
482
4494
1298
5218
3770
4147
3581
3139
1313
2966
5402
5690
3139
1054
5062
3880
5402
1264
4854
3150
30
2762
255
2882
2290
1149
4270
1230
-1
4188
1367
117
2790
3843
1830
2439
5402
5485
1349
2926
1681
2164
4664
-1
5062
25
3352
-1
2156
3139
5062
5731
2196
-1
4521
-1
-1
3724
2285
5064
5473
-1
2638
5313
787
2196
285
2724
4539
4815
1168
1162
227
2850
5673
951
2196
1465
975
3485
3048
3623
890
1407
4332
5402
3586
3696
3339
2196
425
5500
352
1528
5375
2146
2759
227
4004
3139
3057
2285
3072
1166
425
664
3139
516
5671
3964
2689
622
3333
1269
2813
25
4966
630
659
1616
-1
16
1318
3741
5402
1297
3037
1452
3003
3316
-1
1090
1433
482
2285
2285
3363
3946
5133
1571
248
3062
1684
3869
5587
1322
2850
3139
2762
3071
425
1501
4032
1183
1167
5402
1415
473
556
4792
1300
1891
425
1486
2016
3072
25
195
-1
4628
5401
2164
2762
3539
2838
2762
5049
3139
5402
5086
1941
1019
4158
5671
4945
2166
3367
1004
3767
3139
4032
255
2724
5322
1561
5019
2016
5062
5446
3735
2218
1298
2619
5200
427
1757
1821
540
4945
41
1629
1928
5661
-1
3106
3148
5479
1201
3139
2353
-1
-1
457
3139
212
2553
5037
1178
4966
5062
1829
609
2067
-1
5650
4853
2200
823
1072
-1
5333
96
5426
5026
294
2538
2826
3105
36
1313
3139
719
4319
-1
1155
2762
3035
1619
4039
448
1381
3980
4865
2247
2615
2408
2196
4594
1393
2383
5345
4703
3139
3003
4736
25
486
4713
5712
3223
-1
5576
1588
3943
2031
25
4890
1583
5556
2565
3421
3954
-1
4655
2390
1016
3139
2067
709
1166
5062
2934
2055
2269
4672
254
3139
1744
5267
41
1659
5239
1433
4890
4903
-1
-1
147
127
2200
227
2196
2196
4945
2475
2424
1323
4082
-1
391
2206
2196
2762
5442
4545
1017
16
3682
3035
4105
1513
482
2517
-1
2206
1429
1429
5502
5402
3676
425
4397
2863
4040
-1
5419
4226
1405
2285
3501
-1
2762
1206
195
4820
3682
5576
3139
670
1632
224
-1
4188
3249
4158
2420
3970
3800
5518
1465
2724
3139
1583
220
1465
5622
1044
-1
3568
2196
486
-1
1475
309
5402
1240
2825
4945
1003
4243
1266
823
1546
4713
4534
1583
1636
3944
1624
3800
4865
4371
1099
1339
2196
1013
3506
4497
2122
-1
1331
25
3955
1044
1699
5370
5402
5733
731
3772
3069
2956
5184
1429
5174
25
494
5085
2762
-1
1178
1448
-1
923
5402
4153
2565
778
5402
622
2884
2726
427
1872
2174
5587
2863
2711
1017
1595
3704
-1
5597
3202
77
-1
1407
5402
127
2587
-1
3139
1650
255
578
3066
2762
4992
2863
1019
25
718
425
1472
2166
4332
3485
1152
-1
4740
621
2196
1012
1313
4836
2285
-1
2762
2384
3759
3888
25
1095
615
2196
1528
1779
2196
5402
3191
4034
2762
5239
4168
2704
1611
183
4134
5491
225
1252
5497
1675
2934
1482
3062
5077
3308
1160
4777
4567
3794
4865
3139
3991
556
1353
1405
1157
482
482
3621
4034
1178
553
2863
5499
1583
5545
-1
2598
1056
1619
1769
1429
4647
3401
-1
1446
4799
2376
769
1480
-1
3069
789
5465
2530
4784
5405
985
425
425
5744
225
931
2825
304
5044
101
540
123
4158
4497
1480
695
1994
3139
993
4160
3391
25
630
25
3139
2196
4886
5402
746
663
1307
5357
227
482
4713
2439
170
3367
1800
4563
-1
5049
-1
-1
2304
3770
5402
1459
3139
2619
5402
2285
717
4713
4888
1586
425
604
5431
2122
5699
4918
5587
1429
2285
3101
5222
3139
1073
2153
25
2004
215
2196
1429
3378
5587
2135
5239
540
5133
3139
-1
4152
5587
177
3131
5094
5292
5062
1482
140
3003
5473
1699
-1
353
4254
3618
4816
3323
5242
2572
629
486
1213
346
5384
1922
1200
521
5402
2911
583
3888
5728
4075
2285
4378
3730
3046
5697
3467
-1
1405
630
985
2762
3139
5518
4614
1465
1230
489
4966
5077
3139
5576
3139
1269
4384
4039
225
2068
3465
1473
5287
4142
-1
3072
1442
5504
25
848
2565
4713
236
5402
4226
-1
3139
1572
5123
3139
1157
1379
3139
1598
1083
5582
3072
3139
4226
3805
913
1185
25
1625
2334
3308
5687
5293
1754
402
635
4287
2285
4452
2154
4771
3367
2196
5109
2762
5466
5402
5278
-1
1178
4725
987
5003
4622
4890
823
5118
1706
1563
4215
4039
3592
2122
4362
4836
4332
2724
4701
3888
4371
4438
2227
1821
1946
2813
937
3139
5505
2243
2565
4449
3278
5431
3875
5049
1429
921
5402
-1
5268
2285
3838
5364
425
4815
3139
2764
3875
4956
465
1429
4914
3218
5239
1785
1429
1813
5402
2195
3605
5576
1157
2619
4945
3034
916
2178
5408
2196
-1
3432
4024
2698
4362
1044
883
3907
1044
1470
3485
425
5402
5288
1533
693
3468
4825
3139
722
3316
1152
1984
609
1429
1475
3139
2689
-1
4497
3139
-1
4867
5402
1914
3917
-1
425
3940
3708
1895
5466
227
5265
5713
5284
3395
3916
4818
835
177
2517
3101
1632
3139
2627
3182
2724
1044
3139
5064
2358
-1
3139
4000
4545
1944
-1
2098
2097
1667
1513
-1
3443
222
2698
4315
1683
576
2850
1289
-1
4835
1914
1108
645
482
-1
2882
5731
2285
-1
2196
673
2152
2196
5569
2762
3139
632
716
1472
5064
2096
5729
3308
174
3051
3139
3139
1407
4245
2200
3891
-1
2195
-1
5062
1608
1468
4912
5402
743
2572
425
4822
3621
3139
2762
960
4332
207
4282
1269
4158
4633
1054
2196
326
3385
391
1089
220
1706
4787
2762
220
2927
4624
255
227
581
3308
4188
5402
5511
25
4890
425
1044
2743
5402
5062
1426
-1
5052
2748
4298
4865
25
4034
-1
3139
5433
3071
3676
4137
1813
51
227
2751
1789
1433
4319
482
350
2084
4545
-1
4226
425
3771
3943
1139
5402
2724
5566
2722
2724
482
3072
4853
4578
5695
5081
967
1821
1429
2196
-1
2697
3951
24
1323
5731
2096
-1
4631
4844
5574
648
296
1243
1160
805
1876
-1
5587
-1
4233
1517
3139
-1
1823
1506
4518
2285
2196
5576
2195
540
-1
1313
4272
1016
-1
4668
-1
3851
4884
2638
5518
37
3641
25
2332
-1
1561
630
4226
5671
25
4373
276
5402
5671
4896
1470
3996
2697
3101
810
-1
823
2285
5062
4886
482
2196
4082
4552
-1
4554
1506
70
2376
2146
1699
2826
630
4812
844
286
3108
5362
3771
1890
4429
5402
1890
-1
3160
261
3301
524
1681
1514
820
25
-1
3708
1796
787
5384
5275
2877
-1
3139
3139
5313
-1
-1
3836
2196
2196
461
4787
556
4771
37
2825
1320
5409
-1
5646
304
1636
2196
4497
4141
1292
1000
498
1809
326
4611
5062
4844
4360
1740
4132
3352
729
134
967
3676
3696
5384
5062
1706
5466
2549
25
854
2269
3676
2882
4990
1073
5028
25
3943
-1
-1
5336
3955
3676
3238
2308
-1
1624
1016
2961
2574
126
3139
4444
2503
5152
3140
4784
2762
4497
1583
1850
4224
4265
3246
2619
5099
3621
1588
4374
-1
2285
1961
1044
3092
3804
2196
1298
1919
4465
3139
227
275
3139
1003
4966
5408
2642
414
2358
3139
3676
785
5157
2993
425
5516
3136
1298
594
482
281
2122
2724
4978
-1
57
5356
2377
-1
2196
5384
-1
5587
5450
1297
1668
391
1800
4911
3380
425
1722
1601
2998
482
2641
5313
3139
4677
3139
1347
298
2380
4713
1163
-1
4673
3586
5
5744
4635
5254
340
1480
4696
-1
4713
1549
199
1583
3409
1876
2642
4545
1583
3766
3449
2863
2018
1298
-1
2285
220
3401
5402
-1
1044
444
2200
4032
1480
1480
3950
2619
4310
2122
25
2531
4341
-1
1016
3613
1829
5611
5402
4865
291
3139
1044
482
5402
4497
3422
4654
3592
4771
5714
3077
4984
482
2269
5336
2630
1524
2535
3222
5512
840
1636
4865
3340
1602
3182
3139
5671
5646
4454
4226
1429
1236
2473
2920
3139
5402
2285
5174
340
3260
615
3672
3976
1298
3822
-1
5551
-1
3628
193
227
2619
1800
1991
3000
1122
3139
5011
1248
5402
2762
-1
25
4007
5077
3726
1809
1601
1658
1384
1038
957
425
4396
4188
-1
4936
4226
3492
2292
-1
3813
1601
746
425
3377
1298
1588
5509
3397
719
5402
5402
1003
4373
1339
2514
1925
2826
3992
3768
3875
5147
4057
2497
3346
492
719
2867
2762
4039
4491
425
3996
4039
3139
515
3139
261
4521
147
3748
4550
1781
3139
4808
16
804
4945
2355
3682
281
3139
167
5471
1318
25
2285
1403
5402
2017
1945
-1
1290
3592
3139
25
1405
76
3931
1427
1307
227
3317
4896
4000
4944
1044
478
3800
2196
2365
3848
4497
630
921
865
2016
14
5062
482
2630
1054
5155
482
4045
1603
508
2762
5165
4912
1821
4815
5413
-1
2097
5062
3139
2485
1044
3985
2998
2196
839
1724
3308
2669
1196
2383
300
967
3404
4851
2902
2422
5552
1350
3363
4128
186
3838
4057
2993
4188
1576
2196
1225
5690
1370
2638
3875
996
3139
5238
5118
5671
-1
5293
4823
-1
1661
1036
634
3116
2578
2196
5156
1044
3010
5402
2404
-1
3179
986
4952
25
-1
2383
658
2994
1624
-1
5198
991
2285
1867
3342
2150
3139
3842
3139
195
4039
5149
275
3730
4704
5387
1910
-1
3139
1295
5471
583
5309
4713
4164
1269
1747
1016
5032
3003
425
1793
1601
1405
3074
3139
2196
4771
425
590
2196
3139
2535
425
1298
111
2016
2070
1706
2196
-1
300
1352
4226
10
3338
2724
127
5587
3308
2123
-1
3006
2285
-1
2326
1044
-1
-1
5499
3547
1405
594
4763
-1
827
2564
4588
1298
834
1154
2665
2882
1429
-1
1429
3139
3865
1298
425
1073
2533
3059
3926
1949
1636
414
3904
255
482
2762
2662
1153
5062
2762
-1
2154
4637
1699
3139
3150
2189
3855
792
5402
100
1699
1478
630
688
2857
3676
2762
-1
3711
4226
4667
3676
-1
3621
3541
5250
1003
2958
1206
3382
2267
3496
4945
3139
2292
4792
693
3712
2825
227
-1
687
2285
3682
-1
1298
-1
1206
5681
4555
-1
1298
2196
792
195
3850
2619
548
-1
4755
5132
-1
4136
2364
389
25
4039
1049
5402
177
583
5049
2619
5576
2008
2285
1757
1163
-1
2782
3840
5402
3003
4555
1030
5062
5442
1300
-1
5
5221
4545
1073
5518
4494
4332
3682
3308
2395
5361
4438
3728
5671
3368
2196
1601
324
3139
-1
4484
1206
2308
3003
2600
3621
5074
16
304
1269
4526
5310
2724
4354
1012
-1
1520
718
5271
-1
594
1405
3139
1044
2285
465
2200
3003
4226
1706
3046
427
2949
2762
743
-1
195
310
5366
5690
5047
-1
2285
4896
5366
3051
425
5545
311
-1
1976
3139
5303
4494
957
1157
1747
3139
4787
4720
-1
4945
5028
4040
993
2390
594
5566
5587
2333
1465
1586
2762
1800
5661
4811
-1
5028
2196
3057
594
1307
4604
1337
2724
5156
1307
-1
4603
1452
1430
5696
2863
4405
2762
4125
-1
746
733
2435
36
3752
3139
3749
5051
4084
5284
2619
2587
5169
5733
-1
3996
-1
25
1112
2617
3139
4226
4544
5595
3154
1601
-1
4553
2762
-1
2762
4497
3320
4414
1776
2662
3308
2285
-1
3985
2200
456
-1
14
4332
2196
4142
5402
515
2439
1315
3260
-1
4106
1542
227
2619
5582
960
3600
425
25
3946
255
3838
2177
5414
4162
3880
4406
5171
4865
5011
972
3683
3615
2409
2911
3098
3046
5402
482
2958
993
2602
5385
2612
2885
-1
1809
-1
882
4603
1297
2619
2012
2850
2196
3308
25
4635
4331
3139
1185
3449
993
3875
2196
3494
2308
5062
2196
-1
1472
4945
456
3139
540
3991
482
413
1017
4108
3946
921
1583
5748
-1
-1
1707
4406
1931
5140
2302
3098
4082
3077
3864
1804
2662
2196
3696
2642
-1
-1
4092
1777
1636
4836
-1
932
2619
5287
2638
3289
5008
922
1927
2196
1429
4039
1910
4039
2329
237
2401
4784
3139
-1
3317
1482
4674
1619
2660
1307
4348
25
1909
1904
2971
3761
3838
1632
787
5475
630
3139
574
4014
1601
53
2285
425
1853
5402
1405
-1
316
1764
931
3139
3747
1300
1809
3780
2441
1618
-1
4615
4525
3139
1601
1083
2196
1405
3712
2096
5587
2285
4847
2370
3869
-1
4341
261
1506
1044
1285
3139
4713
1601
1681
5063
3446
5394
2269
1339
4900
3352
4654
3697
454
3660
4142
460
1288
1249
3139
5109
600
3139
122
3586
4865
657
5475
-1
4290
2196
5667
4689
4771
3880
944
258
1297
2098
2565
5609
2619
95
921
482
1448
834
-1
25
-1
2285
4000
4331
5312
1297
111
285
461
4945
2144
4998
5402
921
425
1157
1909
4865
4039
3472
4603
5022
-1
5402
2200
-1
3266
881
4820
2570
2220
447
2122
3066
3080
822
4624
601
367
127
1163
5402
3676
5022
2196
1848
300
3069
2649
2972
5671
2319
2285
623
2196
5671
2454
264
2196
3677
1172
2304
1759
5049
1178
3139
4603
5587
2205
1206
556
3139
3985
4196
875
1148
3139
2164
1273
3308
3139
147
1650
5062
362
3380
4990
425
1307
303
127
2196
351
2273
2462
1852
4777
2714
2189
-1
5402
4966
1498
4341
4021
4966
3875
2948
3340
4545
5254
4890
5155
630
676
261
1698
1357
2913
1368
583
4404
1435
3267
5518
3676
3887
2497
2519
1917
425
4992
-1
404
2381
4966
5433
4757
1083
2285
4647
4228
3139
5453
5479
4999
2133
4203
4840
1304
2197
976
4497
5165
425
890
703
4517
1506
3696
1902
1677
4614
4158
419
2825
2619
4226
25
2200
5205
-1
5007
3535
443
92
-1
5402
3676
981
25
-1
3460
2813
3139
5122
1601
1156
5362
1147
4247
2196
411
3308
-1
5731
4598
713
2998
2339
1610
2671
-1
1367
195
-1
2358
5074
2120
2946
2200
1796
425
1119
3836
2196
271
3139
3046
-1
827
1521
630
425
425
2826
3073
1518
3353
4987
3833
343
-1
5687
1465
3165
5476
2813
225
987
5133
147
4784
241
-1
1313
195
3000
3139
-1
1777
1413
1459
5648
1636
1003
163
2363
5587
458
4639
2435
2060
2122
2196
5062
4287
2196
2954
5062
3946
5313
5361
-1
5243
4902
3127
3308
3691
3139
4280
1777
5582
-1
1546
3139
2762
-1
-1
2825
-1
-1
3139
4718
3621
3101
5587
5062
3869
425
5062
4720
3162
3586
3139
1506
4082
-1
25
1273
1583
3976
425
3139
5558
14
2413
2189
425
3139
921
-1
4802
3139
1095
195
2206
5062
3639
785
177
3139
1019
4497
4034
1380
2638
4840
107
3139
4878
177
4908
5062
4437
425
425
5402
111
3139
791
482
5266
127
1636
5657
-1
1919
425
1734
1273
4945
594
2196
5288
1452
3077
4379
3308
1402
4188
2565
2285
993
1484
2200
4331
2055
2535
3556
4438
519
1019
3003
2200
3139
3813
5109
3875
5402
3691
2189
3139
2886
5471
4773
53
5036
-1
2206
4142
3289
3672
1178
5671
1506
5576
-1
-1
2349
4032
3139
4884
2152
-1
2809
4369
1551
5152
1859
4148
3000
147
5049
5468
482
2825
4066
1945
3621
498
2333
1475
4048
4371
4075
1608
275
2285
2152
5497
5402
186
594
1699
1452
2882
1313
2762
2196
3621
5121
2205
4142
3139
1902
1826
5154
2117
2619
1681
5142
3875
2624
424
2189
1650
756
3549
-1
4227
1313
4778
1885
4771
4476
1306
391
2196
1452
-1
1379
4057
1407
834
2813
4966
25
5022
3586
695
1298
729
2211
225
5021
5471
1867
3954
2449
5028
583
5547
3003
3991
3378
1307
2724
677
3182
3315
3240
4966
2882
4702
4443
482
2211
320
3139
5062
238
2372
16
4990
3074
391
893
4498
3621
5402
2109
5068
3609
1019
5402
4005
1307
1017
3139
5700
3103
4904
-1
4705
2715
1206
4213
4226
3946
5280
1793
3139
2536
2435
5402
455
5385
4986
-1
-1
2285
5557
2263
1054
820
3027
1298
3139
5738
3048
4497
1876
1304
722
5148
425
3781
450
2762
482
147
2196
425
5284
1204
4496
4090
3095
1925
2189
2196
3139
425
195
4373
5402
425
1826
2122
4712
3006
1601
1196
1313
227
1546
3109
4966
-1
2762
3139
3887
2930
25
4513
3103
2285
5278
53
1082
-1
3682
2762
4910
2867
5319
5049
3682
5062
993
4970
1055
5284
-1
738
5402
4945
1003
3139
2016
2813
3139
1429
2285
-1
3139
3328
4039
2285
5049
25
3423
4943
4356
2700
763
3604
2333
3836
2724
5518
596
5238
3337
3515
3215
3015
4938
4553
4096
632
3682
4466
195
2828
3621
1439
3447
5062
4426
1313
2196
4408
-1
4992
809
-1
4844
2939
600
2397
2020
1624
4545
2196
5385
383
2977
138
1285
425
1827
298
4836
4890
53
3057
4226
903
-1
4732
2515
4376
425
2333
1405
1780
1601
3541
3139
-1
4256
1003
4606
4713
1800
2193
2592
425
2579
3139
2213
1019
1185
4338
849
43
3797
4906
2285
5474
1018
482
4142
3037
1016
3735
425
1682
2308
722
-1
3271
3240
5387
2146
1166
5002
3136
3496
3744
4878
783
5254
3113
5499
5140
784
4066
-1
2348
5503
5183
3000
1362
3970
4316
1480
3139
3495
1019
665
-1
3488
25
2196
621
2364
2196
391
3621
25
3110
2079
425
611
3869
870
1462
-1
2393
4488
1459
1314
-1
5047
2269
-1
2749
3954
1559
540
3401
-1
2762
5031
4718
-1
3943
5362
1168
1095
5304
4938
529
1023
-1
2964
3926
5402
177
5402
5396
482
4188
4865
5152
3139
4924
482
3449
3684
3367
5062
1361
-1
2789
1467
4153
1946
443
3251
4784
2615
-1
630
4039
3403
2990
1324
350
4349
3139
2200
5392
4213
1750
5402
1405
645
1551
2200
2934
425
4890
2200
4353
4421
2196
737
5062
3387
1218
25
4555
715
3139
1019
2189
1095
3647
3520
587
-1
-1
3072
3946
969
1307
5041
-1
4170
3836
338
5062
890
2619
5176
1650
3040
2762
3317
2955
5707
2196
937
5441
-1
-1
1073
1805
3139
482
4276
4654
3139
311
3080
798
53
1465
25
4720
2135
5595
3139
540
4226
2200
4251
258
2200
5062
450
2825
395
-1
3546
1480
1829
-1
77
1095
1161
4142
425
3363
5401
1636
2196
2950
1681
5693
5113
3654
5419
2196
2243
2185
3139
2151
3139
3474
3974
3072
3139
2096
494
1569
-1
3066
3458
1647
4158
5687
5049
3308
4226
3139
4447
3139
156
-1
2466
5340
-1
5133
3943
3880
4145
3495
1843
25
2962
4808
5402
539
4053
1353
823
1681
3887
1632
3577
3139
25
1480
114
2200
5712
2196
2008
3822
2939
2762
-1
482
5055
2876
25
-1
4060
3352
2135
3255
4209
5397
2751
3854
4763
4698
4000
255
2164
3139
5247
4875
2195
480
3074
25
-1
5271
4787
1185
3843
823
-1
5480
2122
3139
1129
3139
5343
353
5062
5087
5375
3595
2825
-1
4713
3139
-1
2462
4887
1584
-1
3037
1638
3139
3682
763
-1
3072
2619
2615
1931
653
2380
2825
5622
4032
4553
1285
5706
5062
3682
612
669
1313
374
2956
4497
243
62
-1
2629
-1
5619
2619
425
3461
1068
1185
2156
1019
2989
924
5062
2201
1210
4611
5402
4194
4647
4053
3962
3934
2281
3738
425
4720
4039
4078
484
5433
5068
1475
5556
2243
427
3139
612
1313
5285
787
-1
4654
5028
5690
1545
2429
428
752
5351
3996
5419
685
1656
425
3160
3139
-1
4825
3629
4521
3301
1722
1522
3139
4878
2196
3035
3276
5062
3506
2114
41
5354
823
2619
3392
4981
5576
1433
2587
5062
25
1601
2605
5550
1031
5402
3623
654
713
488
1632
1557
482
3815
5062
4125
4226
4354
-1
2901
2565
4890
1811
5112
5164
639
628
425
1348
-1
2634
834
2615
1625
1354
58
3057
3302
53
4007
1160
4771
5402
1488
1583
-1
4039
1185
4497
25
4713
2655
3532
3139
3139
4189
1727
3940
432
-1
1722
1664
704
3139
2850
1298
5518
2736
2196
1315
1429
454
4530
2196
3139
2196
4771
4966
2266
62
4865
1759
4142
967
4352
-1
1195
-1
4771
4820
2619
2195
2196
1564
1681
3139
-1
3641
3663
1153
4226
4713
1013
571
2876
1404
79
5068
3887
4001
3308
681
3422
1872
3943
2196
4598
3308
2016
562
632
3139
25
3139
1583
3783
5267
4358
18
2196
2196
3139
3880
1521
198
4373
1902
3139
4713
3139
25
5475
1466
2762
2825
1601
397
2830
-1
3037
1244
834
4625
3139
1367
541
4032
4880
1685
16
2196
1183
-1
425
1938
1909
2724
3139
974
3863
3003
1172
4600
4181
2741
1684
4578
3931
227
4482
2356
-1
1595
4159
2959
157
-1
37
4765
5081
5370
4713
5583
-1
787
5101
1653
1044
951
4708
3308
3676
3420
4978
411
1503
41
425
2705
1168
-1
-1
4763
1116
4771
-1
5133
4387
-1
-1
1619
3577
4226
3467
25
-1
5577
3182
3875
3621
1948
1300
2140
1294
923
2196
4193
3888
5402
4373
3261
729
4836
1298
2117
5239
-1
1172
25
3584
2522
2023
1588
1095
539
3034
2195
1891
4039
5062
5619
5028
1378
1700
1185
1891
5695
4046
3288
195
1077
3841
5557
2873
1060
62
5062
3139
4373
1483
1685
415
4718
1294
2813
5402
-1
2615
393
3651
5437
4255
2120
2096
3139
1465
2943
-1
-1
4894
931
4447
-1
3308
1273
3573
-1
5107
1185
2619
3110
-1
3139
5062
16
1821
3301
4810
1083
2196
3317
3937
2196
3139
3808
-1
-1
16
4545
5226
3586
787
1601
3028
-1
-1
3875
-1
-1
3327
667
63
261
1583
-1
348
228
2085
-1
3139
1124
4142
4060
4039
1313
2122
1019
3838
2146
5028
281
5213
2539
3139
-1
5521
3215
1709
642
287
2196
-1
2196
427
-1
4878
1201
5162
5402
1461
3075
5402
2842
3139
5493
1601
3139
5140
455
1662
5710
177
4373
1054
1465
2376
4966
1339
4226
5290
2200
610
5062
3049
5402
2196
5062
25
1063
16
5062
4497
3875
425
1379
4828
4045
1562
-1
400
1168
3495
-1
-1
2164
1269
2724
4478
2773
785
3136
-1
-1
2879
4890
5122
3139
5664
5518
92
3875
1821
1168
680
4332
3991
2124
2662
3999
1384
1300
583
3197
5243
2164
2196
3549
-1
3916
2196
-1
275
1006
4966
881
2390
7
-1
937
2196
455
3139
-1
62
3887
1313
4506
486
1800
5062
923
-1
1890
5156
5271
2265
5534
2135
1429
1681
5702
3610
2638
4611
4720
145
5587
225
2934
3139
1465
3139
4015
3139
3238
1588
3003
5619
2196
834
1171
4073
-1
4949
25
92
4689
1044
1465
785
4939
425
1853
5178
2615
1183
3380
5490
25
4718
3139
1601
3139
5643
1601
1465
2285
5088
1088
25
824
1384
5081
-1
3682
2390
3077
3582
3191
5362
3139
742
5049
923
2285
630
1452
5156
4062
425
5140
1178
1230
3521
3712
227
277
4890
3139
4567
4945
2196
5419
4654
2349
1876
1465
4986
1405
4232
178
4327
4226
1699
2109
3944
2067
1902
25
5043
3125
388
1623
25
1076
5502
2200
1019
-1
4142
4890
1830
5183
2636
1367
3139
1433
4176
3139
1427
3943
-1
5402
5050
2724
2196
3310
3139
5001
2084
3003
2882
2822
3904
3289
195
3623
5402
-1
4484
425
4498
3761
2766
5278
-1
3170
3136
-1
2762
1286
1468
-1
917
2196
5582
275
-1
540
3696
540
2821
1727
3139
4701
3503
5731
3682
1307
957
4652
3139
5402
1016
2196
5280
311
2882
4896
1793
1185
5075
2691
3308
2116
1238
1776
-1
482
323
1210
3357
-1
-1
4688
53
140
4142
3997
482
3077
-1
4110
956
2285
3057
1206
4153
4654
4074
3259
883
25
4396
3139
3803
25
923
25
1567
3084
1206
2876
5402
833
1298
1044
3139
2122
3838
746
5616
4111
195
2678
-1
-1
2200
3999
3071
2122
177
4280
5587
2911
3772
885
4890
4007
-1
5402
5341
303
214
4611
1624
3139
3871
1197
25
4126
3875
1429
3924
3139
5551
1909
5062
425
3833
4890
1307
5071
4709
25
4443
3748
25
482
1631
1057
1671
3139
1322
3054
4718
2285
622
4584
1185
3003
1054
5218
1210
4890
4107
2911
2374
4945
5402
2572
258
2679
1335
175
227
2200
4929
425
1480
2196
-1
1172
2200
-1
528
1636
5695
1650
5062
395
1635
16
1258
62
1935
1470
4057
3139
3933
4045
5402
227
5471
4771
2332
835
5646
1601
5322
5499
1391
1131
547
1706
4819
3838
5049
1269
4720
1407
425
4286
4071
4598
3139
1601
5254
5714
2104
2164
590
2189
524
138
3110
230
1460
82
3943
4127
5022
2200
1692
1699
474
4555
2146
1928
3137
3139
787
2689
3100
3308
4444
-1
1178
2738
1601
4884
111
-1
3139
1371
3480
1565
3289
3139
-1
2333
2808
3781
2615
4438
-1
850
690
2374
3139
4014
2271
1516
-1
2200
2325
1390
-1
4784
40
2345
5402
4890
4949
2122
5062
937
4373
4890
3139
4188
2292
1681
-1
4784
25
92
-1
4877
3139
1117
5497
2619
4181
1506
5221
3139
-1
1635
3072
2549
1636
3139
5512
2570
1168
4287
4487
650
1307
3139
2439
-1
1073
1465
3914
3139
2196
3573
2674
5436
2269
482
2285
1506
1681
2895
3007
-1
1016
3528
3110
1429
2762
2377
4890
25
5129
3223
2149
3946
4028
3139
4598
4463
4396
304
785
3060
1116
425
4891
4945
5412
377
4611
5402
3139
2285
2762
-1
1298
4082
25
425
331
2497
3833
4142
2196
-1
1538
127
5062
4158
2724
5402
1108
-1
3296
-1
5087
5732
2122
1945
4639
4865
3917
1830
1006
3141
4276
808
2824
-1
4615
820
1119
2196
2914
3382
-1
1572
937
2183
4158
3682
4453
5213
1307
2196
1468
1699
4984
583
2390
425
482
4784
3259
113
594
2762
477
1269
5118
1019
3996
746
5171
3066
24
-1
5466
747
993
5402
1630
25
2850
1746
-1
1809
193
25
5587
3916
2943
-1
3064
-1
539
3003
2196
1637
454
3139
-1
928
2196
3139
1452
3139
4906
967
3139
3537
1875
1213
978
5022
4037
4265
5603
-1
3139
1429
1796
4105
5402
4815
2619
4545
861
-1
630
5602
4142
3400
5062
4713
1119
5077
-1
1759
4558
1269
5362
5499
5402
5595
5018
2196
5722
748
-1
1583
823
25
5402
227
1339
3139
4497
2113
3591
5616
2727
2638
2196
4118
3139
1433
5483
2438
1601
3139
485
2825
807
1297
1752
25
1083
3240
2037
4018
5671
1588
-1
1185
4771
4927
5172
2326
3219
4495
3339
1095
3139
2452
548
445
2989
3994
2285
561
1047
5002
695
2196
1480
4451
3218
1504
-1
127
5731
4775
304
4970
5162
-1
3139
906
3813
1230
183
152
5426
4226
4452
2989
5340
1307
3782
15
3080
4373
2122
594
2762
4332
916
4080
2122
4998
-1
2243
5384
3240
3139
4270
1044
2368
1168
5402
482
-1
5062
1339
957
-1
1201
4966
-1
3824
5402
1272
25
-1
-1
2380
2762
2690
3838
995
2439
2097
1116
2850
2285
3714
2880
3139
5491
921
850
1024
4598
-1
2364
4135
3072
514
1898
3770
4836
719
5094
-1
908
5071
1095
1429
957
1016
2453
494
3029
1809
2876
4137
1429
4890
5133
1185
5087
5402
1298
1157
2153
3139
675
2206
4667
5028
4654
2832
3139
5587
3139
2153
3139
2619
2200
2901
3549
25
1601
1003
956
5748
5695
4513
1296
3645
4407
1601
275
4993
-1
5402
1601
16
1168
2762
1681
284
1354
3139
5112
5062
2615
5497
-1
2090
2285
1843
-1
-1
4192
1468
5073
3641
1829
1354
1054
5497
632
4989
2098
3528
51
1675
4802
755
4884
5497
4142
4110
2055
4992
-1
-1
727
3139
475
-1
1636
1204
5062
1706
4057
2279
3139
-1
1307
3308
2615
344
1636
937
2146
1559
5015
2463
4787
2807
2189
425
3800
425
2863
2135
-1
2535
2448
2863
5062
482
3943
2754
5393
2306
5494
2148
1429
823
814
1307
-1
285
2106
5233
1215
-1
2196
4162
1044
4195
1480
3875
1230
1777
4039
-1
3139
1168
2200
3810
4387
3488
1429
693
4865
3139
4054
1465
5587
5402
25
41
261
1273
3904
-1
2943
227
623
2285
3139
3139
4544
2722
3610
482
3907
3596
4890
3621
1061
3672
1664
1073
2135
5085
-1
1168
258
2911
1945
1405
1016
5364
4713
319
1432
2390
3996
391
-1
1036
2939
3139
5062
57
833
2285
598
425
5687
2135
1945
3139
5698
3323
1298
1157
425
5731
3875
2196
3816
2825
785
3165
3630
2813
5651
719
283
2911
5155
-1
1172
4032
1405
804
3139
4966
5426
111
3621
3032
1012
41
3139
986
1185
-1
5293
594
-1
4286
5502
3580
3139
2457
5402
1867
5521
2885
1193
5013
5062
1716
2196
3980
2285
1101
1921
1297
1178
436
3638
4110
214
540
-1
-1
5236
2598
1699
4039
3399
1234
797
1390
1498
4490
-1
3101
690
1298
3240
4226
4321
4371
5162
2516
2959
53
-1
4294
4371
2196
4713
1588
1180
1425
3139
5062
1779
1297
2257
51
5271
921
2762
243
1208
2200
1196
5062
5235
3721
-1
1482
103
5587
5089
4226
5132
3046
3623
5665
2834
4039
2615
16
1672
3401
5402
5031
4105
5587
1479
2816
2196
4039
5077
1491
2330
1619
1298
1402
195
3730
3139
4245
5334
2813
630
5712
2420
823
4720
1957
1086
5271
4513
2096
529
-1
2206
3450
3676
14
-1
4223
3539
1405
183
1619
227
2196
1019
261
1928
2724
4226
4039
4801
1588
4276
227
1152
2548
3340
2286
1692
5402
4123
5062
5472
3054
1405
645
494
4497
5028
2954
-1
4406
957
4945
2196
2083
425
2934
3771
5087
2164
3139
5028
1354
1297
1461
4142
4317
3875
3009
25
821
4034
456
5402
2645
5062
1876
5062
2762
2383
4327
1506
1676
904
1962
14
1300
-1
3398
2312
4494
2308
4366
817
2363
1429
844
5151
2196
5384
2285
1307
4805
3145
1821
1049
-1
1480
2762
-1
-1
4733
-1
3887
4373
3139
583
5574
4713
5325
161
1465
3945
4945
2285
3711
4921
5402
475
2325
1190
1285
931
1895
2035
2390
3139
5551
4890
2825
1538
2571
2393
2619
4984
3034
541
-1
-1
3055
4865
3139
1120
4961
3139
4373
1429
5062
1185
1814
1482
-1
1339
2762
3467
2196
785
1776
739
2196
4576
4492
5043
2993
2196
25
-1
3449
482
1699
1000
5486
3139
5062
-1
5706
1452
3204
3496
2196
-1
3139
2619
5121
-1
3139
5140
3943
25
3946
1168
254
3352
493
3480
2762
1313
4966
99
2580
993
-1
1151
5062
5195
3139
1757
5062
2994
1568
3182
4150
5595
3139
2691
3139
1776
1269
4128
56
1515
-1
2196
4654
916
2432
2324
3974
5180
4559
4082
-1
2476
425
4611
3139
2813
2285
4763
5049
1300
3139
1831
5288
823
3996
4502
3139
1573
882
1206
86
3756
5340
2196
438
2164
1016
3308
4949
3392
2196
-1
687
3347
5271
3157
5521
1178
5512
1961
2328
4188
3046
4436
5402
1152
1044
41
1433
1427
643
4545
906
2196
5155
1354
4564
4586
1231
4160
4820
227
3139
1429
5003
1269
2562
1475
1681
5656
485
2876
92
622
548
4110
681
1168
-1
2066
3308
1781
5085
3030
3738
960
1012
3880
1219
2702
2164
4717
916
5402
-1
4054
2440
-1
-1
-1
2675
4280
3139
2758
225
407
5243
782
1925
5507
558
4226
324
5587
1699
5122
2200
4884
4611
2345
25
1874
1098
1231
1003
227
1792
5387
425
1339
687
2648
195
683
475
2449
3366
1636
4353
3073
3916
2462
3565
4396
-1
2196
2474
3139
595
1206
3333
2189
3725
540
3308
-1
916
4802
3139
5271
1583
-1
1796
2121
3696
3222
798
5521
53
438
5744
5700
5497
3287
2382
1448
3139
3139
3828
5142
4227
4966
-1
3003
1298
2739
-1
4367
1636
4188
3641
3837
573
2200
966
4713
5402
220
4665
1298
4039
4373
1902
4836
5049
5512
3139
5540
2196
1583
227
-1
3373
2813
3139
3682
5414
5140
2196
2724
3985
1429
3874
425
1792
5122
3621
5140
1152
5613
2615
3956
5139
5110
3869
2703
284
1684
5362
645
1472
1253
3201
-1
5475
668
-1
2874
5587
810
2196
2189
1465
5473
2567
4075
16
2376
1339
5049
425
1307
3636
3139
3317
1429
3888
303
5031
53
5
399
1601
3139
2196
5671
4966
-1
4998
4039
4184
4442
734
102
2778
15
4945
1429
3139
227
5071
2122
3485
3315
1716
1294
5062
4945
-1
3139
923
4078
4676
1389
5402
2865
2183
825
4966
3115
3738
1945
716
650
498
2200
3022
1429
5273
583
5508
1499
3139
-1
4890
4276
-1
4112
2245
1075
5362
1608
-1
2813
2007
825
768
1429
1157
482
2364
3549
4661
4945
3987
3997
1632
3880
3308
3072
5082
425
4619
425
3308
639
5402
3650
5392
1298
376
1463
-1
2454
-1
5262
2313
3139
3139
3292
2227
494
2195
1429
425
4298
3950
4815
3800
-1
5497
4438
4713
1951
1283
5208
25
-1
-1
2196
957
2882
2122
2599
5419
4209
425
1465
1855
2292
-1
1206
3875
1405
5362
932
2338
3387
3338
-1
787
741
5362
586
2333
5402
109
3297
970
4482
2762
2084
2903
2019
2808
4226
4057
4484
16
1269
2619
1959
687
2882
1930
2762
1583
2762
1313
5062
5210
3139
4252
4651
3728
3139
-1
3462
-1
634
409
3139
722
823
25
4468
-1
1379
4984
1729
1185
3852
5205
3308
482
361
5497
1588
2975
623
4878
3343
5598
132
1210
4305
1832
2863
1101
2196
833
5497
5513
4986
4992
3139
3308
3480
-1
3101
5107
5205
4231
5570
3139
3862
2882
2625
114
425
244
5327
2838
3070
5062
253
2196
-1
4654
482
1831
5547
1407
425
425
4200
2383
1307
2838
1083
4110
1681
2196
-1
2285
4571
1298
2191
1776
1673
5191
661
3139
540
5475
-1
1313
2848
2535
1359
-1
2376
785
1470
4836
3696
937
5581
2220
2314
1161
4507
1534
1230
3139
3870
5077
4991
1894
3139
3139
2674
-1
195
4188
4497
-1
2639
3748
578
2333
2882
-1
3682
2021
1521
2435
1601
5714
5068
1313
243
25
2465
425
4291
-1
2435
4040
2195
127
14
4265
4226
-1
-1
5061
-1
1823
1860
4209
594
-1
-1
1465
4992
1472
2574
1427
2994
1285
4692
5142
4621
1326
1601
3139
3003
-1
2470
632
-1
4986
-1
5650
3025
4713
341
3880
-1
-1
1017
835
5198
5028
1196
5582
3101
1230
2676
514
5362
-1
2668
5062
5576
4039
5353
4448
1601
3452
4151
503
4878
4104
1058
92
4670
3675
-1
-1
1076
4950
3996
2196
4075
3748
482
-1
3139
3139
957
5488
3139
5402
2019
1800
4720
2196
1429
3725
1210
1636
621
1194
4373
5062
2135
3875
25
1294
-1
-1
3317
4873
1850
2196
923
3682
3621
2741
1583
2673
25
1298
1429
630
1121
1001
425
-1
1307
-1
2825
1465
1583
4497
4393
2196
4007
3707
5002
4760
5062
4092
1183
1588
-1
-1
1429
3139
-1
2565
2703
2934
5677
4733
1757
2838
-1
3080
425
594
49
3943
3139
5731
4718
59
5340
3580
5402
1161
3139
-1
-1
834
1830
5339
4966
1044
4654
3242
5582
3139
-1
53
3933
-1
2189
3054
3291
2196
-1
711
356
3650
485
25
3139
5049
4037
3690
4598
3921
3139
5402
3139
4694
2109
2189
2196
482
3139
5714
1173
3172
2994
3754
3139
4096
-1
302
823
3694
3113
25
1452
-1
1036
5402
2306
2331
-1
25
5062
743
1949
2850
5587
-1
3591
1402
2211
938
57
261
4177
3044
5497
1101
2196
3308
1092
2443
4884
1744
-1
1206
3308
3139
1084
5493
5093
3820
2016
4437
1596
5231
1529
3003
4377
3676
1230
4969
1061
3969
4684
275
3139
3067
5062
1180
2285
4226
4313
2285
1727
2320
3466
3049
2376
4658
5123
5093
5402
25
3139
4912
2414
3148
3101
1252
2819
366
2772
688
1699
1636
3521
2901
5587
3723
5616
3136
2435
3550
1119
4713
600
1452
-1
823
5496
1300
3139
4066
5062
641
3823
4701
5264
5085
4654
923
1780
1313
1307
2389
-1
4447
643
3139
5219
3139
695
465
1307
4323
5132
3315
3621
1193
-1
1923
5402
4348
3792
1588
3875
3554
5419
452
2351
-1
2467
3318
1902
4200
5279
5061
2285
3293
2578
1681
4615
1300
1458
1307
3139
-1
3238
5278
5313
1583
2754
1850
1699
5746
3526
3296
4569
923
2572
5384
2196
3847
4330
3887
1012
261
3067
4889
25
787
5402
5254
4426
-1
4197
3139
808
1699
1113
4228
92
2579
1302
3828
1974
425
4968
5587
1283
1279
4225
-1
25
3240
4999
1210
5239
2172
5122
5402
959
4226
4265
3467
-1
425
425
5587
3276
-1
482
3113
3035
5022
3838
1757
3991
5587
2854
5003
2671
4949
4226
852
3820
2570
4070
5556
4512
3139
2366
3590
3139
425
249
-1
1796
3139
668
1777
391
1493
3139
4158
147
739
4243
2326
3139
5062
166
2691
1931
1195
3018
5497
2365
34
1104
4039
1671
-1
4337
1661
4890
1932
5028
1044
4354
-1
1042
-1
5164
1631
4874
1776
524
5049
-1
2350
1632
2882
4037
2196
4890
171
5092
5524
461
-1
2615
-1
2285
-1
1178
5062
-1
4529
3139
3139
3353
4211
938
4720
2517
3067
5311
-1
5304
1979
2285
5087
4978
5402
5062
2019
1168
1525
3999
2390
3139
2762
5061
5087
4197
1298
643
1206
3621
1661
5062
4945
5504
3028
4340
5254
1297
2615
5362
3107
2794
706
1044
5165
669
1624
5616
3139
4443
4792
1628
4011
168
-1
3543
474
4792
3382
-1
-1
3615
2196
2308
2135
1760
3072
3467
3943
2681
5062
482
787
4373
2016
4966
1019
2196
3838
2160
1452
1699
4611
5611
951
1007
3939
3946
5587
5587
2190
4998
1458
3916
2085
2196
1945
877
1475
2420
3308
806
1405
1601
3139
4111
5497
1054
369
2196
303
1297
4986
1323
5504
5218
25
1598
1546
4998
1160
4857
833
4720
-1
5271
5742
3503
349
923
2762
1309
1429
3676
-1
1061
2122
703
4401
882
2649
4142
5003
4890
2200
1622
1681
1470
1313
3719
132
4111
-1
-1
3033
4226
4287
1429
1459
3546
4807
3139
937
3986
-1
227
3289
4890
3139
5292
252
25
2196
1538
4815
2691
2497
3426
482
5254
5050
719
2285
3308
5177
1912
-1
-1
641
-1
185
4140
255
2762
4177
4900
4125
3495
425
24
716
586
138
258
494
2196
-1
5547
177
3139
3566
425
5419
2196
834
3809
425
3317
1240
4477
4576
5049
586
25
2619
1354
4147
3066
5402
25
540
1776
4200
1183
2156
1095
-1
2164
1800
5651
5725
3164
255
5510
1297
4484
4007
556
3107
4945
33
1861
4683
2818
5194
5333
3139
41
1601
4654
-1
2196
425
3238
1722
4435
-1
5062
-1
3139
12
3139
1265
1868
358
1379
2196
591
5419
3864
53
1053
-1
548
1776
1180
1044
3485
1809
806
5064
4966
3621
1465
4890
4012
2901
1482
4373
1016
4497
3524
1874
3362
1650
5587
95
3139
4718
3046
1888
3720
-1
2390
3139
1306
1800
2174
594
2615
4111
1269
1511
3885
438
2762
-1
1307
4070
3946
4713
441
3139
-1
2719
3651
258
3139
-1
4048
-1
-1
4945
51
3488
1206
3839
25
5124
2196
2262
3570
1462
2810
-1
4415
508
1006
4431
4142
1861
4037
25
4128
5146
4747
3645
2116
3833
3632
1661
2160
3728
1743
-1
997
1339
177
4065
630
2374
5571
2697
3139
1793
4654
25
921
5624
-1
1699
3139
540
2383
3838
5133
5002
4771
3136
3703
3139
785
204
5683
2183
1006
5049
427
425
1429
3682
4039
2285
177
3139
5013
3290
4226
3974
5244
-1
269
2570
3994
1959
2515
3875
1908
4044
425
5313
-1
1427
2616
3301
3139
1429
3072
2971
3136
25
2196
4508
2678
3139
451
3041
2254
4039
1178
-1
53
1183
540
147
5378
2196
485
408
1313
2750
1284
2383
1465
3074
5062
3768
1711
2467
465
2364
-1
1959
5132
1636
4185
3139
923
5271
3297
288
2895
2260
4771
-1
4129
5587
3139
5085
3139
1564
3139
4556
4337
2146
1298
4158
3293
4334
1583
2943
57
3921
3744
3107
127
2554
1798
1095
2998
5000
809
1167
25
5273
3903
4541
2196
2269
1057
4966
1555
2736
2029
1405
324
3101
3485
4280
-1
1427
484
5674
425
1583
890
1101
5178
2383
5213
190
1429
4945
3139
3139
2964
1429
1157
482
-1
2921
610
2781
3980
3507
1089
2748
583
5667
2516
2096
2829
1244
4561
1291
3139
4865
2834
2741
2285
2499
-1
-1
3139
1953
2813
1692
5085
1809
3139
540
4820
2877
1914
2195
1307
4718
4028
547
482
3878
1681
4611
3676
2172
2431
1016
785
5402
3308
3072
14
5506
787
5402
3004
1945
1693
482
3369
2059
5183
4458
2196
1408
3495
1261
5269
-1
4200
2566
3875
1184
-1
1095
2794
4777
2149
764
5699
425
750
934
2196
2476
561
2164
4498
3976
5252
2321
5062
-1
3139
2762
3042
2825
3113
4784
425
2196
3887
3446
57
5232
5062
852
3139
4373
1180
425
3239
3657
-1
1044
3768
5402
5183
1276
1405
359
3074
4528
594
425
-1
5410
1598
630
2383
1313
1315
425
3139
5402
1083
233
5473
4332
-1
16
-1
2989
1619
354
1541
2196
5308
2280
5254
1384
4497
4654
5497
5304
1729
4598
2196
1563
4424
2813
425
4919
3875
1183
4158
3565
5313
4295
660
1185
3139
2195
3139
1427
2083
2285
5213
3629
4311
4156
2196
1228
5402
875
755
3283
1352
25
2196
4771
3800
2767
3750
25
2196
3294
1359
3628
515
2505
-1
706
5733
3308
1629
4929
4855
425
3139
5712
3998
-1
-1
494
4332
5432
4802
3719
73
5217
2109
5326
3139
4921
1201
1119
127
1073
1462
25
4889
3308
3066
2934
1452
482
-1
5150
4580
3140
3467
2122
1215
2454
3139
195
-1
2978
3139
2364
5587
97
2196
391
4617
5046
-1
3539
1407
3139
3062
4958
-1
4833
1961
5297
2269
1378
3184
2146
3621
-1
1155
3637
1504
-1
3496
2200
-1
1313
5402
4079
5049
3868
2863
4875
2164
1255
3994
2762
1069
3039
168
16
852
489
2929
695
1038
2691
3308
3139
2435
5507
1283
3056
1971
542
1283
1354
5062
2713
3088
1269
2133
4720
-1
1699
1307
4655
4809
147
1723
5183
1793
1082
5210
3873
3569
2850
4900
951
-1
2200
5278
4561
3985
147
3139
3369
3139
3308
2524
3308
882
-1
5587
276
411
448
5632
1506
1044
4909
4720
3139
2673
630
2196
2763
2196
25
4689
3985
4406
5664
3592
2200
2734
3165
4183
2573
1044
788
3101
1313
4341
25
1172
2994
763
3139
1912
1573
93
2889
1385
853
2943
3994
2376
2204
-1
-1
1044
3822
1081
2762
-1
2122
4800
4287
5067
391
1475
1183
391
2196
2882
2196
3672
1496
2285
2122
5362
2160
3875
4497
780
5402
3139
5521
4006
4966
147
195
5402
4713
425
1405
258
25
2269
1504
