3038
1517
3115
834
1016
3139
1636
3007
5402
1307
4992
11
2611
1429
5241
118
544
4948
730
957
1095
695
5319
1429
3139
3543
3218
4038
3139
5164
1178
2122
1821
695
227
4859
4998
3139
3351
5142
2531
3139
457
5442
1300
1313
2240
2611
4602
1307
1149
3240
5287
1178
3308
4039
1902
1307
3092
5608
3139
5522
2951
1178
1307
1928
2982
891
227
425
3139
4373
3115
425
1583
5426
5571
3139
4561
3768
1640
2479
5402
3875
1044
5596
1955
3139
695
5288
4793
981
1526
1699
1902
5587
4062
2634
2615
784
3303
3846
2777
2762
2240
3991
3856
2587
5587
315
2563
3360
3712
2454
92
219
1262
547
3139
102
5415
5133
3712
3838
5235
3377
630
4521
5687
447
1594
3676
1902
5443
4402
2408
3924
544
4689
3139
3530
127
4972
547
5512
2196
3139
4521
314
740
1824
1739
2164
5509
5608
3139
3240
1429
29
1448
975
1371
4287
540
5598
5077
-1
1775
929
3139
4521
2882
4039
2619
4720
3184
5074
4221
611
3838
4518
455
1902
3712
3139
1993
4368
3620
1639
4696
3349
190
5402
4561
3139
4190
1722
425
4298
1480
487
3996
3139
810
3687
1016
425
281
1024
5062
2765
5384
4521
3136
3139
5402
1994
4039
3996
1206
3580
1300
3139
5062
245
832
1313
284
3139
1915
4280
1863
5261
544
4070
3712
3385
1313
3139
1621
1783
4864
4521
5402
5466
5576
462
3580
1307
5431
5432
3074
2196
2269
3920
2724
2825
425
3448
4190
1254
2662
4521
4190
41
916
5712
5587
3946
972
3139
847
1583
1339
5587
3139
5062
425
3139
3188
92
5180
44
428
1297
1902
5133
3800
348
1307
3139
4524
1482
2196
1638
5056
457
4945
425
2196
2037
3621
3139
3139
156
425
3139
4634
2380
425
3597
2619
3139
5699
1307
5101
3653
2531
5402
287
1149
1298
4171
5443
5085
683
1269
808
425
1199
2200
425
2195
421
4771
3784
3556
4438
2215
127
5574
4682
147
2376
5521
4984
1016
2833
4606
3660
2009
4728
4654
887
4311
3590
2229
2037
3176
5132
2671
2700
227
3681
1407
2405
5333
177
5323
3875
5448
1307
2838
1297
3139
541
4219
3621
2634
872
2328
2867
3240
3139
4700
4232
2671
3385
16
4736
5053
4966
25
2196
-1
1484
2895
4200
446
4771
25
4269
869
4548
5355
3448
3229
2762
1452
1297
3681
5509
3589
1429
1304
3139
4438
1986
20
2200
4935
5587
4700
2189
2454
3863
2321
5239
5308
4283
1640
277
-1
3676
3110
3423
916
443
1198
4076
3875
-1
3831
5274
1184
444
5271
4108
425
2762
2503
1267
400
2234
376
3733
3653
5524
2201
482
3139
1583
5068
2285
3422
4555
695
5062
482
3712
3139
5587
16
4337
4180
127
1690
2348
2370
1931
5379
4300
92
3139
3888
3427
5402
2634
3139
4936
4172
2671
1480
5587
4438
1708
41
3066
3139
2338
1407
2401
3139
537
2196
4661
1337
5402
3171
-1
2671
5062
3136
1850
3595
5286
2196
1206
4008
1071
425
1405
1199
4945
4763
1968
2338
3734
2058
2233
2882
540
5228
1583
3139
45
5450
4032
1313
5008
127
18
2201
1313
2575
1936
2927
882
1383
2009
1647
1633
5587
1914
4992
249
2695
1475
147
5172
2766
4231
2196
2200
5271
1969
3768
1997
2874
225
2619
4036
1206
1509
2631
3863
4474
147
2454
714
4283
2462
5616
1269
1669
2752
1307
3647
5584
4945
557
1044
4158
1688
4008
1710
3139
1139
630
4496
661
2766
5271
400
5610
1339
1601
4593
187
5092
3139
1209
4657
3996
571
845
4311
3139
3959
2164
147
5402
2122
5530
2934
5179
4068
4008
2339
4615
1629
3800
3224
3716
4859
-1
3653
2973
41
2837
4690
5133
425
5133
1583
425
557
4255
2196
5451
3139
3139
557
425
4188
3782
2214
4332
5587
1517
25
25
3987
2196
2292
4997
4966
2462
4196
3421
2196
425
1307
2890
241
3307
5239
2243
2196
5587
5254
-1
639
575
4890
25
4986
2196
2671
2462
2610
2333
4561
1384
1803
1435
5185
5062
2854
3946
2867
3139
41
452
421
2967
4654
1974
4345
540
3139
3985
127
5387
5286
2672
3382
1199
5387
2196
2662
1510
5402
5584
4662
1316
2861
4907
2911
2779
2215
425
3139
3139
3621
1475
1681
3449
1601
127
2067
3996
3139
1875
4426
3875
557
1480
4225
1875
1339
5587
2196
1875
2714
2350
2462
425
4038
41
2214
4815
5552
5104
4521
4005
425
425
4654
5176
2087
2462
2523
175
2615
2320
5433
425
425
3141
4039
3447
2752
3800
425
3139
5561
4595
4907
4712
5333
16
5043
4188
3963
1349
3676
4025
924
4129
1349
2838
2285
3139
1688
5392
1775
4497
1688
18
1152
378
4373
540
-1
557
5412
1601
1307
3050
5049
4112
2312
5104
5133
3269
3594
5085
100
2200
3139
4662
2000
4345
4070
1944
4373
3917
4859
4846
400
1629
41
4984
195
1405
4129
4373
-1
227
5711
639
-1
1699
4110
4654
4662
5472
2459
5402
2186
5042
2294
4634
2016
5056
2234
5587
-1
5518
3139
1152
5286
3240
2724
2234
4039
4008
5326
4039
3139
25
3586
4553
2762
4526
2619
1931
5062
5331
1286
166
4371
1843
2885
2626
2762
834
5085
3037
1516
3139
1930
5644
5155
561
3139
2762
4039
1295
2196
2651
227
3115
2196
540
2285
2205
2672
2931
4802
5049
583
2189
2882
1783
1702
2196
3949
5410
4225
1298
4995
4188
1601
1928
5715
3915
514
425
1465
4717
4904
4368
2615
5402
2615
4784
4890
816
3189
2195
1539
748
150
3774
5062
432
2462
5396
2615
5286
5487
4566
4814
1178
5493
3689
3205
3139
3139
4802
4814
4298
5402
3621
-1
857
1535
4814
5043
2743
5497
5160
3167
1583
3756
3139
1206
628
4966
2086
418
1041
1084
4653
3724
4264
425
4945
4973
5502
5744
747
4482
4521
2619
3240
5575
4142
5062
3141
1902
4019
5387
4329
3269
3139
4922
5497
2813
1834
823
425
3266
1044
4130
5491
4345
1313
1178
3762
4029
5414
4553
923
228
3768
2234
4814
3723
4311
482
583
4142
4966
1991
3238
2611
539
3107
1447
1239
16
5258
25
-1
4039
5521
5384
5062
2060
5124
4654
3813
2285
3139
3072
5392
5695
3840
3139
2196
3139
1323
3184
3139
4000
2158
258
3139
-1
5741
1800
4945
3238
2296
5402
1846
2160
5497
2214
127
469
5088
1636
4684
425
4155
823
715
1759
3507
2060
540
853
227
2838
3621
5493
5062
4945
5414
2070
3676
3509
3139
5062
4190
5085
923
3240
41
4158
4703
3185
421
3360
2756
5121
3139
5402
1274
5587
3139
3621
2380
2251
2196
1468
5062
3139
1405
281
1480
3733
2455
4945
5497
522
3139
5402
1703
1726
4557
1313
1029
1178
5081
4795
1427
2323
444
4158
4497
2775
147
3139
3139
3675
4039
4008
2149
1044
2531
1992
1558
1323
2087
5275
1307
1475
4674
665
2196
1699
3265
4814
2285
4815
2376
2454
3396
2724
2223
2912
2665
3636
1199
3600
5070
2741
5402
526
2154
4107
4904
3611
3139
5375
482
3139
952
1443
1436
1636
4871
1054
746
5049
2813
3139
2000
3139
3017
3507
1885
3676
3681
2285
1313
2703
2535
3033
1601
288
425
1307
3296
4966
5402
4818
922
4373
2785
405
2060
4005
2702
3935
4053
2200
1776
482
4330
4039
400
3136
3676
3621
5672
3649
1840
923
3682
3139
4109
349
2501
4612
1465
2762
548
4231
1269
4188
5629
1300
4845
3653
515
4332
2282
5062
3003
3630
5687
-1
-1
178
3139
2285
4605
1983
425
2196
1427
5062
5174
1618
3996
787
2135
2328
2957
1777
4794
195
446
425
1313
1429
4296
645
2019
1352
92
4815
82
2762
5594
2338
195
3875
4269
1541
5576
539
5402
3875
3682
1588
1019
5478
1398
3813
4720
195
1323
1206
425
5203
5477
556
2462
4569
5497
290
4228
5122
2196
3003
3139
457
473
1489
1681
41
1298
2333
2285
5587
1307
4654
5419
5017
3703
4877
5049
1601
3139
-1
4400
3139
3156
1480
1583
4392
4598
2034
2950
5695
3682
1618
5390
2283
4829
1293
1778
5248
4561
5497
1727
4076
4700
4554
3933
2699
25
3113
827
1307
4397
1293
166
2196
785
1230
2619
5587
2200
808
5085
3733
4007
-1
5466
1791
4602
3065
5308
2462
1410
1298
3184
389
2008
2785
3139
4127
5587
2943
3074
4373
5523
1405
5133
98
1323
3139
521
227
-1
1732
1588
4628
3139
241
2989
2762
1297
1519
5595
3552
5140
1298
4142
2196
5133
5489
3996
2183
5133
5025
2195
2226
41
1722
2186
1313
571
521
576
4039
3139
5164
5210
53
923
5077
4121
952
113
2670
5439
1307
1254
5571
2370
2902
3139
193
3110
4158
2196
370
2435
5725
5093
2022
2671
53
5146
2196
4598
808
882
5282
5083
4929
1875
3485
5140
439
4673
4192
1448
3682
1062
4993
1453
1452
718
3712
2515
1770
425
3386
425
1636
82
1298
3649
5686
41
4945
5419
3139
5559
1849
975
3204
2285
3139
2435
4998
2153
3003
3139
1238
2195
3875
3139
2200
583
425
3139
5667
501
2269
1640
748
1715
2517
4142
227
2159
2430
425
-1
195
425
3676
3163
3701
2439
2285
2730
630
3974
548
1782
3139
3545
3712
1298
1723
1481
3309
2691
1794
3651
2672
4654
2332
425
2714
2285
1480
5402
261
2376
366
3198
3139
1461
2651
323
-1
1323
1842
53
3107
5049
1442
1427
2285
3139
2768
2326
2196
4497
5481
-1
195
1323
4720
4255
2285
3139
3139
2610
1452
1700
5587
1850
1105
747
2269
526
1821
1313
2200
3107
5304
-1
3308
77
1307
1307
3065
1583
1699
1480
632
4945
4255
2546
5040
2196
747
3139
277
2346
4654
3003
3139
5571
1681
5493
2817
3029
1060
5402
3068
4158
2630
5674
5153
1480
4282
3130
1054
4942
719
158
5045
3050
5204
1538
2619
309
2878
3474
4904
2825
3870
1429
3360
3592
2377
3139
4125
434
2671
3651
5584
1320
4637
526
722
2957
787
2305
787
275
5213
2462
630
2370
1601
3933
5286
5152
2285
-1
2196
2196
2285
785
1131
4217
4325
1101
4142
5210
2544
1033
823
1240
4039
5258
2196
3859
5074
2159
3222
3139
1206
5049
3139
2495
2122
5672
1465
632
5384
4973
5273
996
5466
5258
227
4966
2823
4713
2867
3139
241
557
1586
2281
4039
1443
2746
4166
1282
4966
2285
2619
1719
4986
2531
1809
5062
3611
2895
785
1016
504
3107
785
127
5148
5410
3072
3238
5505
1699
5045
1498
441
1427
5682
2000
25
3349
2615
4945
1405
3374
3238
4521
482
4614
1131
3144
3072
1410
425
5045
2660
5148
5226
571
25
3116
2189
2957
41
1266
1507
5045
4000
3817
5140
5146
227
2615
2755
3367
1468
3676
2214
4442
25
379
4598
5017
4348
4646
3107
1583
3072
5022
1304
5384
1368
4007
4713
888
1821
1480
127
4007
5497
2777
2501
4720
195
2556
2196
594
425
837
3139
4497
4025
1307
823
1927
1480
5062
2189
4151
2150
872
2285
5028
198
1354
1307
3820
2196
3308
3139
1044
3427
3139
5387
2813
2196
3054
1692
225
304
5402
5426
2062
3139
1688
1875
5402
-1
2122
542
3219
25
3139
1429
1601
5497
4226
5655
2957
1452
4884
3867
4064
1703
722
225
4853
1465
3422
1496
5613
3139
1274
4325
3139
2535
3696
1157
2552
4559
2890
2593
1054
3878
1588
3904
4306
787
427
3003
2825
1157
2196
3651
1601
3703
703
5094
2885
5402
4802
4966
1269
5195
1218
3139
2947
5116
3115
1405
3139
304
3762
4007
-1
4808
5410
3168
3650
4951
2960
3838
2414
3623
3222
4771
2622
1945
3154
5254
526
2060
2833
2196
425
1240
2196
713
2691
3139
5729
3163
4386
3139
3988
3240
5080
2269
1601
2583
4964
3427
2906
1821
4564
100
4651
5402
4129
1611
4039
2196
5648
5087
1427
221
2647
3201
3584
1498
785
4371
963
275
5627
3139
5370
5155
-1
3263
5066
3139
4194
3238
3139
1220
2269
5195
1526
3139
482
4784
4298
2578
2671
3050
4781
3673
25
2128
1073
4497
1636
3540
3139
1358
853
1830
831
1681
4311
5056
5672
1307
4662
3136
2285
3308
-1
3139
2164
2205
1583
425
3139
25
2778
5062
2008
5681
2196
2444
41
2246
1800
5162
5085
2828
2530
3308
783
4877
1482
4518
249
4695
5094
5062
2010
5620
275
2762
175
3677
1588
1102
2741
3308
3139
5062
5729
1051
953
4633
1429
3308
2882
2568
177
5402
-1
1668
1255
5238
4598
4713
4770
591
5442
5417
51
548
1765
5028
1681
4330
1647
4356
5049
2957
2454
850
2762
1817
3050
1447
2196
1298
556
5481
634
425
1144
630
3625
2731
2724
1503
1401
3003
2762
4039
425
1352
1339
4720
5571
810
1313
1095
5297
1846
4815
2364
2196
3139
2193
2934
1487
4158
543
5062
1945
25
5264
165
4039
5362
2183
53
594
2196
3139
3396
2380
5062
227
4945
2196
1054
2584
4039
2453
3139
4040
227
3005
3139
3139
5299
694
275
258
4373
485
1583
425
5062
4303
2196
4549
2159
687
5547
2196
2724
29
-1
4285
3479
3139
1128
4601
3289
4188
5156
3715
3730
2013
2390
1405
3072
195
2189
5062
2360
1902
1071
4226
4654
5271
1370
4552
5175
1230
915
448
4226
-1
5491
4904
2986
2957
5162
4561
147
1193
4201
3238
1044
5258
1633
915
5720
744
866
2936
2957
227
1601
4966
4973
2557
241
3139
3139
2296
4226
3421
3050
3838
5362
5393
3162
5402
-1
4814
3621
1699
1608
1480
53
25
564
60
3683
3377
5017
3139
2285
3139
4032
2786
3875
1331
1805
1328
1185
4829
1073
526
5232
2882
4016
3587
2186
2885
3139
5133
540
2154
5195
5419
3139
2390
3456
4969
3712
4175
-1
5286
932
1152
3139
2703
2285
850
1307
5300
2501
5235
2615
1405
3240
4497
2634
3139
5497
1480
5088
4973
2711
2619
1243
4000
1352
3030
5742
5158
4776
147
4985
2380
1601
583
3106
2283
4004
4635
1783
1202
1423
3504
5497
3044
274
5578
5288
2906
390
4720
54
1601
1307
1230
923
5466
3139
227
4619
4158
4419
3139
2142
4125
3139
473
4311
3449
4695
3367
5466
275
127
3139
4598
5402
1152
4998
4554
5410
4098
1462
3838
3730
3682
3875
3961
2276
41
2884
5402
2314
1168
2314
5722
2333
1362
5402
2462
1087
968
4166
2123
165
2998
3139
1082
3991
1101
177
3139
5254
1697
1298
5193
4373
5402
2716
3682
2566
2214
3072
2764
2443
1902
2669
5339
5311
4666
2174
2350
25
5595
2827
3017
2691
1397
1161
5249
1019
1800
16
5587
3479
5155
4684
4188
5235
2951
5547
4966
3054
2678
2196
5190
375
4862
2200
4652
1429
3416
2615
3404
195
1095
1427
3266
5602
1793
1931
3925
3676
4975
258
2691
3139
127
4082
1230
2383
2196
3115
3031
3139
5172
5402
2730
2285
4577
4972
4515
3003
107
95
2619
5049
2096
1482
2096
4602
2191
2974
3888
5572
3003
5290
5441
2037
195
4386
4713
5333
5213
2951
3139
4287
5050
5497
5322
3920
-1
4192
1307
3072
1269
3679
5062
1588
3050
1003
4331
1542
2566
3976
3682
3599
923
4039
5049
1796
177
3139
2957
5213
195
707
3308
1945
1724
1956
2403
1480
836
4448
5387
1003
2189
1949
1875
3104
5368
2200
3139
5426
3139
5547
5271
5140
2462
-1
1712
3072
3139
241
5271
4622
5206
4861
286
1674
1227
1858
4705
227
304
3308
2196
2150
5547
5431
4135
254
1429
-1
1867
739
434
-1
595
746
141
425
4150
1601
3139
-1
2671
2575
25
1461
859
1429
436
1513
2495
3139
-1
1956
3400
25
4740
3072
972
4216
1178
5062
3290
5046
1044
3506
4073
4007
3139
2376
1161
2934
1286
2870
3747
2333
2196
303
1354
2196
5402
3139
4857
3869
800
734
975
5729
2843
2200
3651
4887
2947
3806
2958
4330
3139
3830
3139
1405
4348
3924
3684
3139
1168
5118
209
4255
915
2196
4082
5207
3139
4200
25
3414
4007
93
5521
634
1699
4000
2128
2189
2189
1797
4966
5377
989
229
2269
5354
2157
2196
474
2691
1095
227
5097
5402
2196
494
4419
596
3003
5402
349
5551
2196
4966
748
1465
1157
787
2948
3797
2998
4713
2196
3712
4621
4039
4032
1482
3072
195
2128
3986
2196
923
1407
2619
3875
4984
1044
3139
2724
1407
452
1193
5062
473
4039
823
3875
1922
5254
4884
5094
2270
2694
475
3376
5491
314
2060
4140
1436
5045
5333
540
5133
2298
2021
3218
5402
289
2196
3308
2285
5402
632
16
3800
1738
1230
5474
3708
1601
1796
4502
915
2747
1482
1661
5570
482
3241
1183
1307
3822
1405
1157
787
5081
485
1913
3139
5082
632
5402
2072
3377
5648
3046
5235
1725
823
195
4654
5672
3933
482
5497
5078
3735
4720
1163
5497
5473
612
5419
1832
2135
3046
1800
1185
3803
1423
2418
4822
340
2947
2189
3308
133
3768
1583
2222
1152
4110
5133
2886
5587
2691
4657
1405
2957
1288
4470
40
599
1706
36
3875
25
3072
3495
4125
2164
5286
25
1448
3931
3930
57
5742
2615
645
2196
2407
5402
3308
5224
5419
5419
1044
2770
2838
5022
2333
915
4248
177
2151
1004
3365
1155
3838
2516
4298
5547
3313
1157
1597
5588
3240
2958
332
2989
3554
1071
1320
4278
86
3485
4092
147
4158
3030
1230
3693
1003
3092
2016
4611
177
3139
482
190
3057
-1
3139
4082
1875
3268
5232
2201
4529
4345
174
4125
1452
595
3519
1206
2148
3838
800
2825
787
4190
304
3238
4890
5049
2974
5497
1213
5062
275
242
1848
4690
4772
1307
739
1298
4082
284
852
-1
4132
1307
3495
427
5587
3308
5497
1157
3240
1307
4854
485
2675
3676
915
3139
703
4039
3074
4373
1313
5402
5271
3506
3222
25
1298
1334
4945
3054
1757
127
3030
4021
2958
-1
2957
3139
3139
4707
2780
3267
4337
787
1157
2122
2285
3139
1661
5062
557
1479
263
410
2435
547
1192
1885
5402
5545
2610
923
3139
2196
5587
4720
3046
3054
595
5287
3621
2016
1783
1313
4200
4142
2378
2703
2016
2672
5532
16
5303
2122
2592
3139
4517
425
2521
1230
1429
429
425
2989
2008
4158
4255
4109
25
3456
1956
2443
1044
4158
4552
2196
4188
425
5551
4808
3875
747
5205
352
911
2501
1709
53
5544
1598
5547
3373
1410
5673
5729
4226
1657
1283
524
5081
5082
1297
4664
1143
823
432
328
1464
2462
4226
1465
3621
564
4158
5304
2687
3418
4877
915
4193
787
3315
623
3139
748
703
2521
4720
5712
343
3222
3314
1926
4555
2990
2591
4602
2302
4497
1054
4415
2462
3072
5402
4348
147
3139
2083
591
957
5621
3139
1034
1044
787
328
4539
4992
-1
320
1588
425
1527
5402
23
1298
1429
2911
4862
3139
5724
1844
3676
5077
1206
5565
195
285
482
25
5574
747
3139
2724
3840
923
787
3139
5718
4503
4403
425
4039
1230
4884
215
4356
3649
5313
425
1157
3139
3139
5521
2699
57
2196
5370
4429
154
1354
3057
3822
425
4633
3999
4556
328
5183
2150
3169
4763
3787
3139
833
1429
1206
3139
2435
5037
834
1990
2553
630
123
16
2200
5082
1727
3432
2164
5062
1056
448
4904
443
281
2263
1215
810
5402
2385
425
3598
-1
3623
5712
3838
3642
2016
-1
695
1583
1185
2149
4916
482
3072
4763
5362
3139
3072
1206
4910
4695
2615
3142
2619
2154
53
2444
5062
5205
5068
4328
4986
4799
415
3057
2825
2762
1504
4320
3999
1547
2062
-1
-1
4008
1150
3308
46
1097
332
147
1307
3057
1936
3139
4311
4771
482
482
4000
3240
2200
1744
4904
3139
446
785
3676
2101
2948
4226
1168
1953
4194
4890
4515
5362
66
5049
5522
5576
5140
433
2260
5473
195
5576
857
1756
-1
3003
1681
852
1699
227
25
3810
2765
1139
334
1395
1418
778
73
3962
4704
2122
4038
4720
4689
5213
425
4203
4689
29
5376
315
3139
1161
1347
2011
2634
541
1436
5402
923
227
5196
1681
471
380
5470
4717
4945
2067
4878
3550
2974
1339
5247
3203
156
4857
425
57
1583
3846
243
242
2122
973
3462
1230
3139
5062
836
4695
3388
5402
1429
3814
4671
482
5156
3072
3139
5081
303
4374
4497
3242
2326
2831
2825
937
427
425
1636
1272
5587
1046
4181
4142
586
2813
3865
3139
2122
5475
25
3650
4642
3768
800
5254
1240
1055
1575
3477
4773
524
1699
4890
2122
425
2383
3641
5595
5574
521
1300
3600
689
2196
3507
425
3139
4650
3593
3139
687
2285
3109
227
4207
1931
764
5540
1428
2030
4654
2726
5077
5629
1178
503
3041
5133
4884
1298
1269
5109
-1
5062
3139
2911
3838
3838
92
4998
4998
1429
4442
1601
3665
-1
3838
5621
4684
315
4132
1713
2196
5022
1744
5402
2825
2986
1452
3994
993
4722
2285
4720
208
57
2196
195
1215
3139
2998
787
4654
2785
425
1405
3139
3003
2096
5642
854
1227
1636
4772
503
3168
4853
4301
4129
1706
4051
457
4771
5062
1325
16
3744
1612
4654
3675
5587
4129
5254
3272
425
556
4287
1157
4717
3035
5333
4188
2195
3821
1777
4966
3139
5088
3869
2516
1945
1200
1405
5587
-1
3944
1588
3139
1339
2684
195
3139
304
81
3051
1448
818
2364
4373
516
352
5616
387
3194
25
1338
2934
3072
4392
4063
1240
1796
1095
3054
2101
4695
2162
1956
3139
2410
4497
1230
2121
3875
3066
4142
2824
5671
3308
4523
239
4033
3308
3966
2867
5043
2122
324
2285
2697
3003
4127
5298
4713
-1
4695
4142
3139
2882
4941
4633
1143
1143
5354
1480
25
5433
57
1354
1868
5616
2196
5612
4082
2196
3115
4897
3139
1475
3672
2972
2762
1883
2601
127
-1
1468
425
2762
1601
1660
1319
2196
2285
5208
4958
5362
2285
1019
2435
2196
3139
1199
5699
2101
5133
1073
1586
4884
1725
5518
532
1949
2103
3139
2099
3887
3066
5695
5135
4541
3109
1480
3160
4110
4181
1598
5133
1936
4998
2551
5545
1473
3219
3623
5062
4007
2957
4039
1722
3139
2243
3974
3689
957
391
1855
4130
3139
3676
4298
1778
1441
332
5402
41
4039
3139
53
3313
951
4142
5426
5106
4615
2122
3046
57
2613
2196
5062
3461
4438
4158
3875
425
2200
3308
3139
2153
391
1953
2252
195
128
1054
1073
909
3401
1325
400
5164
923
2658
5308
4528
5387
4290
4766
4998
3621
4360
2958
5516
5137
4162
1269
840
2196
3296
2380
3592
3885
1914
3139
308
5062
2344
25
801
5123
3393
2837
5587
743
2882
5695
5733
746
485
4966
2762
425
4810
2975
3308
1776
3238
4684
2615
2621
4386
1777
2451
3874
4142
3139
915
3238
1206
339
3623
4328
5388
2813
3139
1429
2148
2882
442
1016
1244
3835
5062
1636
595
5413
57
303
5022
4720
4099
1444
4184
4602
3601
3308
3641
4912
4386
2619
4112
2055
3456
4385
2965
5315
2807
285
1049
1161
3139
3139
4367
1199
793
1230
425
1584
2196
2200
2825
425
223
823
5165
3592
1800
5724
3139
5218
556
773
4975
2619
195
3676
3817
5297
2135
3037
3534
2055
2619
1044
3832
3667
3057
1420
3190
1307
5049
25
425
474
4442
785
1753
5587
4890
3139
4764
4945
1307
3139
3252
5439
5062
4654
2350
3139
5326
5412
4383
778
1743
4158
3875
4386
3711
1016
4311
2196
1627
5402
1405
3394
3007
482
694
4445
4007
4305
227
201
3139
5420
2565
1601
2196
5402
5155
1848
1307
5303
2451
5156
5419
2462
4497
4000
3772
5402
4904
1482
2194
1221
4497
2084
2350
4874
3676
3989
5551
177
4528
5162
3110
5412
4048
3621
4158
4593
485
1633
1653
2975
3495
3269
2164
3115
2016
425
4521
988
1699
29
5251
5695
1504
82
2153
1206
1703
-1
2691
1081
4808
4712
5412
2420
4787
482
5587
681
4386
5518
4904
648
391
4371
282
4720
612
2196
5057
5045
3139
79
2613
1843
2308
5497
1044
1095
4158
2196
2573
548
4814
4598
177
127
4537
2012
4371
516
630
3056
1894
-1
1178
1636
227
1817
383
1637
3139
4484
4689
4697
2016
1354
1429
3139
2122
21
827
1830
1178
934
1461
1173
2240
4732
526
4150
987
2939
1475
4884
4082
2020
5402
2612
2231
5587
25
1793
4438
1465
41
1796
1313
1783
4311
5209
438
1405
1157
933
3139
1161
5544
1120
3725
1172
524
1149
1583
2159
4716
3676
2649
4932
425
1280
2195
3931
1598
4595
1083
556
25
4373
3139
4993
5538
26
1391
540
3887
2615
4497
590
753
275
227
88
5288
5087
1382
81
1602
5235
5497
1665
5046
1086
4890
3592
5109
3046
4978
195
25
2644
203
2762
3000
1405
739
2440
4564
16
3139
5015
2285
-1
540
915
4772
2420
4303
4130
3139
348
3528
5028
4881
5155
2090
2882
2762
1354
1586
1152
1597
3308
1384
4433
5313
3139
3003
4394
3250
3308
3139
4654
4633
3496
3054
1945
3046
1307
1764
2046
5037
5402
3358
-1
5547
5402
2699
3139
4992
586
551
5049
4884
332
51
1475
3623
723
1101
288
2503
610
2953
4890
1739
2285
857
1001
1638
1331
430
3838
-1
4332
3283
2826
5446
1245
419
465
2662
482
4252
1776
3139
5714
3722
3725
2164
1826
425
1619
1465
2268
3965
1897
4677
4000
5123
4011
2462
4158
865
3050
3623
2435
4014
661
1152
5172
2122
5271
915
1290
4330
5136
3943
5132
3256
1583
2878
2452
4039
5028
2435
1206
225
2206
1601
1447
243
1797
4717
4978
5491
1897
839
1765
2699
1296
852
5390
540
2350
1661
378
5260
5742
2285
3581
2986
1095
288
3621
5298
2665
5527
49
4563
2522
3139
-1
3072
804
2333
1902
3139
3280
4038
3552
1206
4039
2196
2447
3139
1046
4226
5109
1601
4364
3712
53
4397
1517
3139
3021
4890
5171
425
689
1269
258
5714
1809
452
3138
3729
3857
977
2333
1800
1583
5497
1386
3028
1166
479
2992
-1
2830
2465
823
5199
3676
5587
5328
3139
3876
3238
2691
3296
3160
1692
2196
315
833
53
2200
358
3243
2271
2369
5062
3296
3139
4814
2016
2055
2332
5402
4226
794
3604
698
4559
4890
3682
1597
2238
1069
2703
607
4975
1230
3644
4130
2979
-1
937
5299
744
5062
2195
3003
5062
5551
2825
5094
4966
45
1223
432
1875
25
5164
4226
3308
937
258
2862
5433
425
4763
3250
41
5137
4654
1465
959
500
2691
4011
823
3676
1225
1588
18
2762
3717
3646
-1
4684
25
2064
1051
304
3830
2189
4007
5232
4559
-1
3996
1374
5475
5293
4896
4650
1650
310
2200
195
5387
425
5308
1206
3139
3950
3506
1722
5571
2326
5284
11
2691
4763
3003
1131
3676
5363
3779
3949
602
1847
1339
923
3717
285
3139
1183
1407
2085
3369
4771
258
4626
3003
2443
192
5222
1523
2838
4598
16
1616
164
5578
5017
2269
2075
3240
5027
5077
3000
3308
16
5119
2974
5313
3317
195
2882
2409
3676
594
3054
2882
5502
2615
425
1778
2196
1429
1552
57
3838
1914
3139
1783
5028
2285
164
5442
69
1186
3822
288
521
4713
5451
2828
425
1407
1401
3037
3838
1300
5623
2195
4986
5176
1230
5695
1405
2813
781
443
3157
3317
4559
147
2654
2196
3190
2911
5538
5402
276
425
5200
1286
2703
833
3308
1635
5378
3360
5252
2133
4032
5471
4373
3620
183
3072
2358
2513
381
1775
2328
915
4383
482
5595
1699
443
1754
284
3139
-1
3222
2435
3500
1228
3461
1429
5689
2934
2980
25
1027
1699
5271
5238
1465
5419
3131
594
1952
3139
5271
3028
2583
425
2333
3865
3240
524
1781
5062
3128
1972
3768
4986
4132
248
3594
2825
3615
4720
288
-1
2196
378
1425
1405
5402
653
4829
3139
1429
5642
2762
4999
2220
5312
4566
1725
5062
25
3391
2189
2634
1639
1945
2675
429
833
630
2785
2196
2420
2015
4287
527
3289
3768
1429
1244
1681
5547
1968
285
1650
147
4633
2489
10
2199
1307
343
4998
4978
2884
4598
2159
4495
1429
4271
923
4513
1817
1891
4870
195
1896
5085
2719
2615
3139
4438
993
4447
425
5133
4569
1086
4527
5702
3531
5133
790
5654
1606
4654
4718
5562
3289
177
4884
-1
4802
5497
4441
5642
3139
4789
2828
1106
329
93
1044
275
5497
1178
4011
2326
1016
5402
810
1595
1573
2548
5471
510
2196
1016
3136
5234
5132
1298
1131
5627
3418
3621
937
1919
4690
1248
4986
5133
3139
540
2503
4032
203
3139
3139
3820
4708
2285
2658
482
-1
-1
4151
2189
2196
5340
4039
2911
3139
3139
5097
2164
5373
5007
1821
41
1579
3946
213
2285
4158
5442
2989
2840
2697
290
2534
3072
3676
1501
2333
3696
2200
4438
4774
2498
975
2100
3139
3875
2825
5349
743
5538
1579
72
3139
724
5385
5466
4070
1750
41
4151
3869
4019
25
548
5674
4311
4567
1012
5271
5724
25
2250
77
4904
1693
2016
2882
5132
3115
4345
3003
1450
4890
1579
5629
540
5028
1019
4151
4393
41
540
2984
2420
3054
1681
827
1206
3887
510
3803
4927
2619
5414
443
4763
4544
-1
399
4966
3139
1637
425
1273
4348
5137
1583
4188
4978
348
3000
4164
2333
147
523
275
3139
4746
127
395
5346
5085
4836
2975
82
4559
425
5402
425
5218
936
1839
5576
1265
722
3279
2196
1407
473
3820
3886
5143
3501
5565
4912
5133
2842
1297
1210
1606
2583
719
3995
2724
3621
285
1681
324
3880
4600
-1
2060
1313
2388
3418
1479
1269
2691
5576
4812
2174
2122
3139
635
5155
3930
5269
1661
1215
1183
2196
5497
5268
2196
2196
5321
425
3086
1387
3193
2014
5252
5200
3240
-1
367
5062
4007
857
789
5384
2204
1945
1508
4635
4778
4802
193
1349
634
4166
5507
2955
1278
2122
4287
3095
540
4772
25
425
3139
5362
4226
-1
2122
4142
3465
1076
5402
2724
127
5225
1462
2546
781
3921
5271
3139
4462
2882
4890
1027
5164
1921
4977
1038
3800
5364
1427
2767
5142
1829
482
5254
1480
38
5077
1465
1897
5442
5414
4891
3066
2214
882
2619
404
1206
2619
2515
5643
5428
324
4153
3918
57
3222
5587
2159
2196
1230
3741
1699
3768
2285
2196
5062
2762
5491
3197
25
3676
1461
25
1919
1699
2777
2122
5232
1919
3035
56
4017
2495
1307
450
5062
4720
1206
3139
5384
3139
5045
4353
1167
4349
425
3580
2195
425
689
1185
1819
1405
3311
4815
2369
5370
2196
2813
5195
5183
5598
3994
3139
3838
5062
3641
1161
3432
1042
4720
4371
1681
4771
737
2174
1052
4007
4771
3139
3496
4315
3468
2982
1644
25
5137
5133
3456
3569
4038
3936
3516
2884
5689
4371
5587
1082
3139
1167
800
425
3139
2971
1681
3710
3875
4259
5022
2472
275
1601
2196
2843
1
3139
3377
3026
1506
304
3139
4525
482
2867
2196
5085
2679
594
4158
4763
535
5028
4024
177
5587
3377
77
3878
4038
3028
3289
3878
5077
198
57
1323
2196
2493
3072
1874
1504
347
3139
4900
5269
1178
5402
4746
3220
4214
5062
2196
3034
391
4741
3621
16
3072
3139
810
4981
448
5074
4651
4904
1781
2163
4146
3095
718
443
1371
2142
275
4226
2615
740
1897
631
3795
1424
602
3398
5028
3606
4708
2761
1323
4484
5265
3139
5547
4226
1480
3000
2134
2390
5746
425
3405
2635
425
5022
5087
2672
1429
2196
25
4815
2671
2196
3409
3139
1614
1030
2314
1157
1230
482
4146
3566
4143
1482
195
425
747
2762
1881
1480
2285
2615
735
4654
4975
3555
5699
4125
425
3991
4771
92
530
257
1722
5402
2762
1163
4732
787
4070
5714
1139
4267
1601
3360
3430
2196
4561
2016
243
5733
2155
1288
4827
1793
5235
3974
5433
296
4392
1588
2052
2762
3308
3139
3691
2390
482
3139
1058
2542
1147
4226
1931
1161
3072
4802
1218
1546
1809
2281
4998
585
5744
4984
3725
1601
3951
583
1546
5402
554
5616
1650
2329
5491
2469
5538
285
1313
3880
2164
2321
1567
2124
417
747
5538
4720
1908
1482
636
5731
1583
1347
3696
1298
5587
1447
5729
2202
1711
5028
3028
785
5587
5113
3666
3804
4074
798
425
3160
3308
2462
3496
2716
376
25
1639
1273
5049
3331
3139
1405
5671
1675
2196
2440
3139
4633
1688
3401
2164
2882
5497
4607
4406
4387
2724
5165
1101
3308
5714
5254
3621
3000
646
1167
5269
5238
4585
1339
3139
1016
2825
4712
58
4259
3139
2485
1163
4830
3139
540
3139
2164
1407
5505
3707
1601
2989
147
3139
5219
4787
5648
1405
678
958
748
4986
1452
425
861
5126
3641
2196
1650
713
3030
2159
2571
3682
2333
2564
4698
2619
2693
1206
3160
4771
5062
416
1248
5340
4158
4074
5538
5062
5561
672
411
4478
5491
4107
2383
3139
1095
5587
4763
3534
1471
4163
1475
3139
539
2200
3066
3099
5022
425
4153
4787
556
425
425
2762
5466
5177
2189
261
3139
1322
5064
4184
5049
-1
3641
482
4193
-1
3308
774
1168
4060
55
4945
3146
722
482
16
1155
1681
1073
556
1136
1884
613
382
1542
3139
4902
5062
3255
3945
5247
5155
1044
3485
3676
4792
1681
2285
347
2724
2196
1267
1300
5387
3430
2728
4654
425
1850
1313
2065
3275
41
4945
1183
2650
5402
3240
68
2257
746
3139
5081
2751
3139
1496
4484
2196
746
1813
2200
425
4966
4720
4373
-1
1860
4348
1823
57
2548
5402
4598
4188
1607
284
2017
2351
5587
2196
1429
3034
785
1945
2317
2266
3621
4713
3339
4713
993
3407
1482
5221
3139
5394
1193
288
1822
674
4415
4513
4763
5513
5102
5505
4966
2196
2521
-1
665
4945
5621
541
2196
4181
1425
903
4188
4957
2527
1307
957
1025
5370
1168
1080
5149
2911
2762
4311
4039
3360
4802
66
916
2600
5037
3139
3595
242
4900
2462
1338
2196
3838
1158
3628
739
5087
2084
2813
4615
3037
95
25
3695
3139
1373
4763
-1
472
4402
2146
1830
2959
4700
53
3838
1350
179
5239
4896
5475
2314
2762
4554
41
4335
1017
4323
1624
3115
3139
2619
4041
1606
2122
2122
4890
5200
2189
67
2129
1178
739
5313
195
4497
1095
4287
166
1834
2614
130
1583
513
3692
25
4966
3317
937
25
4158
2345
2913
1019
1071
2056
140
5587
5165
2848
2328
391
1598
2691
2200
743
548
3863
2164
3246
3220
5652
5571
227
1447
2444
540
1583
2418
3855
4127
4718
4053
1573
5062
2122
5094
147
2196
1672
1307
746
2076
5432
2674
630
3887
3188
2605
1297
3139
2321
5466
2374
4403
425
3621
2982
5576
3651
4998
4329
3830
3139
4561
4907
4903
2628
2420
-1
3139
4966
2691
2762
1683
2541
4547
5532
5314
4718
2825
913
5499
1830
425
348
3139
4945
5142
5364
4993
3566
2285
1206
425
3748
2030
4493
2383
25
673
5297
153
1875
2442
5671
4039
3887
4966
2034
293
3795
-1
4602
2615
3875
586
3648
2189
955
3958
2762
3094
1475
3879
4978
3308
275
2950
5203
2377
4356
25
1185
438
5215
2644
4348
1288
1337
2943
3139
4763
3139
5566
2672
5481
2614
852
5333
1681
4352
5022
618
1466
4654
2113
1472
391
4371
2196
25
2148
5587
1429
1345
1230
4005
227
3139
3057
5466
2762
2698
2511
-1
1307
-1
1547
25
5049
4158
4332
3139
4142
463
66
1432
3682
307
5096
5152
2127
5402
3757
3139
1307
4342
3592
3139
3748
4978
4684
4999
2279
509
3046
1152
3139
425
975
1140
5015
3996
1928
3933
271
5727
937
448
5703
5696
3057
863
555
1887
4823
4007
266
2882
1916
337
4792
5587
4839
4407
923
3623
1529
5271
3735
3418
5069
4713
1542
3996
2876
485
4158
-1
2189
3095
3094
1048
3467
2612
5154
5387
5567
494
2989
482
4039
2910
301
3139
3880
4373
482
594
1601
147
347
1081
3308
2515
1606
2644
1530
5028
1480
3064
1185
3202
2100
5262
2364
2189
5138
5402
739
1601
1185
561
2200
5077
3800
2027
5410
5671
2146
327
1044
2400
1913
5609
4125
3139
1601
2285
2703
4032
1066
3139
2918
5062
3905
2619
5254
4332
1996
3139
4192
4611
5474
1405
378
2372
5617
5037
1178
2957
5683
1722
418
5564
5497
4997
2376
4906
3220
808
3091
4615
4553
5499
4403
1699
4892
2665
-1
1647
556
4966
1834
3139
4517
1791
1471
3250
1210
2612
-1
452
2420
304
5583
1583
3202
5725
425
3003
4778
338
4567
1120
3355
1763
425
695
3338
1077
3139
1414
1183
249
342
823
4158
3396
5616
3139
5671
5471
4142
5402
1827
425
41
1586
4986
2871
2360
1681
5595
2328
344
2515
1213
3481
1331
3025
852
3236
2196
719
4986
2294
124
3615
3542
481
4896
425
5062
271
4772
3182
5271
1775
3158
5726
1355
1598
2164
2995
1798
402
3904
4777
3838
3332
5648
3984
4877
4111
5049
793
5062
5497
1307
5538
4381
1018
5479
4373
2501
4868
-1
716
5576
2383
5576
3139
2531
3580
4039
1054
5098
2825
1575
1313
248
4332
2146
645
1172
5459
1313
2462
5442
1155
5133
5636
590
1206
3862
2623
1152
650
3615
1636
630
4966
4772
4998
3347
2825
3925
4893
3869
3139
1601
1017
466
5576
2122
2196
923
641
4956
1541
460
4482
4125
4039
-1
5640
1185
387
3596
4957
4957
5609
2859
2253
391
2285
4487
3485
1722
5345
1800
5402
1073
183
2393
2114
3439
5587
3378
1410
1587
2435
4966
3615
3139
1546
4921
3679
3296
-1
62
881
1407
2196
1482
971
1208
3395
4559
1049
2196
3139
3095
2281
1044
2196
1003
1798
3141
5053
2958
1465
3365
3139
188
3115
1148
2975
3115
1196
1636
347
16
1636
1465
2196
1429
2619
3145
3247
5082
-1
1681
25
425
1501
1219
1044
3314
5500
5402
2662
4088
425
3980
1187
2285
5387
4406
5224
5087
5733
930
2431
4351
3388
4787
3139
2164
2196
2781
3098
3192
3676
1647
2473
5404
2872
482
4871
1154
3621
2493
2662
4890
2299
4039
482
645
268
3003
196
3139
1044
4718
2838
2943
4003
1119
1429
2200
2196
2318
4776
2192
5714
834
1429
5402
4373
-1
248
25
1116
5402
695
4052
5362
2615
24
4654
5077
2060
2615
1241
3139
3215
4024
2724
4373
2890
5191
3422
1636
1131
1405
2247
2285
3308
1353
3139
2153
195
3148
1313
3139
427
5434
4708
4226
-1
2333
4569
5481
5650
2714
482
3502
611
4497
2686
3549
630
4067
1798
2825
5426
2122
785
482
633
1157
937
-1
57
3000
2748
1783
743
1429
2921
1601
2000
3711
2200
2196
2412
5402
2227
2974
248
4945
314
2196
2196
1624
2399
3547
3689
1506
3770
2328
3789
3315
1616
5159
3139
127
2627
1161
25
5714
1504
5062
4032
1353
2084
4689
2420
460
57
1787
4471
3139
993
4232
1681
716
3139
5271
1405
5216
5696
3722
2243
3676
41
3139
24
2364
1469
4958
4784
41
1302
25
5635
2196
1185
1800
3054
5156
2196
446
5122
1431
923
4932
2466
242
3139
2164
564
3139
-1
3139
25
4458
1633
2364
1044
25
1298
1244
630
2097
1647
2196
3519
4998
5493
558
195
4396
4645
25
2612
5254
3139
5049
2196
1465
3800
294
5049
2150
1273
1017
3830
5518
637
2200
82
5405
841
444
2345
53
3837
489
1230
2191
1816
1405
425
1573
2200
4966
4032
5156
531
2502
3650
1874
4914
2885
5133
5087
28
193
3730
494
5471
1282
1206
989
2200
2122
4877
1313
5587
2196
1307
3139
2785
5062
3313
569
1862
1307
2974
214
657
2732
594
5745
2308
2838
5495
3139
3139
2364
1323
3930
4947
4295
3139
5402
1429
347
4188
348
2453
4058
3682
1429
2591
41
2943
2160
3838
5028
4634
5402
-1
4155
2122
1229
-1
1475
324
3676
3923
1447
1929
3970
3502
695
4771
3040
180
5744
2664
2615
1412
4482
1016
276
1885
4763
2158
3346
-1
3331
227
5497
3139
1161
2269
4016
642
3838
1178
1636
2855
25
985
1230
2493
5413
3139
3139
3865
1284
4966
2724
1269
2973
4750
4255
425
540
2519
2269
315
3496
4074
4677
5194
923
3139
3000
348
2993
932
3401
2285
4720
2724
3878
2196
4473
4694
-1
4960
5672
1741
3289
3140
5527
3468
1681
4541
5558
787
4835
2200
722
2548
3427
801
3886
4689
1452
5293
5402
2825
4107
5616
3139
1354
1298
4549
478
1780
4572
2121
1429
5499
1012
787
425
4067
583
482
834
3139
3139
1569
3996
681
5296
4032
2762
2146
2260
1796
2958
5671
5433
2345
1752
3800
1121
3139
5062
5419
5443
-1
315
2762
901
3037
25
5497
5402
3139
3236
241
3139
2196
176
1638
5402
2196
195
5454
2196
3467
1168
5141
5053
2762
4193
4851
5255
557
716
2196
1688
1429
2825
482
1058
1465
4890
4373
25
202
131
2122
923
540
25
554
2634
670
916
4052
1482
127
3139
5587
4890
2610
835
127
62
5390
3681
196
1056
4771
1456
2196
2867
18
5681
974
1608
1892
2784
3144
3034
852
2279
4393
1462
2019
1902
16
2455
545
5374
3066
4544
1766
2200
425
3613
-1
1358
5433
880
195
5402
1601
-1
2619
5254
5267
1475
1230
4841
5306
2575
674
3961
2196
5128
4720
3139
1288
1888
2285
3628
2413
4614
1588
1065
4570
4735
1354
2057
5068
4255
5455
5362
3095
1809
1021
5402
482
2462
1429
2754
4720
1636
2383
3614
2160
3610
1185
4908
5436
3682
5133
548
2464
5587
2314
2187
1407
1303
227
3139
5125
16
482
5003
1589
3822
4467
4188
4904
4039
65
1503
3512
1650
630
1459
-1
5674
4877
1168
5017
2652
2464
4442
3959
1902
55
3207
3824
425
1255
3863
5062
121
-1
2160
4978
2496
1534
4975
5419
1213
5050
4513
5574
2146
378
1313
1388
1044
4585
5652
3139
5273
975
551
3676
5729
2148
448
51
1637
3139
4847
4226
5497
4926
242
3139
4427
1502
4778
3041
4611
-1
3395
831
425
4181
4862
4994
1941
2334
1943
5213
3029
4945
1681
616
1161
4000
57
-1
3061
1339
4603
4995
4482
154
5049
-1
5737
1931
4767
1675
5526
5254
4778
2619
5062
769
3866
540
331
2246
5154
3838
4855
-1
5137
1465
5177
109
5062
3072
3875
3308
1230
3139
2178
605
79
425
3840
1007
3353
3401
4734
1706
167
923
649
4396
4777
4802
332
66
3781
301
-1
3134
5345
2190
5497
4005
5674
719
1635
120
3994
5524
5499
2200
1910
2065
2084
1584
1101
5724
1479
3431
2196
3094
1183
999
975
1429
3808
5162
1914
3308
1405
5608
903
1313
5028
3533
2911
5128
1716
5587
2548
227
5322
1546
3992
1210
1727
-1
3192
5108
4171
2196
3928
4720
3139
1120
1161
2507
16
-1
861
5049
1517
1230
3211
4537
1809
3445
275
1184
497
482
3139
2465
2861
382
1800
5671
2196
2380
3997
1300
5062
1830
3139
4873
3240
3330
5497
4808
4771
3267
1298
1763
4142
4188
4836
1958
41
25
1405
3139
1998
1791
2122
5402
1053
4373
4497
2649
4373
2383
2562
1445
4469
1482
542
1354
4890
5571
75
2155
5028
3553
1601
41
473
4075
350
3487
2762
3240
746
2111
2762
763
2654
5186
3139
5497
3139
4497
4929
2091
5200
4663
3676
1139
1362
473
4763
4017
2971
2380
4548
2189
1804
800
3317
4082
1823
3771
1508
2195
701
1178
-1
3139
2479
3003
1452
183
2835
2629
1187
1699
3422
3115
2989
5387
41
85
4751
285
5337
3326
4815
4373
3003
2196
5695
5545
4539
2196
5250
2153
5009
1583
5015
25
1769
1016
5133
3396
1475
51
5280
3139
25
425
5402
609
2221
1112
937
227
2196
5013
1619
2569
1022
5213
255
3221
1168
3139
3003
3139
1688
787
1905
4895
469
1829
498
5021
25
1248
1958
4454
1397
2612
99
1307
4048
4226
5191
3139
4497
4815
5402
542
1307
5325
5550
5156
630
1339
3291
25
2390
923
4438
1759
1773
425
2196
1346
3139
4771
4265
1601
5402
4738
4223
1339
2127
1754
5546
823
5661
3378
5381
3879
1427
689
-1
4381
1796
1405
485
324
4226
1044
5402
303
2944
2376
3308
2934
1131
5402
5263
5714
2724
714
5402
1453
2372
3308
4497
1067
5269
2867
792
5336
787
1680
1798
556
5547
195
3676
3139
1793
3042
2196
2095
1168
1429
138
3591
2085
3919
2200
1601
2016
5439
1131
3067
5062
425
1206
4226
2517
376
2333
482
5729
5497
2882
4615
2159
5576
62
2825
3139
4975
1429
1636
3875
4890
1452
4158
3139
1763
3057
3591
827
2146
2269
3740
1244
1343
425
1575
3051
4373
5472
1627
1780
4502
5330
1688
3621
1283
4878
4682
3317
1608
775
2703
425
482
3015
301
3717
3933
318
5433
3279
1405
2011
4945
2014
1359
4215
4870
4720
2904
2974
2194
1734
3892
3067
4213
4615
4398
2285
5595
402
3800
2619
2243
462
1597
1215
5362
123
3651
2762
5576
613
2751
957
1429
348
1313
400
3139
4162
3838
1168
1504
3641
5272
1633
2790
4777
849
5062
3461
1852
2182
2749
1958
3396
4383
3887
3139
1429
4255
2825
1269
41
1104
3139
3315
5587
5310
681
3113
5156
1480
2345
4978
25
5735
3003
1465
1206
3139
2124
5621
3570
3763
1636
2383
2085
4444
4252
515
4469
907
1444
3800
5542
1945
5011
1452
3439
482
4032
1504
1480
594
1601
5587
905
1601
4733
3262
5538
175
1493
5052
747
5155
540
1168
304
4158
57
414
-1
-1
1429
785
865
2372
1601
1583
4437
1947
1300
881
425
789
993
4946
3616
3139
460
457
1339
3650
513
1949
2724
2635
2724
4647
3592
304
1002
5132
4111
3875
1157
-1
4725
1998
5119
1550
4631
4142
353
2196
4226
5254
147
1931
425
5471
3295
4014
5254
482
4392
5068
2196
3081
2976
1273
2153
5402
2813
591
1699
695
2724
191
1427
4952
3077
2131
25
16
3003
3793
1460
1313
2223
3192
1300
5247
1976
2196
5232
57
956
5254
2702
2589
2435
195
4406
5671
4000
654
1405
391
2196
5431
2588
4007
748
-1
25
2196
4079
5003
3462
4097
3069
5402
443
2440
1891
2196
4654
4158
4966
3294
2156
341
373
2383
5006
3139
4158
1359
2067
3432
5687
2898
3139
2068
1722
5718
4888
147
2392
3621
1283
2863
5022
425
25
3003
3410
4392
880
3113
-1
687
5650
3696
4157
1765
4738
258
2200
3139
1429
3308
408
5384
2762
3621
5286
3126
1119
2750
1611
2122
4213
2449
-1
3676
4801
3931
5512
3139
1890
5093
350
5687
2150
3291
1744
5729
5466
4771
1206
5712
1408
4945
1298
5452
3139
3578
3991
5382
583
5009
5402
5725
5213
3139
5087
5331
188
5140
5564
4158
2993
3057
3573
1210
494
5062
1081
5497
2583
5068
5062
937
1086
4373
1429
915
2286
1026
4406
633
1405
1249
5085
-1
2489
86
3998
3863
3887
1307
3238
3581
632
5402
3139
3507
4890
2939
2751
810
2097
2374
1354
5402
1850
3139
1017
1706
3160
4181
1206
1429
4045
2638
3062
2100
4979
4570
3623
2762
2394
2146
1584
2241
5074
3057
4978
1269
1601
4403
5309
3139
3041
3696
2863
1928
4240
3139
425
1773
630
806
2762
2650
2196
-1
2420
5140
4155
5156
1320
1269
2759
5413
4945
24
3139
4718
3595
3148
1452
5235
1016
4808
2451
2189
4777
1161
425
5402
1636
5583
3592
3317
850
686
543
1695
3418
4777
5254
4559
4355
2724
361
469
3139
4513
1392
542
5431
751
5433
3039
5700
3944
3431
5616
1681
4086
1131
3621
5402
5328
541
482
193
332
3139
57
1148
4226
5486
3534
4209
4823
3496
3139
2148
4598
5466
2146
2376
3046
1636
5272
3838
5156
3177
1016
5571
3308
3054
4332
1875
3256
4891
1940
3139
5683
1405
4272
57
425
2462
16
1630
5241
3139
5587
1361
1410
1323
1044
2345
3591
2514
3388
1147
3139
4700
284
193
3379
2196
3875
2383
1583
4749
1298
3139
1759
3139
5419
2390
1167
1405
3382
736
937
1298
1429
1054
1681
1681
901
3506
425
4450
2517
4226
2285
2474
2477
5402
1598
2451
5558
5130
5402
3766
4945
2825
1300
1597
2029
4769
1091
1153
5062
92
1163
2196
689
630
721
25
3820
1536
3594
5328
5609
2414
3630
4342
5362
2210
4158
3676
3296
3621
1603
5315
2187
5471
4371
3103
3887
479
2196
3616
4197
3095
1601
685
3365
3641
1785
2250
2495
2200
425
5062
2958
215
4896
4567
957
4763
4276
374
2762
645
5402
1230
1429
1286
3139
4692
147
2196
4747
3820
4153
2615
303
747
1583
4226
2619
4998
4025
16
5160
1777
1850
5213
1210
4589
95
1598
4650
2196
1814
4373
5465
3781
5262
3139
1945
5263
2279
4373
5062
4761
2200
-1
1681
1829
1206
5116
590
3139
1727
3862
3623
4031
1475
5062
2325
4439
3139
25
1081
5336
4497
763
416
53
2200
2146
3139
839
2762
4632
4890
4110
5547
66
3317
96
5616
3139
5402
77
5671
25
4720
5313
4206
705
25
1307
5586
475
2196
2164
3856
3139
3139
1938
1699
2189
3838
5205
5271
5485
1650
3139
316
2768
3923
2098
857
1429
2345
5723
2724
3880
3875
3037
3980
258
951
4945
623
1584
1429
4280
1625
314
3383
3308
2189
2560
5426
1699
3887
3641
1491
4387
2737
573
314
1170
18
4014
36
3139
1135
1429
275
5062
216
425
5164
1666
2196
4956
1583
4078
1616
2420
4316
2016
324
2364
583
4270
4166
138
2189
4492
5402
3629
2153
-1
70
432
5241
2390
479
3977
1616
2196
2285
77
3771
1699
3824
1916
3072
4643
482
864
-1
556
4870
5114
4007
2269
5049
1681
2794
258
1427
5062
510
59
5466
3139
5162
641
4668
5706
3321
3706
1443
3924
117
1273
955
4825
5733
1795
1638
3428
3218
3743
4506
3841
785
704
5178
1636
2975
4042
5178
2798
305
195
2060
2976
3431
2016
840
2724
1961
4784
1240
4768
425
1480
285
5402
993
4099
3676
2196
2635
2762
4938
5587
4575
2999
4517
3139
993
2210
3876
2986
2989
2390
1313
3139
5267
1601
1648
667
346
4225
5387
3838
823
1042
4513
5159
5402
932
666
4615
-1
3433
3621
5183
2673
3037
3623
160
2696
4615
1184
1681
822
1508
4188
3641
1606
1579
2269
1331
1945
5587
4784
4188
3875
4270
747
3280
1800
613
2243
792
1793
3072
411
5402
-1
3833
1452
3470
276
1508
2465
-1
1704
123
1263
5235
1185
2196
177
5744
4387
2638
4896
482
4033
4392
2762
3449
1452
1516
3575
285
2435
5303
882
2662
4877
1479
2615
5165
4853
722
2619
369
1872
2882
4890
1016
4847
2196
3964
4215
3875
1362
5582
1429
1347
5475
3139
2248
1362
303
3448
3283
4792
4226
4315
1048
1480
1374
3499
5062
2196
4148
2615
1194
1931
2813
5240
255
1206
695
5544
1637
1405
4797
3022
561
275
5178
425
3139
2383
25
2043
3838
1369
1583
2514
5402
2762
53
3676
3461
1044
5608
2285
5620
1909
2196
4162
5078
2867
41
2122
5627
5110
5587
11
2539
1054
540
2016
3526
5096
3284
4890
1307
304
66
450
3069
3468
1429
2691
3066
304
-1
4586
623
3139
2196
5497
425
4127
482
482
898
2420
1298
482
3676
2813
1178
1699
5333
4616
4226
5402
787
1360
2724
1234
1155
2038
2326
1434
2242
2724
1779
4096
3139
5402
4373
3136
1323
336
4733
3126
4226
4836
1777
2196
161
5182
1313
3139
4555
740
2372
-1
5039
1183
1141
5402
823
5414
4871
3509
4890
975
1798
4706
1099
1244
712
-1
2882
5733
2196
25
2619
5183
1095
2084
2196
2111
916
2196
3139
2189
2801
179
2298
4142
1829
5297
425
3139
509
998
3735
25
3139
4315
5695
1184
365
2285
401
2629
1636
2078
1471
4298
425
2196
4127
2998
203
3975
4371
3783
1307
4720
41
4390
556
630
5497
695
1185
4945
2548
1788
4045
1750
5667
595
2911
4878
2644
2462
5333
1482
1462
5471
2043
5254
3240
4998
3139
630
2463
681
4529
2164
957
4000
4562
1890
3479
356
5387
4975
4732
5587
4226
5402
2316
2619
5022
195
3139
1821
2127
3769
1192
1309
4884
301
1307
512
4408
2093
3139
1430
1738
4111
6
5374
2762
2200
5671
1471
2124
3485
1793
2196
425
3916
3822
4373
3139
2055
1914
5172
4932
425
2196
1079
4898
686
3136
25
1480
5402
740
2813
219
5503
3771
2619
2404
4494
4884
303
425
1323
2173
2196
4177
716
4801
1725
519
16
3113
425
5183
542
1017
2102
-1
3939
5028
2196
5402
2572
3738
3609
5362
3139
304
719
1210
3072
2456
719
3760
1777
4945
2538
5050
975
2066
1813
3369
5611
2285
3308
1583
5222
1595
4840
932
2196
93
1495
4654
630
5574
2615
850
425
1564
1504
3317
1224
880
4598
378
4453
2122
4986
1636
5466
711
3139
2390
2724
554
4654
1148
3028
5507
348
4998
4106
5566
4890
3621
1203
2781
2122
1452
4226
494
3139
590
4438
5665
5160
746
391
5313
4599
3875
3139
2697
4413
4188
324
681
1731
3563
482
1601
3139
5161
1185
4713
5576
1307
4107
2200
2160
2196
4332
2420
741
5062
2382
1832
1157
4458
540
53
2196
5313
2159
610
1685
3308
1465
5362
4192
3139
5132
1638
2285
3139
4826
2435
2196
3139
958
4074
482
4740
-1
1405
3003
3869
1309
5077
4720
3228
4142
2911
1185
1429
4713
4594
4763
5271
1269
3074
4579
2146
5086
5731
4287
2196
1331
2516
5402
900
2383
4880
1504
4534
1797
3139
4188
1405
3562
482
4142
5672
831
275
1330
2358
5362
4417
3034
5086
889
4859
4720
303
5402
1776
3428
57
1920
4192
4130
4569
5154
5009
3242
1949
3074
2195
2122
4576
3139
-1
614
1465
425
3003
5545
1429
4564
147
4493
3308
2469
4373
3581
3321
3768
2331
4130
4261
5362
2858
147
1897
533
3822
2882
114
227
2821
1831
2948
1396
5003
3456
3320
127
-1
2569
1945
5133
4497
2194
4392
521
3139
3264
5451
3676
2196
2508
508
3317
5062
1230
1675
1083
1722
1297
4564
16
4919
425
4408
1439
3121
3431
3003
1082
591
1355
2873
4131
1307
4438
4438
1522
3151
1298
1966
4406
66
785
2901
4036
2213
3139
3739
2989
1307
3707
195
1352
1472
1583
724
1517
2196
1117
5062
25
1722
4005
1948
2825
453
3922
2399
3255
1193
5414
3565
3697
-1
1255
4471
2896
5385
2895
2216
482
4491
292
3115
1122
4332
3676
2941
206
4718
2864
2200
4027
2383
4718
3592
5336
650
4079
5384
4723
4195
4658
2196
1681
1016
3308
3342
252
1185
2196
2339
4484
255
-1
1745
4315
5094
827
630
3997
1298
957
1427
29
482
16
25
107
2548
1003
2473
1938
1101
2811
1073
5664
5111
3109
2146
3072
3738
4032
3875
4611
5062
5235
5668
590
1653
3800
223
3389
5049
890
4657
1551
4905
5142
4053
3682
1178
2215
4471
4270
4129
485
3028
3240
630
1381
28
425
482
636
937
4080
4292
5742
489
3139
3743
1095
5062
197
4855
1185
2156
3577
4865
2876
4287
5602
1471
303
425
2591
1405
3756
2160
3139
4718
4327
1570
425
3139
4397
1796
195
5664
2122
4912
1931
3139
785
5627
4645
3140
5047
229
1339
2415
92
1298
2606
1861
4568
1148
2105
25
1949
1533
195
699
630
425
5499
1286
1095
1919
138
374
4965
2200
1506
1956
5378
4043
3072
2970
227
5433
1185
4975
2122
2454
1601
3139
2122
4966
4966
2762
4906
3215
1987
3046
10
3809
2762
3210
5139
1576
2615
2865
5123
4904
1614
5587
425
2670
3456
3139
4720
4545
4087
19
2285
4763
3721
2872
3000
482
5558
1902
5744
4934
5426
4226
53
4861
425
5402
3924
1348
41
1776
5595
3139
2880
3274
3139
923
3792
5419
1813
4792
5576
4142
3139
639
4555
1650
5062
3139
2533
3717
2196
3139
1480
1298
2882
1837
5104
1692
3139
3139
2189
3863
2306
4373
4800
2939
25
4936
358
4371
3862
5742
3139
609
2200
5499
5171
5345
746
2855
5293
4611
62
2285
5491
4561
1551
3072
4551
4654
3139
1185
1167
5423
1160
3697
1636
423
3869
4092
644
583
2117
3333
4307
3724
2181
4137
2196
695
25
3238
53
2762
3139
1194
3732
1756
1405
3967
4966
1618
1354
3139
4332
3738
583
4792
1016
1397
2243
3840
5667
5326
1900
2514
2673
5402
389
2948
608
2719
1598
5558
593
3832
2269
601
5491
3139
1914
5671
4771
3949
2454
-1
3055
1098
5340
1210
4188
3139
2389
1673
834
5286
4763
2196
1313
2196
5733
4966
5118
716
3270
5086
5609
57
4983
1800
3308
5435
2796
1044
1779
3139
3210
4287
3201
5699
1131
-1
25
3008
1405
3491
754
3139
4454
3427
1949
-1
3923
3331
152
3139
1017
1646
5292
4292
1757
1595
5459
5649
594
2085
1298
4890
3634
5191
4506
883
3665
3506
4020
2939
5333
34
2196
5719
1429
3553
1651
1016
4142
548
1429
3615
5410
3495
4945
2825
5121
2200
2306
399
3139
225
4438
4945
3800
4998
1722
1405
3139
5050
4287
1902
3850
425
1238
4136
1083
1016
1016
1504
4419
1619
3308
5652
2187
4039
823
1598
1152
5487
3875
5490
4075
5695
3139
539
4109
5624
267
165
4966
1829
632
4008
2467
529
203
3139
1388
5123
1320
3431
4129
5480
4508
4598
3139
1429
1780
3003
1601
1044
5197
1095
2333
3139
5587
4497
1093
1551
5241
4763
1012
5491
5062
1269
-1
4654
443
1057
1313
437
470
2196
2196
3400
5576
1019
5664
3487
4332
5402
1601
76
4966
4007
2141
1853
5680
2515
5133
-1
545
2084
2196
2706
2007
5666
566
3139
3139
1117
1016
25
1429
5472
5362
5569
-1
4647
1405
2290
2883
177
4209
3139
1759
2724
4188
3015
5362
4007
3773
1335
-1
5695
3450
630
1313
4087
5293
1465
1354
4514
1429
5432
425
4960
5412
5652
594
1681
1583
1379
195
1178
2164
301
943
4373
3651
1804
540
3264
1403
3139
556
5627
4000
25
748
2135
220
3003
5419
5062
852
3768
57
2691
2285
5107
3439
2574
2196
5062
1781
425
1240
1333
2658
1757
789
5062
3139
4328
3485
594
4733
911
5521
1222
425
349
3800
583
1462
5362
2275
3676
911
1831
5316
5271
630
1307
324
1568
5635
2196
3139
5049
1468
2196
3361
256
3676
2414
51
4131
2911
5585
1889
5717
1016
25
1470
2930
1902
4792
1821
590
2426
3676
4966
66
2862
1354
5466
2825
951
5133
1405
1824
4564
2122
5003
1722
4689
5271
957
4989
2515
1291
2828
3518
4930
1352
3621
4276
2619
5387
2698
4096
567
4700
595
473
99
1586
772
598
4158
2200
3449
4039
195
3386
5712
485
1405
1468
2566
1511
2882
3753
-1
4718
3849
1792
3711
5060
400
5505
74
2645
2189
5402
5675
4933
4499
1680
486
3139
3838
5362
4222
2606
1313
275
639
2195
4421
4202
1384
3439
1843
2876
304
5360
5412
4975
547
-1
4226
2390
4188
1273
5402
3150
3139
5295
5638
3289
1206
4784
1706
1016
4825
2196
645
2245
4185
3222
3139
5671
2336
3668
1610
1699
1601
1601
2059
5049
177
-1
2699
3003
4373
1016
3931
3003
5062
3771
2195
536
4280
1210
4188
3139
165
1429
3461
4039
4410
2645
2023
3585
5021
4799
3638
2285
3139
5133
16
2919
3191
713
1809
2274
1264
2462
255
2390
4954
1102
5178
5022
4945
4677
3095
1625
5037
5155
2484
4945
3139
482
3996
16
25
195
5079
2463
4821
227
3349
5558
3066
3220
3139
4373
2196
1753
2771
3139
3293
2122
3903
1798
3570
5518
1183
3902
4689
217
5488
1016
5362
5140
2189
3436
2762
1016
1465
3030
-1
1048
4052
2656
-1
2785
5574
3069
3461
486
521
5183
3346
3139
414
3322
3139
4890
594
3388
539
425
4022
2196
1019
3418
5218
2200
5150
936
3396
993
1085
1945
27
427
3561
1206
348
1832
1429
5062
1800
4710
3139
4007
548
3098
4100
4713
5426
5611
2910
3696
1574
315
3736
747
25
1273
3864
923
2762
4181
4739
5502
5729
1427
5402
1498
4032
482
526
5271
2189
145
1354
5402
2825
5028
5726
5132
195
255
4799
3293
1793
2955
2378
722
147
1983
2333
630
2048
4432
1298
-1
4060
5402
4553
2200
5028
4890
2943
3139
1083
5497
460
5746
850
696
1126
5049
1106
1810
5587
4255
3165
3224
1551
2195
967
2259
425
1307
4348
4406
2200
2164
3732
5364
2474
4929
947
4225
3053
353
18
5313
4418
4082
2825
5740
3491
1501
5271
3308
4857
1297
2196
3887
2630
1425
2356
714
4497
4149
52
1204
1206
3569
4829
5200
540
2374
2565
3317
82
1588
2164
1178
4608
5122
4442
25
3337
4316
258
1210
4336
1298
1452
916
3044
4777
4158
1230
79
425
3139
1709
4026
312
3592
3139
2122
4160
3485
2285
3139
3387
3623
5482
2383
990
4521
1178
3461
1782
1452
3013
1307
-1
5147
2084
4529
2762
4028
4539
2615
4900
2326
2200
2066
3139
976
5538
5707
3139
3997
1650
4250
1359
3876
126
915
1692
5491
2083
3061
2390
2339
1044
4802
1007
1996
4825
4411
4188
2455
5702
4771
3137
425
5746
5687
284
1429
5111
5184
4155
5600
1722
2635
5576
2864
1872
3139
2729
5673
31
494
41
4591
536
5062
650
3289
5714
5402
5518
1429
2669
3380
2615
1178
2863
425
1361
5254
3838
5402
3568
4975
4890
4966
882
3862
5094
1101
2496
4815
3930
5133
5497
1676
3791
1298
1019
2113
1475
1057
1664
5523
1909
3569
1158
396
3139
3015
5061
3917
1924
5172
3003
216
5280
2880
3581
3838
-1
94
881
1283
227
2153
4824
1601
4575
3228
3139
1562
326
4348
1185
2559
2961
827
5049
3251
5109
2184
1692
1501
4039
5432
2912
738
377
4158
1731
987
3485
1661
304
1976
3752
2196
2189
474
4784
4513
25
127
195
4966
3057
25
4763
2071
1213
2196
3139
4145
485
353
4733
3623
2863
5221
547
3615
4147
3820
3447
724
1865
1168
2413
2021
52
3380
5402
223
2196
2154
5062
4725
3448
3072
1885
879
2189
4693
1452
1371
3156
2324
1809
1112
1965
3071
3134
1378
2762
1549
33
1452
5270
610
301
1482
4792
220
3217
876
4078
2531
3139
216
1780
1681
425
2911
925
1949
630
4825
4904
2200
5049
3046
59
3308
4951
51
3800
3474
1355
407
3696
3695
1307
5159
1339
2548
2016
2285
3479
4226
1777
1830
4438
195
1796
3003
5499
195
1003
3592
4235
3040
785
138
2648
2196
3044
425
3595
425
1339
3882
833
2200
2195
5616
275
547
1776
4117
937
2266
4834
5171
2619
1465
4310
3139
2213
1909
1722
3139
1703
303
5574
4093
3838
4297
1601
127
515
2176
2406
4331
3678
1405
5476
3287
5402
482
425
3676
3713
2615
2154
3057
4564
3621
951
25
1405
1429
3569
4598
3946
5313
2864
1058
4679
2814
5172
291
1405
1429
5062
3139
4884
1095
746
1466
1031
425
4744
2196
2510
2697
3066
5419
3838
2538
1157
1313
2740
2248
4700
4903
4592
3453
480
1185
4763
4265
3107
5402
4945
5461
275
823
1339
3206
2196
5587
3240
1619
196
3088
2445
1429
3957
3291
4332
4482
1071
3039
5062
5286
3702
2813
1475
2196
4742
5426
2257
5128
2697
1178
1313
3308
1727
5089
4996
3139
1472
4371
258
227
2285
4717
400
5719
5068
3494
5724
1681
540
2196
5475
750
5419
3240
625
1937
5313
4929
994
3139
3139
1692
1604
3003
5587
3136
5062
3800
25
3139
374
2841
3159
2338
5155
3139
5466
2224
3380
4890
5402
1829
1699
850
882
3824
3752
3139
1249
3139
3139
4851
835
3139
3950
5340
193
1100
3401
3672
5176
2196
5109
5587
1410
2615
4893
5087
2502
5402
138
1227
653
321
1681
576
3485
4158
934
3507
3139
2243
1924
5573
4040
177
1809
2900
5320
2619
1429
3051
7
3139
2619
2882
3139
2564
359
3675
425
5410
4371
2891
5589
1351
3139
-1
5213
4226
5232
784
5547
5062
2155
5152
25
275
-1
2882
2448
1269
746
951
2196
1366
1775
1464
2819
252
4000
304
1584
92
2724
2196
3139
1528
16
3495
5706
1579
4392
2165
3349
2762
1471
4335
4045
2999
1829
3139
4763
2630
719
4833
3316
2247
1300
1623
2285
4998
3136
810
2016
3149
1945
1932
2762
5598
1891
3017
2391
4005
2551
4702
1530
3139
3325
2376
4016
2376
885
4287
1493
1931
792
4720
1273
1356
5598
1570
1019
2365
901
1504
4966
3991
-1
482
5700
2285
1330
1983
3308
25
1494
5063
2168
1165
1504
1608
25
615
2285
2308
4717
785
695
5433
4195
2619
4758
4998
25
5576
3848
5293
957
4771
382
4718
971
3251
2400
53
4615
726
5419
3875
1785
579
3830
2838
4968
2719
3139
425
425
3139
1016
1224
5466
3139
5671
3688
1546
1269
1782
4945
2724
4584
3781
3611
3396
1588
5276
4356
1681
242
3139
3392
1583
1823
3121
4097
4570
540
2566
350
4733
441
5200
2671
934
1703
110
5681
2127
39
5402
961
450
1601
4902
1172
4564
147
1178
746
5062
3790
3494
4949
3062
952
5419
5049
4057
5402
3139
4602
702
2196
3160
195
1339
800
227
4424
2572
1183
4298
1794
5387
92
4211
2333
4158
1405
4609
4905
633
2671
4158
5547
25
4976
1083
1983
4127
2838
2144
926
4517
4720
5657
2603
1583
2135
3822
2574
1016
425
2200
5336
4425
2285
1116
1757
4070
787
1126
4008
3289
4378
4944
3289
612
3580
184
446
5062
1414
1773
1185
967
2017
3725
3862
482
4890
5671
474
3139
5502
4007
3003
195
1168
2383
4287
722
4720
934
2306
1692
2948
1809
2843
4900
3066
4928
3788
5706
258
3003
2615
2067
2196
4050
5155
1718
1339
536
3499
4444
5339
5587
4435
1012
5402
5402
3022
3363
1889
4116
1119
2851
3139
2269
1185
5235
5385
5022
3139
669
3029
2718
2574
159
1017
1016
304
3643
5729
5725
-1
2196
3778
4917
1879
1681
3139
4280
4222
2195
3696
1797
3592
1872
1681
425
4039
2748
461
-1
1601
2724
1496
2619
3139
1636
427
3015
3881
2333
4718
3442
2825
890
448
2762
1410
1452
3426
3735
1452
3395
2200
5405
3931
3054
1661
155
2615
4836
1076
1044
4280
4733
739
297
695
25
3424
2196
147
92
1044
3866
2691
5326
25
1469
2257
4521
923
2659
964
3904
3461
3139
3127
1157
1504
5236
1429
5097
2196
1922
4494
1601
1504
5028
5062
4884
4390
3190
4966
2196
4393
1616
4890
5595
1119
1215
1137
16
4998
951
1101
4280
1178
10
227
5457
4400
3485
1083
196
5384
5746
4641
2200
2619
656
3479
5310
171
1759
2811
2633
333
5712
5695
5122
4993
3813
5049
2196
2614
3881
4966
5159
5122
4045
111
1518
2834
3289
827
2390
425
5426
3026
1777
5269
195
1269
2863
3139
3876
2160
4825
1699
4358
4222
2376
1323
2520
5695
482
2390
1179
4188
338
2688
4743
5016
425
3449
2879
275
1320
5467
5431
90
2877
1283
127
2196
358
787
4497
3866
5402
3067
185
3139
5466
2350
4238
2998
3945
971
2115
2285
2243
425
5085
747
4227
3139
41
2762
2200
2462
3906
3066
1601
5730
3139
889
1313
-1
5304
3732
3441
425
1817
4073
4471
1832
1073
3800
3139
1095
3139
4345
5587
2228
5028
5714
3029
1206
1786
4702
5732
2159
504
4075
2285
1269
2662
4453
5000
4966
3820
275
3508
2473
4555
5690
412
932
4836
1155
411
3437
2137
3726
2102
4158
2239
545
2818
1861
4494
844
2713
2191
147
2190
2370
3139
5692
4816
725
1313
425
25
3424
2311
1354
493
258
938
5087
3139
448
5473
2196
4497
2372
315
3937
5402
3139
4039
3003
1522
2685
3449
-1
4493
4605
-1
5402
3139
1813
36
3284
5405
2147
558
2196
2325
3591
4497
1686
1830
2724
4489
2989
425
3077
1160
1307
630
5051
3410
3139
1594
5587
3592
5402
1083
1298
1854
5697
3968
1664
89
3308
5433
5160
5650
18
1329
4890
1116
3615
5402
-1
2527
4298
4497
2860
3875
5133
3139
5547
5313
3880
5031
4732
1095
3435
25
1003
494
5491
1307
2285
2196
4298
3595
3676
1429
1913
3003
50
1945
2167
1788
3043
161
4226
3711
5340
3367
719
5685
3164
2810
4718
425
1185
1309
1210
1902
2962
1575
427
1304
4286
1521
982
4763
3157
25
3462
852
3095
275
3934
993
12
1185
3008
2724
3040
3308
2196
5547
1913
2016
1686
2285
5410
4766
288
3580
25
3082
937
1153
2376
5616
3629
486
4078
1504
2196
5413
5529
792
1680
2652
2269
3484
3616
1410
1287
2210
5049
4039
4890
4890
4144
214
1841
103
324
3308
2304
3177
5724
2724
3139
5170
4945
5062
4194
3955
3623
223
3139
4130
1984
3621
2164
53
2712
1338
4327
2243
3273
1152
361
3396
1588
3139
1215
4819
2024
2390
5370
3308
227
4400
591
2316
5491
3910
249
5451
1434
4238
5062
3139
434
3139
2155
2562
2994
482
5119
2102
5587
4912
1183
5160
297
1230
1598
2196
482
1044
5528
3458
4742
4372
967
-1
1251
1194
2691
2830
823
3264
258
3139
5354
-1
3621
3640
1776
4007
25
2619
5214
2196
4625
787
3334
5744
1004
3046
3139
1452
2169
1746
4763
2285
425
425
2196
3733
1504
5611
281
1608
1448
425
1672
3269
1624
2364
1058
4134
2863
3676
2570
2383
66
3723
1152
-1
2285
650
1504
4713
4720
5164
1854
3086
2285
1160
5672
2194
264
1426
402
2630
2016
2196
5714
5049
5587
4224
957
1727
482
5049
2189
3734
3162
3306
4730
1156
4662
3822
5238
41
2154
3139
3248
2390
4158
3591
148
4321
700
5496
4438
923
5343
1728
2364
2636
1583
106
1588
5243
4998
3945
3308
1407
2762
4513
3427
1230
1095
2966
1681
147
4489
1601
3908
2196
3377
557
57
957
1194
4039
1967
3156
425
4038
1583
2196
4849
2149
3495
425
3362
5580
1928
4209
3738
5049
5108
4851
1544
2393
3893
787
1832
4586
5254
823
5293
3000
560
3653
5322
4720
-1
3697
1661
2882
5222
1206
630
1896
2076
787
4564
1571
2670
1749
961
3732
3139
4226
3458
3095
3449
5068
1376
3688
4265
4378
3838
695
3045
2196
2349
1902
875
1468
3257
1671
1269
57
2724
3799
2085
482
5677
4761
706
2881
1082
628
1309
4060
5269
787
1388
3139
5714
2863
301
3066
5156
3308
5313
25
444
3796
2139
276
1601
-1
2285
387
1699
3057
3485
5213
4226
5247
5189
4555
1681
1379
2141
2292
1216
1427
484
2447
1307
275
2269
177
1699
2196
3139
3056
2196
2196
532
5667
425
1042
4720
1313
3139
1475
3840
2739
5184
1480
4890
2998
425
1354
25
4689
967
25
2332
-1
923
275
261
4884
2243
1448
3139
5049
1699
482
3139
4039
3004
5236
5702
4618
2748
4559
4998
1142
350
3139
180
4373
1945
-1
5050
540
4287
2084
4272
1583
1210
4877
2863
5166
2440
5695
5519
4478
1583
2635
2673
314
5370
4081
1405
3072
1339
1468
5195
2689
3279
2241
2680
2354
3115
1300
1427
5003
2195
3569
3628
5062
3139
1044
3046
4945
4615
1779
2198
1210
2630
5733
5107
3139
3039
4226
1313
1979
3980
993
3576
5172
2021
5022
1890
534
25
4129
5463
258
2420
25
2724
4792
4378
4944
4545
4945
425
3592
25
2697
3139
5391
147
3949
4596
339
3308
5318
1012
1479
3113
414
4654
2345
5491
3341
4992
3242
5402
1463
5587
5293
3139
324
3136
1681
4787
667
980
3139
4126
2762
2619
482
5000
5719
1101
962
4437
3931
1874
3943
2019
3396
5285
4786
3711
4488
2133
5433
3621
1429
4415
729
539
934
3510
1931
4553
2882
4944
1157
1664
3621
787
2267
2314
3651
1762
428
2435
1549
4158
1339
5169
5088
2364
282
527
639
540
5466
5062
4039
3587
2762
1705
5062
-1
4791
1814
810
1058
2539
1909
2813
3711
412
3308
4884
583
3139
62
5062
2966
1095
4255
3725
25
4438
2612
2089
1465
25
3139
880
3139
1917
16
2055
1405
3192
540
2332
4457
3139
2376
1012
3368
2269
3139
1653
3703
3017
378
1298
2762
3308
5048
1082
4945
4226
3841
740
1887
2309
1298
-1
51
5543
2949
1405
4752
2196
5183
2905
25
2828
2576
391
3616
4497
5109
3980
4902
1653
524
2630
5128
2084
2949
4126
3734
5280
2899
3781
2098
2934
2420
3521
4160
482
5517
102
4192
808
288
4760
1879
5558
4458
1294
5402
1594
1619
5197
2195
1480
844
324
5587
1095
650
4039
1330
645
485
4142
1294
2196
4497
3802
5069
2023
3139
319
2430
1420
4695
893
1722
5062
2285
3139
740
3139
1300
1003
1582
4226
127
4959
4959
4720
25
5342
827
5214
4837
4720
1405
25
244
1016
4158
428
2462
3875
25
1242
3494
2290
2055
3884
2399
4038
428
4182
482
4501
5142
2196
3308
190
4814
4945
3067
3139
195
5235
1095
2882
630
425
2884
5497
1350
2948
4763
1123
1019
746
2135
3395
2934
3564
5013
5473
2882
586
902
1452
3970
3942
4776
3513
156
1699
1686
249
276
469
4463
2383
3139
5576
5402
5286
5457
2703
2496
1307
5515
3914
4373
4017
3854
2666
861
2069
4373
5085
4901
5530
1948
2245
4487
5049
3139
5028
5599
5370
1517
3261
3592
2467
2304
1103
3768
2885
675
2196
4442
923
4332
170
195
99
5446
3139
5648
3813
5062
2660
3139
4281
5336
2852
1013
5703
5015
4836
494
5112
4196
3278
993
2911
5139
4467
1588
5062
2316
4890
1601
865
4226
1157
2016
2629
2630
2825
2122
1759
3292
425
2200
1699
1300
3392
2122
3944
4004
4044
1944
482
1583
4080
4238
1650
3180
2911
2210
301
4390
1406
5402
1596
127
5740
4188
5402
3495
4884
2910
5671
557
3349
3621
2619
3377
2523
3139
3675
1044
1137
2461
3139
5402
56
5177
254
5587
1885
5137
195
3485
524
425
3139
-1
5657
2050
4040
2609
1095
4204
1707
1044
3580
227
2196
2196
5336
5059
2269
25
5671
248
3702
1384
4804
4492
5402
3308
2196
5512
3308
763
2958
4890
4513
2619
3887
1044
3240
4158
1619
1434
5160
1090
1797
3139
1352
666
5671
5384
1452
1354
5538
1410
5576
2304
3308
5576
2243
4875
5384
689
3584
1356
4963
5587
766
2390
1313
3615
1168
5505
2830
4388
1468
2489
515
2958
3139
5402
5087
2219
3241
3139
2004
1829
3833
1681
623
25
2338
425
1475
5362
1352
524
425
540
4516
5557
5724
4233
1168
1095
4945
5238
2218
2122
229
2989
3308
5022
1230
3142
4327
2285
2243
3139
3164
3869
630
4
2882
2097
2196
482
2122
432
5183
3554
3732
2153
304
1601
5200
3139
1038
332
889
3760
2724
5556
1999
4047
1044
1157
1811
258
227
303
3039
2248
3717
5122
2473
2243
2200
204
1056
4564
25
2016
1287
2571
1417
1244
3676
3534
3046
4533
3139
571
5077
3302
4693
4238
5031
3251
4718
5587
2470
1727
3843
1731
4890
1405
254
882
82
1898
1085
850
2934
275
2332
2200
4675
923
1704
775
3139
1857
118
4392
4420
2541
3139
630
1280
4950
1909
2122
1354
2146
4408
2131
1311
1405
5545
4007
656
16
5402
5114
52
1429
24
5731
1178
4884
2768
53
1339
2951
514
3865
3761
1307
2882
314
3139
2175
2196
1304
241
2
5402
4222
3875
3240
3595
3137
1108
5032
1727
425
3989
1168
-1
5062
1210
5475
2911
4602
5037
2773
2189
5592
3931
4383
5062
3875
3139
1203
1480
1601
1131
2411
4704
1313
4157
16
485
4341
2882
1016
2669
2164
2253
922
2962
4482
1759
2398
4836
1979
4266
2350
1706
5405
1601
937
1914
2724
285
5271
2227
482
5285
3139
41
4966
740
1079
-1
4713
2676
2383
3072
2167
1420
2785
2838
4890
3139
43
1218
4771
3096
4158
785
1680
1946
2285
1149
1116
482
5587
860
669
1191
4829
5506
1185
3946
3139
5211
2390
2517
551
5690
2435
632
4158
243
3139
3363
1015
1269
2029
2333
2114
4603
443
4484
5402
425
635
4362
2762
3716
127
4889
425
171
1429
1195
834
5122
1298
1330
1692
4226
-1
778
315
4383
2697
-1
4004
4226
1307
4491
835
4230
3431
4890
4492
3641
4484
3991
1964
1465
4373
443
5558
630
425
2986
2200
1189
5140
465
1470
70
785
1823
5210
62
3733
420
2220
4444
2707
1145
5263
5695
2196
498
4521
732
2267
4131
1983
4701
3139
195
4035
2924
4111
4890
1446
1588
5159
1870
3573
1356
2698
4911
3682
5022
485
241
1044
602
5402
4884
4204
425
3139
3866
-1
4287
196
1300
1307
1294
2009
3718
4000
2196
4890
5671
4158
1000
1702
5319
3153
1451
1307
5739
4679
3682
2200
3748
4398
5062
2016
4033
732
713
3257
3401
2196
485
4902
3139
5049
5712
5362
1854
1601
1478
3725
1313
425
5049
2196
5198
3595
2200
3293
5672
4555
4397
4787
5576
5062
2762
5132
584
52
3761
425
1743
-1
1800
3139
3800
1405
4536
4272
2196
3040
2364
630
3862
3139
2196
4915
452
5195
628
2164
5370
4196
5053
3875
425
1682
4339
594
5402
983
2697
975
225
5493
4046
2390
3139
2122
5566
1570
3223
954
1727
1230
2935
5402
2645
