4804
334
25
5684
4615
2226
3466
2333
5683
3224
5110
1323
4373
4617
540
2615
5333
5362
1338
2530
241
3676
1719
5587
283
5683
2755
4511
2267
1496
2196
716
3218
92
1588
5235
3396
2838
425
3086
3327
4397
3139
1119
628
4900
3139
3026
5570
4966
2364
3315
3946
2762
3328
5644
4902
1429
5402
3711
2167
3552
4303
1095
4890
4915
1313
3136
379
5048
3870
1919
2122
5031
5433
3251
4966
5467
2762
5499
4039
2762
62
4484
82
3427
741
3192
5432
3251
5241
400
5607
1101
576
4082
5349
425
5644
672
1699
5196
400
16
1300
16
5526
-1
2907
4332
3598
3418
3499
5644
5133
5499
1842
740
2195
1178
3887
4617
5491
3755
2751
3651
16
1178
2751
1178
3958
925
373
5576
465
1300
5031
2632
1408
3139
1313
3139
3955
2196
1806
1650
3245
62
2762
510
2308
838
4221
2979
2383
1010
2154
4966
3251
2907
1778
5636
3769
464
2872
945
16
2196
195
862
4902
16
4250
57
4689
5526
5587
1781
3487
5402
3308
2196
4369
5502
1800
2062
2200
195
657
3711
1778
3309
425
2002
4673
5518
548
3139
3647
3730
3240
5402
5343
4700
639
1460
2243
3139
2374
-1
1429
4251
3139
2748
666
1479
3676
3308
1699
2762
4804
4082
2872
1821
1313
425
442
5135
2308
2285
3013
5402
5402
2337
5362
5402
2196
1902
2267
3418
1374
4652
5030
1313
242
4337
4471
5402
2200
1313
2196
16
322
4929
5049
1334
82
3139
5386
482
1908
1095
695
288
2196
431
2762
4901
695
5235
1934
3489
957
2934
2017
3257
1673
5465
2779
4406
3988
1429
2200
1298
2190
1639
5412
5587
2435
3246
18
1083
3139
695
425
227
4204
62
2356
4600
1429
5595
4327
3410
1429
3966
5269
2010
835
1919
594
825
2863
4039
101
195
3923
227
5633
3422
5062
3462
1019
5402
4479
3489
3139
1353
3688
5402
2743
5140
4445
2619
267
3843
1713
540
5402
5479
1939
425
1546
2285
213
16
2974
5028
1867
5706
5402
4902
3966
1011
5322
3139
-1
4559
4226
3139
3887
3139
1005
3033
4330
25
1101
4395
1465
602
2872
3395
5576
4700
2655
3501
3923
2122
2786
1427
5644
5576
1636
25
4707
1789
4084
1882
1033
3675
984
3396
3308
3402
485
3139
2196
3139
227
3418
304
1369
2231
2160
430
2793
425
1610
1636
3923
3688
2762
630
5410
4415
2934
2189
3418
1601
2196
1681
2656
4054
154
3753
4956
4413
5309
482
1273
3139
3139
2621
3308
3278
1300
1281
1757
1908
3676
5214
945
5097
2593
716
4489
1691
5576
1152
-1
1833
4016
1410
591
60
339
3043
227
2167
723
16
5595
3280
4158
3139
1909
2348
3375
4916
3054
5131
4114
1504
2196
4462
5576
1313
2825
2196
25
4792
4352
82
1429
3139
1313
3139
536
4226
1878
1586
4497
1307
1546
5491
4902
2196
1465
2330
1480
5129
2016
649
1468
5557
1624
5587
4307
3139
4175
1821
4537
-1
5028
4925
3439
82
3676
3291
1916
1029
602
3966
1998
3676
116
4950
1902
428
41
5587
1781
5132
591
3139
1800
2123
4978
5499
4158
5210
1833
5062
3923
3188
5238
3723
1240
16
4220
5402
3395
2364
2975
95
3496
4700
1578
509
1427
1772
4238
1510
3139
2196
23
4332
2935
5507
5028
4913
1772
815
1116
5472
2691
591
3869
763
4890
3900
1044
1157
482
3238
5028
2958
1595
726
5241
3877
1957
2269
4763
3142
4255
3139
3784
2017
5511
5218
3308
3690
5402
2615
1405
4736
348
1371
4627
739
3091
1719
2098
583
1777
2584
3713
3008
66
3139
3251
3592
1554
4983
5616
1152
4444
12
5587
2084
3000
3139
2882
285
330
1800
4998
5738
1579
3711
482
4718
2762
1313
4331
911
1906
5616
25
3054
4989
5332
482
301
5293
21
1793
5156
482
229
5324
1479
92
3401
4771
5687
5142
4890
4299
4219
2122
258
3139
3245
547
4335
1675
5129
3427
2195
4900
2195
2084
1800
1092
3139
-1
4054
3072
630
1465
3485
3046
716
4400
3139
2390
911
52
685
3418
1405
254
2762
3682
2645
3822
273
3830
4082
5671
4252
1307
4871
873
1642
2619
2965
1719
5122
2411
5671
25
5094
3139
2196
3315
4497
365
4453
873
2934
25
2548
25
3141
411
3247
1420
1902
425
5155
482
5587
1054
5112
1307
5256
2023
1961
4720
5087
330
4720
3688
2189
1480
16
540
4612
1297
2183
2169
4226
2626
2738
570
2762
4080
3737
4373
25
2376
-1
5474
5009
5166
5644
3838
3313
4252
1846
3521
2880
5062
1275
-1
2313
984
25
62
2192
2527
4088
327
2390
2122
1902
4136
4142
3139
5461
4022
5159
166
1939
3436
3266
5621
2979
1858
1152
1699
1681
1108
515
3587
1095
1598
947
2285
4899
1273
3621
3054
2196
3592
5062
873
4158
1132
4627
4778
2200
1399
301
4658
4158
482
4405
5602
2825
1307
3205
2615
441
2267
482
2691
4602
2189
4990
4226
4287
425
5402
314
1636
3587
5049
1793
4615
3899
5132
548
5655
2017
2154
1842
1636
227
5616
743
1218
957
3139
5362
4373
3959
1800
1800
2615
1800
1844
2196
1465
5094
3589
-1
1919
1178
5671
4039
301
3214
162
2768
4493
25
2233
5062
25
3641
2122
1615
3507
171
827
1699
5576
3139
1044
2961
2838
431
36
3308
4927
3507
4238
4808
4294
2383
2365
2196
1902
5049
1583
1309
3833
425
576
3015
1647
3139
4158
3072
2825
2440
425
5218
4373
1019
567
2990
3592
3139
4998
3489
576
1313
4131
1215
3054
485
-1
2308
3139
402
1178
3958
5396
2184
5213
-1
5247
5448
3723
5727
695
3308
2200
3800
-1
3887
3621
5133
258
1914
3422
653
2285
3051
5587
3139
249
2085
425
4878
2069
-1
3072
1846
3877
3401
2024
4226
695
2762
5053
2200
301
482
241
5074
715
3838
4158
3725
1215
2350
2196
4232
5587
602
1650
425
3369
5426
3084
1706
2122
425
3139
3975
5159
5472
1240
1383
3935
1765
2241
123
3433
288
482
554
407
2762
2516
2872
3838
2975
82
25
1215
2195
5099
1307
425
5122
5466
4858
2377
5119
5159
3316
3584
4158
2762
3139
4771
1479
275
499
2365
2196
24
2428
2882
2990
1442
5094
25
482
4643
4226
3923
373
5028
1616
4615
1178
52
2531
3531
3139
4913
5353
1313
5402
2961
1881
2777
1610
1429
482
2160
937
1083
1153
540
4537
5218
4497
4494
3131
937
4082
301
-1
4406
5475
4772
4134
4131
5419
1044
1083
5402
3170
3188
1024
1450
3139
5496
3257
482
4890
2196
4007
2164
4687
4851
4910
2505
16
2645
5073
3630
1534
4720
3128
3139
1205
4082
2697
2122
3838
3139
2104
1044
5475
5431
-1
3301
1044
2196
4535
1601
2337
1842
5099
2902
1376
5062
3986
1006
1636
3238
940
5499
275
1894
1131
5562
2285
1612
3308
1922
4990
3139
1583
3139
1300
1939
1434
5535
4373
1480
301
1465
280
1121
633
2122
1699
1231
2615
228
485
4082
2196
543
5062
5511
3521
425
1660
5402
2196
3923
3250
193
1571
5699
5294
1450
918
2882
3814
5015
5525
3875
4158
4718
1865
5502
-1
3139
-1
1233
301
746
2187
1977
5449
1319
5624
4007
4444
2200
1304
3667
1601
983
2017
5384
4975
2164
4959
4890
1016
5066
1831
1328
3409
5491
2196
4657
4373
4720
2122
2825
2285
1338
2489
4127
1429
2944
5022
3139
5235
5481
2164
3696
3139
4951
787
848
1071
5449
3316
2285
4158
5616
5112
4794
3308
5028
301
1465
1345
4780
4302
2226
-1
1757
3478
5497
1313
4959
5221
220
3308
25
425
1323
4369
3592
749
5402
1429
1800
1307
1463
3139
5062
5402
5487
2007
3195
3559
5062
-1
1955
4494
3139
3545
4906
482
4010
3507
3875
1071
2196
1044
2882
1193
3760
2200
3833
1793
-1
1316
749
3046
81
4902
3269
1071
2122
4489
5402
1429
1742
5552
2196
923
3392
1218
1571
4323
3474
41
3240
291
3003
2285
275
4899
3696
3396
2814
2085
1300
4890
5062
177
4990
3168
3360
4708
3139
4808
1005
5587
623
5570
4281
2196
4142
2200
5135
548
3139
2961
1769
4588
1601
326
594
3556
796
3650
2435
75
3592
4998
3000
2619
2961
1300
3788
4004
5497
5402
2196
2995
25
2911
4984
4826
425
1701
281
713
3591
4978
5049
4664
1046
1152
2017
1661
53
2685
4902
1060
2655
4559
3982
2998
4151
1044
1504
5574
747
195
4158
3156
5671
482
4188
5062
2837
1429
1095
4959
25
5616
-1
2200
2210
4998
1291
2975
1046
2724
4959
2619
3065
3977
3778
425
630
5062
41
425
4720
3621
5402
3386
1069
591
5621
16
378
3831
3349
1501
5456
425
3707
5254
3821
3418
2196
5132
2157
3242
3581
1494
1174
3139
3000
3139
5515
4007
2365
4945
-1
3139
4064
620
4238
5402
2825
5340
3808
5062
3592
2829
5714
25
330
2895
1527
1166
3139
5156
3000
1436
3139
1856
1611
5313
1230
4998
1985
1058
1692
41
3923
3964
2311
3936
2934
3838
2882
3838
5433
3308
747
2196
3521
5595
3015
5402
2196
2196
1448
2589
674
4373
1178
5152
1636
425
269
3849
16
318
1831
3308
258
368
3139
348
2531
5077
3563
3974
5074
242
5402
4771
3399
1307
2210
18
4054
5402
62
3629
4585
5112
425
3963
4966
3621
118
425
2838
5351
3462
1300
4257
3928
2934
4484
4569
1796
5159
810
1408
2780
5402
5198
3369
5499
4427
5502
2191
2762
4902
425
2267
3332
1429
4373
5022
2210
2724
-1
3107
3799
4880
4569
-1
583
1405
1898
5402
630
2248
4740
5387
5085
5671
1502
1178
3396
2744
1738
425
1480
3485
75
50
249
4054
5546
5062
1016
2619
2210
4569
630
2269
2166
2652
2975
4860
3054
5426
1857
4106
4497
4485
543
195
3250
1460
758
4132
3800
5049
3396
5402
2377
5062
3454
4915
993
4698
2948
5062
1300
2306
2794
1405
273
1147
540
3149
2655
2724
4032
1661
4898
4039
4914
3382
3139
3139
-1
591
957
1309
3139
2321
526
4328
2285
5217
3054
5112
1178
1238
5354
1283
3946
-1
443
5351
1385
3240
2267
1655
41
1465
548
4032
3126
2911
5497
5254
1095
5284
2200
5028
883
1553
1558
1699
1405
5062
400
947
2435
4792
5387
3139
1405
3003
3682
5544
4033
303
3592
1482
3353
2691
4728
5434
4926
1601
4039
448
5062
5049
3882
4929
3346
1185
2364
1297
195
1177
5450
1789
4147
1300
3887
3138
2390
2423
2195
2619
1233
3407
4226
3139
2344
2442
3945
4564
1777
5530
5062
1452
1429
1722
3139
1101
4700
5232
2196
425
5433
4426
5318
5434
66
1908
2200
1556
1147
25
1777
1083
1465
4002
1588
2009
1424
4384
5132
2122
1178
3139
1598
5142
2369
3923
2196
633
1722
3046
700
4007
3377
3946
4915
74
695
25
1504
1429
2017
4438
4082
4674
1506
5272
5062
1203
2934
4158
3139
4158
1210
1054
1178
3139
661
3113
3393
1178
3755
281
2718
3046
3925
3592
4959
5616
5029
3284
534
4007
3139
4534
1405
923
2409
5323
41
4529
2857
4188
3915
1476
5545
2829
281
4000
2200
4373
4062
1300
2911
4201
5592
5028
2430
5587
3755
3139
1313
957
3996
3139
1405
3139
2330
3966
2241
4720
1323
3862
3592
3308
4825
1588
425
4158
541
3822
1199
4720
2326
1061
2615
5616
258
1436
2549
5062
1300
1240
5049
5094
3920
2763
940
3848
1210
3489
25
957
4991
2698
5123
-1
2435
1072
1902
2196
5267
3629
2052
3887
5640
1309
4041
3838
4220
1405
1725
5744
2195
1744
3838
2196
5218
1282
1836
3838
3564
3301
2615
5133
3675
1219
5587
4723
1636
4394
5272
4814
1821
694
4158
-1
5003
3051
425
1583
2196
3139
1283
5518
1588
1702
5387
4975
543
2200
2148
2017
1699
4497
3641
1410
2516
3391
4171
4497
4032
227
-1
4188
3377
2724
739
3396
425
1636
4188
5218
4877
2196
485
1583
4826
519
4491
1596
425
337
4722
3254
5254
425
2196
5402
3072
4226
2691
53
3115
987
3349
3731
5472
3735
4125
4000
5717
5491
249
-1
1707
3963
1480
5126
2416
5587
3682
1757
4032
2647
2895
52
5113
1480
630
652
1178
3585
4032
227
2809
1636
3456
1861
4965
324
1801
1722
-1
5687
3072
540
1967
5547
3800
3139
3752
787
177
2285
1066
4718
2367
2762
3139
1366
5583
1883
1601
2196
1598
3887
3838
1665
285
4131
4966
3190
1926
1067
4966
3676
1307
2248
5087
482
4763
3948
1167
4332
967
425
5243
4059
3139
5697
2724
3923
5247
2164
743
2374
1659
3621
681
82
2937
4966
4131
2200
406
5402
-1
2196
2153
241
147
2153
3418
3077
2449
4225
3139
1150
146
5584
3509
2213
25
2189
4713
1504
4226
2615
3168
2194
1405
3139
5271
263
4569
3308
5049
827
1307
-1
3139
425
4226
4238
4815
3584
425
4421
1846
2196
511
1800
5409
2285
4945
1601
482
2724
4158
1977
4373
5062
1157
3361
4650
4408
301
930
1512
5497
2195
1044
5076
4027
227
4373
3369
25
2619
2333
5429
628
1116
630
2285
1429
1801
3913
3396
1234
1568
3875
43
1775
2934
3875
3139
2196
2615
3989
5258
5587
4016
473
5011
1298
25
1240
5714
1997
5402
5440
4287
5051
4497
4629
2364
1384
1986
3313
4226
1168
5667
975
4901
1583
4903
1791
1429
951
2196
1956
4082
4226
4713
4562
5414
4444
5062
3396
1636
4497
3139
1298
51
2036
2633
4945
4156
5234
1601
4188
1406
4148
4547
2196
747
1480
1512
635
53
5287
4438
1186
4471
1170
2164
4945
276
1157
2023
4204
5271
3139
4814
4007
4720
4784
2182
3139
1300
258
293
5183
1636
4720
2748
230
1796
1549
2762
3158
1610
610
41
1044
2290
2934
3139
1221
5140
4007
1295
1269
1588
4972
5435
1452
1427
676
1405
4771
4978
2051
3046
1395
425
2196
221
2619
1343
-1
1185
3883
25
4815
111
4720
16
5087
400
3139
5547
4028
2249
53
2016
747
5370
4007
4016
4829
2025
5155
3168
1754
3139
4966
104
4348
5155
2724
1240
3496
2196
4900
5313
5218
4584
425
2285
833
1429
425
3689
25
5211
3139
763
195
2243
3139
3838
4602
3139
3132
-1
2619
2008
4200
2200
681
474
3517
647
3883
5178
3038
425
25
1480
2498
937
5402
576
1598
3142
4559
2882
5497
3910
5156
613
5015
1077
2196
4945
2619
2390
4287
4209
5695
5122
1504
3303
1405
1608
47
482
2184
4039
1206
-1
1071
2285
5402
4614
4457
311
4993
-1
628
2200
3554
3139
446
1185
2502
285
3958
585
3139
3139
4497
2591
1016
695
2882
5402
4142
3777
2724
5155
28
2090
330
3139
-1
1298
746
3456
301
193
1588
1178
1387
3495
3139
195
5280
5085
3139
1601
3137
5466
1796
3139
3308
425
540
2200
5426
4685
3315
2998
1945
3139
2842
2619
936
5497
1521
4107
1636
3696
4188
3676
425
1016
3139
1243
1131
5313
273
3392
5491
957
1791
703
2442
1307
147
4724
5241
3892
482
425
1244
476
227
4005
4373
3003
1016
3139
4945
5028
2210
3139
4531
4054
747
-1
785
1468
3113
3115
1899
3495
3530
230
4082
886
25
5166
4718
1665
1310
747
1722
4494
2285
4607
5671
3289
3139
2825
3414
-1
-1
425
5671
482
1781
5235
1044
5062
3139
41
3139
1703
716
5692
3932
284
2826
2377
1016
275
3910
5062
2939
4226
2383
3936
1270
3740
3650
2135
5254
177
2241
5402
1307
1583
3139
3139
4772
1168
3869
1664
3271
886
5551
301
650
4559
1738
5491
1405
482
3054
4770
2199
1646
99
4437
2196
256
2954
2023
2123
617
4231
3308
5265
2196
2378
3139
3837
5426
4587
4320
3586
4453
4311
1429
4235
1752
3308
3317
5310
3469
3139
2196
1666
1601
53
3781
5587
4813
4945
787
5271
866
3139
4348
-1
1335
3039
3651
640
1596
3139
4371
1054
2189
4053
2939
3574
3139
214
2679
3139
25
4287
4811
3377
5491
2762
1902
1189
3519
195
4332
756
4203
425
1996
5068
3592
1147
937
2200
5085
4884
1706
2974
2013
2211
5062
1428
3139
5264
1680
2390
1184
3682
583
1405
594
1244
-1
2196
1183
484
3065
4427
2196
3934
1953
51
1307
5062
2146
2974
1445
1230
3875
5062
1283
4211
378
3887
4763
4890
1685
2122
1291
5587
3139
1044
2954
4126
1553
3796
258
5561
5387
5621
1210
1516
1239
630
-1
2210
1079
62
4884
3139
2979
1968
1480
4552
3003
147
4139
25
5062
2809
2376
1095
2565
2285
4945
3072
1307
3441
1897
4902
882
1218
1948
4004
3601
82
5176
3139
-1
5269
5254
1504
639
3456
4778
2040
1337
5384
5235
3285
2754
2196
5426
24
1821
913
348
1313
1298
1538
3139
756
3215
2084
4188
5587
5571
3003
2762
1930
2164
400
1945
5087
650
429
5133
624
2822
5518
4771
4005
2350
425
5087
1031
2383
5362
3616
5049
2285
650
2196
5507
1780
3279
2023
1681
1800
1078
4131
410
41
5576
1681
653
4060
1679
1429
-1
2153
3967
4225
630
3878
350
62
1465
5269
3122
3731
5415
3139
3996
1307
4875
2200
1992
4902
4005
2762
2200
3139
2961
3139
630
4533
781
550
1206
2200
2057
3283
1087
3139
425
4019
5616
1521
195
3139
86
3396
1601
3139
2703
3139
1194
1405
4633
1359
425
261
2708
3841
5497
1520
1779
2724
2505
-1
4804
2196
3991
2958
3072
1480
425
5347
2023
-1
1044
1793
4153
5695
25
5152
704
5062
2189
5616
66
2241
3923
3862
1850
4159
-1
1313
3139
511
3003
543
28
1157
3676
3139
2200
923
4915
482
285
1601
425
3139
2200
1206
3139
3139
2153
2226
3351
3766
640
2084
1854
4945
1796
677
3308
2041
1470
5360
1703
3139
4900
1193
872
3139
3800
4184
2443
3691
3287
3795
4033
3867
156
4158
1397
3139
25
5571
4763
2623
3088
482
3003
4158
2691
2698
3494
4600
746
5402
1601
2526
2911
1155
664
4966
3507
2619
5387
5499
5654
4497
3139
4287
543
4280
4986
477
3139
1601
3711
1095
5309
242
5074
1773
4392
4162
3115
16
1650
16
4890
1410
2122
1555
923
5419
4034
425
5062
1168
1410
5402
1396
2654
4226
1673
1008
5664
5696
1685
4718
2196
1583
5505
-1
5210
2882
1062
3139
425
356
857
4975
5019
882
1199
1016
1131
2391
1300
1298
5271
2634
1016
485
1680
1699
2154
4814
957
3139
3136
1016
5524
3711
1664
1601
1780
5077
3933
1819
3430
1233
482
3139
5402
2196
5283
1475
1429
3095
1551
5362
5049
149
5497
5107
1298
556
4693
-1
16
1168
4654
4567
5402
258
5275
1044
3139
5639
4493
3885
3646
4039
556
2243
1583
1677
3150
3923
3734
2196
3616
1185
2697
425
3938
425
1893
510
4615
5587
1465
1044
3331
258
4131
3799
347
4720
4126
4075
5524
3139
4131
2406
1546
5280
4998
1598
4373
261
4482
4836
1480
634
2129
4998
3838
3139
4142
2630
4392
4226
1608
583
2196
3003
5028
2724
301
3039
1480
3139
2196
5402
-1
494
566
5364
4348
1094
1101
3139
146
5031
1240
4359
4929
2339
4390
1681
4945
1116
24
3933
1448
195
3676
1601
4633
4792
3910
4373
1131
4966
3862
1598
5022
1646
4503
4336
57
3447
1579
3077
959
3139
743
1298
2825
3800
30
2285
432
3534
147
1184
331
3766
1206
3192
4487
540
1429
3139
5718
5362
1570
3139
2008
443
1298
888
1054
5062
195
3139
452
3139
4651
3502
3395
5238
2113
556
-1
2101
3139
4226
3910
4057
1503
3689
2333
1699
2166
3139
630
2768
5402
1913
425
1475
1203
1583
5402
3139
425
3306
4946
1117
1800
2615
1157
5384
-1
-1
4007
4445
1300
380
4712
2131
3449
4226
2819
2374
3139
3139
666
3095
1178
425
1546
639
1945
1949
1090
4626
3763
3249
-1
4471
1945
1872
5159
3595
3499
2196
5442
16
4772
324
873
5466
5022
5049
1727
4890
5402
1194
3426
3485
9
4244
3255
195
3505
5449
5156
95
4838
1379
16
1546
482
5512
5493
4720
3139
5097
2981
3139
4328
1184
4096
705
1427
1347
5133
482
5241
4615
1945
2380
2724
2825
1353
5426
285
746
951
220
2573
-1
2196
3071
1116
1583
542
5385
315
3592
1397
212
5576
1699
3003
4039
346
975
2615
5497
1636
4140
547
2354
1104
1861
3875
3140
1961
5714
1475
425
5171
2691
3139
2196
1482
1906
5433
1843
785
2243
3289
2088
5269
3289
2724
5665
2630
62
3278
425
1699
5049
5028
195
2794
3139
1463
5499
5402
66
3139
-1
2934
2383
1841
937
6
365
4966
957
2196
25
3875
2380
1309
630
2195
2882
1681
5108
1452
3228
3139
2241
3139
152
2904
3139
2263
1307
541
4939
3003
2548
5402
3182
3192
-1
118
4966
3241
4000
394
1769
1071
3308
5466
834
4767
1199
53
3147
1214
2750
3139
2048
1408
42
495
2890
5062
3621
477
4713
2632
2651
2374
4986
1570
3410
4906
1410
1044
4188
248
301
4195
3139
5518
3308
1612
3296
1355
975
3863
2257
1054
474
1072
4677
1699
4966
323
3592
245
425
3139
3139
852
4861
2899
3192
4948
3591
4713
4626
1427
1618
1675
5164
4804
2390
3308
2615
4497
2762
4391
879
5506
3507
4890
4978
3996
3900
2825
-1
1139
3735
195
2477
2751
3676
623
1720
511
4188
3003
1330
3139
4966
3901
25
4891
5559
443
4332
2632
1216
4792
2009
324
3072
2164
4392
1692
1003
2189
1339
540
3139
2243
5062
-1
1616
5371
594
1668
654
4332
1943
3875
3139
2333
3676
2632
-1
1185
1300
636
1219
1465
5354
4137
5195
5068
2473
1680
5587
929
1429
1796
4943
4814
5062
5491
25
5419
-1
52
3139
796
3139
2285
3932
1843
2148
4663
590
1596
5521
3418
1139
1429
1452
5695
652
1289
4615
3620
16
1775
4287
5518
5586
1588
4332
5339
1607
1119
1598
1601
443
4784
5121
485
1323
2196
2023
1016
4158
3139
5324
4893
4436
5362
3545
3190
262
2051
1465
497
4232
1661
841
3139
2267
1683
2762
1429
1497
1480
972
2691
2200
2966
2397
425
1294
5545
4815
2285
1090
4713
4763
2919
3054
425
3067
3561
5636
5271
4559
212
1726
5183
1165
2851
3000
274
482
3308
4073
5587
1090
4975
4039
2097
4884
5402
5062
1913
1633
5491
258
4589
92
261
3838
4057
3139
5432
5610
617
5419
1185
2196
630
1371
2856
2196
3441
540
1588
1168
4713
2333
2773
1324
3479
2822
3838
1608
3393
2285
735
2285
3015
3968
2567
5586
3296
4331
2153
4559
425
5612
4985
1269
582
2724
2196
314
301
1468
5068
5062
4029
5171
2267
1281
1897
1206
630
1586
-1
1504
1703
4920
5131
4015
5576
739
227
425
687
2345
1653
4945
5413
2769
1455
1854
5391
1533
2285
28
861
3768
3139
425
3017
4744
5589
4255
787
4118
5402
2454
4803
4278
2196
2628
5545
4325
2143
583
1352
1206
3139
3192
2196
1482
4693
4438
4631
1277
4158
5062
3040
3591
1298
630
485
1168
425
5547
996
748
2243
4195
2376
2615
284
1427
425
1681
3653
5029
5544
2619
3072
3320
4373
512
4908
-1
5402
834
689
25
2563
4132
3139
5235
4116
4158
2354
4884
3868
4003
3147
275
3139
3923
1339
1636
3003
4188
2828
4128
1570
3916
2200
314
4710
494
3616
3139
3139
3003
4329
3107
2562
3289
3219
2762
2354
1430
482
2619
5128
1215
3308
3139
3507
5128
2762
1468
5402
3507
2378
787
5165
5642
1192
4226
4718
709
5111
588
2390
1131
1673
5101
1546
3838
4126
3427
5218
102
51
2285
4042
558
482
1506
1824
-1
3493
4158
3377
1199
4162
5686
5497
6
1269
5133
5576
5255
2111
5412
3388
1081
4127
2196
494
3054
5274
5517
4371
3629
1309
1601
5176
4348
1579
5085
4900
4039
425
2882
1452
3419
623
3875
2056
1044
3139
3139
1054
5384
5062
58
127
3641
3136
3139
25
1185
3822
1405
1025
2619
2911
583
5499
3621
196
4142
4943
1699
5292
3139
5077
4164
3869
4936
3067
5247
3773
425
3462
1945
1178
2762
1336
25
4873
16
5364
5022
2828
4777
3403
195
2748
1414
687
3856
249
5077
4696
2994
2615
1029
3072
5171
482
5062
2196
512
785
3676
425
822
3139
2872
227
5233
1681
3623
5271
1313
1902
425
3139
482
4039
3139
3624
227
3965
1269
3139
2895
2630
937
548
2390
3536
5419
4497
2703
3139
3265
4497
3046
1407
712
1788
3139
5183
4371
923
5587
1480
1476
1297
4632
2619
1776
5405
4868
3876
4740
425
3682
4763
2654
2762
1601
2762
4497
1601
1732
2243
3139
2176
2939
5744
1123
1019
-1
3139
4712
5432
4720
4713
-1
3591
3923
1082
4226
3818
2813
286
3139
607
2950
5016
4697
2162
5497
3139
5076
1892
1405
1429
3139
3591
4142
425
3139
1480
147
2978
3008
4966
2122
1230
3676
-1
1764
4373
3675
529
2620
1298
3308
156
1482
1405
4966
275
5419
1757
1847
1842
1902
4371
1777
5087
4228
5156
1185
3771
2601
2435
787
834
778
2189
3621
3139
3472
5733
448
810
1373
3217
2196
2200
4000
5587
2958
3139
3862
1800
3389
2724
1583
1405
4002
1653
4495
4226
425
2196
2699
3139
127
5385
25
3003
1178
5746
4966
5136
482
1083
2078
5384
1722
1936
3415
1619
5587
1699
425
3423
1854
814
583
5674
1429
5292
4776
1900
2196
3095
-1
3139
1854
3139
4406
2825
3139
5413
1681
195
2158
3897
2440
1427
4415
3139
5359
4966
543
5152
4142
1830
3996
275
4300
195
3034
2200
1506
4966
2395
4255
3838
739
3139
852
4945
4597
3676
4998
2671
3039
5240
548
177
5694
2473
4499
-1
2196
4771
3283
1914
41
485
3621
630
1936
5587
5387
2978
3752
4227
4335
2501
3903
3139
5463
3139
1206
2196
4082
310
1636
425
4945
1012
1071
3139
320
5595
5362
5387
3795
5582
3734
41
1230
2285
1095
4597
314
591
5650
4373
4998
3139
195
977
2122
2354
5156
3392
2164
88
987
2998
2990
1185
695
591
147
601
1309
3506
2196
1318
5293
2435
4000
25
4487
1185
1157
1044
2678
3838
402
2023
3820
2825
510
2316
2227
25
1054
4428
1916
3937
3875
2285
3094
967
1854
4497
2006
4007
2196
2724
3621
1915
1016
3139
4033
301
5049
27
2165
1405
4188
86
2196
2318
1429
2156
285
579
41
365
3910
785
2630
425
5099
482
425
2958
3269
1429
3139
1480
2656
3057
303
1928
2122
5241
177
5402
25
2196
5419
1020
4501
1666
425
1504
2200
41
787
4453
4484
533
255
1185
1019
664
1661
1759
4453
3616
746
4584
1307
1178
25
223
2380
425
3139
2619
4311
4371
1086
2612
2196
5123
1650
195
425
1307
3139
835
823
1127
1588
1583
4611
11
2285
4763
4226
550
4772
3628
53
5278
2703
-1
220
4603
5674
583
2762
2870
1909
25
5364
1536
-1
1444
57
6
5140
5402
4188
3838
4162
4096
5733
2825
4983
4226
4896
1294
3875
2196
3757
5112
1016
5362
3485
3139
2426
2724
1583
5235
5481
5741
5695
3396
2196
1307
1356
1300
482
981
3180
590
1429
2734
2196
2495
3015
4040
988
3539
2619
2834
5200
2139
2196
2195
5541
5159
4482
2762
4226
3017
2615
482
3054
3693
2196
3255
3046
4287
721
2146
4075
3115
1936
-1
1352
5068
2762
4411
630
3292
630
1250
2122
3994
4131
4327
4373
3362
16
3395
1560
1178
3257
1210
2943
4452
2243
5587
3139
378
787
5518
2333
4998
2691
1178
4609
3317
2630
3072
5098
3139
4912
1546
2975
1535
3034
2435
3139
285
1512
4004
2196
5158
3139
2097
28
3139
923
5022
3308
2285
5117
2821
5009
41
4504
16
4763
1307
5062
4131
2133
2285
2569
3506
3676
5648
1410
1405
285
-1
3869
275
1586
127
3769
4643
5419
1160
-1
591
160
2972
1101
1958
2196
2196
2200
3115
220
2619
3095
3945
4958
4370
3809
1298
2911
4998
2200
1902
2196
5271
3606
3494
3766
4906
4032
2671
1465
324
1353
1504
2802
1914
5481
127
4853
3028
5049
787
3884
25
2023
5062
3688
1809
1636
514
2274
4497
2350
66
5133
5402
3129
4821
1323
2285
542
721
4959
5571
1685
3113
5049
4039
188
5070
482
3139
4113
3139
4280
1759
1470
1300
1405
-1
937
-1
16
5714
2016
5530
1307
5695
2762
2575
2939
195
225
3122
-1
2285
493
4966
5068
57
5139
127
4819
2986
5185
1313
2345
5062
2882
223
583
5566
4771
2966
630
2662
2122
5404
2762
4188
1178
5627
391
3148
2200
-1
3071
811
66
2354
2390
10
4314
2527
772
41
5587
3139
2016
675
4825
5030
1624
4188
1921
1185
3441
4308
2825
1044
4945
5431
25
1044
425
5402
4966
143
4372
1019
3139
3830
1480
3676
4966
192
3139
1017
5049
4226
734
1407
3360
718
5087
4978
2911
2979
3139
1772
3439
2614
5642
2929
227
2619
4986
-1
5576
2645
2724
4458
3682
5729
2574
1501
4438
1446
611
5254
425
923
823
5225
719
2306
3946
448
4555
3619
3651
3688
561
1475
3887
2166
1056
1145
2675
195
1914
4492
1629
5402
-1
5433
57
5419
1095
275
5022
4287
2252
3240
5402
1203
681
3139
1083
5673
3139
4802
3037
5387
1366
1016
5502
4529
2566
4470
1339
3838
3000
4629
2724
5402
4792
2457
1800
5742
5235
4760
3139
3367
1738
5218
1016
177
594
689
5128
5062
4718
2732
2917
4836
3969
2724
3590
443
4007
1801
5164
2196
4815
1171
2102
5405
4131
5404
4107
3485
1448
3487
4255
3210
591
4332
275
4331
5293
5440
5062
3840
1185
3139
25
3139
4787
1872
5159
5136
2797
3139
2146
2420
1298
3778
3139
1544
4005
3387
2321
5362
3139
446
4890
2372
4497
59
1973
4078
177
5128
5254
2164
2447
5205
4000
3308
695
630
1405
4488
775
3057
2762
548
3735
-1
3264
3291
1588
5402
4779
1149
2955
2200
3139
5726
2200
3240
1147
4890
1279
4393
3688
511
2948
3876
3139
3346
3512
3139
5700
5313
993
389
3139
1429
2544
4332
3139
4855
5402
144
2257
1016
5049
5112
5402
2552
3846
5702
5587
1427
5028
1417
4162
2314
25
5397
2085
425
3435
642
2697
4846
1598
3139
1976
4693
785
2762
5746
4327
1266
3641
2697
1463
5587
2825
2825
4771
2122
1017
5299
3086
100
5727
3499
1908
3931
3194
4497
1800
227
5271
161
814
162
3279
1080
3003
1427
3768
3240
1012
1073
2164
2569
954
425
1405
3822
543
2345
3621
3308
2571
4267
2769
4896
2269
2430
1269
2384
4603
5421
721
2531
3592
5198
5133
4427
5609
4032
2372
5040
1012
3552
4874
79
3139
2662
5585
5183
2630
3648
1244
1724
2830
1288
5362
3349
2122
1429
2023
4541
4195
4182
1307
391
2951
1230
5671
82
1117
5062
5497
3139
25
3139
4039
1405
5474
2173
2583
1206
5540
195
4209
4142
1313
425
3122
1480
2486
4802
16
3240
4493
5293
2390
4163
4032
5384
2196
2164
3496
2447
5178
3289
703
785
-1
2840
5258
4494
724
4975
1325
1196
3139
5318
1489
482
2383
5062
4417
4981
3003
4912
2990
4392
4835
1313
3506
5502
10
1273
5402
5599
886
-1
4720
2196
220
1131
3738
3067
3139
3139
4039
255
1810
275
1512
3592
1429
2898
4381
4038
4966
341
2156
2685
4912
1583
1425
2097
5364
1583
4929
5037
3139
2195
2575
2703
4258
1843
4039
1153
2513
25
730
-1
3922
-1
2376
1178
5695
2358
3577
2196
5729
993
2017
641
2383
1500
4611
3650
2383
41
4082
4039
2196
5062
5370
1854
5572
5128
2691
484
2502
57
2285
937
1303
1757
1625
3046
1498
2388
2762
3712
957
411
4352
3830
4238
2085
1699
4592
2841
1903
1908
25
2724
2016
2196
3139
57
2364
4896
2019
4945
1185
1601
612
1323
99
1444
5746
16
241
980
4192
504
1148
3113
679
5117
3057
1798
1429
2266
2167
3507
425
1681
639
5739
637
3238
2195
2775
2503
3072
2592
2882
1952
1297
1504
2569
4731
2358
329
2365
5675
3416
2399
2523
2489
2813
5198
3139
4966
823
639
2993
5049
4158
4732
1145
3139
2724
4032
5402
2226
-1
2164
1178
5696
3592
5062
777
1664
196
2813
4825
654
5466
1681
1082
5433
2023
547
2630
5587
1307
5403
5387
5558
5087
53
1350
2834
3139
4890
3621
3139
3289
1313
147
4388
3723
3139
787
3641
3760
3843
-1
5292
5326
5320
3838
5412
3919
899
3592
2515
3770
2285
4945
823
4992
1639
2541
1759
1283
1307
1946
3496
4259
3266
3139
2958
923
4397
5571
4718
5156
5595
602
4142
5595
5049
5626
5502
2105
4693
5062
4945
46
3139
339
2695
2410
1184
1273
2390
2605
2196
4226
5235
1405
1606
5172
448
753
5689
543
1185
5466
2205
4718
5433
3057
5402
2380
3139
3257
4720
4654
284
5402
5062
4450
2122
5233
5160
3072
524
3045
4437
1016
2762
5068
371
3084
1876
3569
1071
225
5340
3419
2865
3875
1128
3616
1845
3139
2591
526
5699
1769
25
3507
787
4088
1453
3400
3139
4962
3153
1691
2308
3496
1159
1058
3115
5419
3958
1298
1681
2583
5313
2485
2196
1778
147
4255
1965
425
2200
3377
3725
1101
3485
3139
1931
1583
739
2689
3139
5423
1405
810
3797
1938
3865
4390
5491
1307
5354
1825
134
1139
5707
5062
1734
2703
1520
5003
823
3139
1091
5028
2390
1429
4763
541
3401
2285
1307
4226
2511
3139
4226
1095
3139
1117
5595
1405
5133
3623
5061
53
934
5300
1850
127
1405
1228
1044
5269
509
5723
4825
2196
3139
482
3132
258
2146
617
4259
2649
4210
4984
443
1206
614
5402
1183
632
1749
1073
3534
3592
4986
-1
3865
5238
3592
5402
5667
1003
5318
1082
5587
3139
3875
3139
93
2612
1647
3115
4720
5414
1178
5648
2196
51
4689
5254
227
3240
4134
4373
852
937
2175
5436
3362
5413
4131
3696
4586
2217
1123
2156
3800
3388
2369
2122
2285
4209
5003
3313
1313
1178
5497
2473
850
1352
4959
1361
1210
4966
5539
3139
51
4855
4111
1230
4774
2882
4543
5022
3139
4890
2195
2627
5340
3139
1902
4820
541
3136
391
1650
2838
4767
-1
3136
3768
2266
2442
2304
4890
3448
3189
2890
4463
1414
540
3570
3156
1426
1123
3139
4763
5085
5726
16
1302
5022
5587
2472
5213
2196
3712
2023
4884
1307
4724
5200
5028
3139
2955
3308
5576
3768
4393
4720
2122
2473
2328
5077
1352
3046
5402
2159
4555
4945
1425
2614
5616
178
4158
5213
2757
4703
1016
82
2195
209
2473
4975
4710
4795
1727
3317
2122
3003
2294
1178
1044
161
425
4602
1460
322
3418
3061
1058
1355
5587
3923
5254
3151
1446
2269
2629
2196
1452
3738
3642
5587
2122
3139
3612
1514
1307
3240
3139
4527
5648
1269
1244
2443
425
2195
1083
469
1157
2828
3495
5176
5195
425
3621
3156
3395
4763
3553
5587
976
2098
482
1601
4999
2016
465
5594
2196
2304
798
4943
4068
547
3139
2078
3007
1584
5566
640
5491
1105
1165
2196
3139
1692
3139
2762
4890
3278
2376
1876
5280
469
482
1587
893
5587
2308
1215
2046
3721
785
5340
4615
5021
2291
1892
1811
2269
425
1983
3039
4720
390
4784
5570
4884
1429
273
18
4070
5404
4884
1429
4373
925
4945
5053
2196
5140
425
5028
1452
5109
3139
498
3573
1405
2679
-1
833
5726
5689
5068
804
1407
177
5216
2267
2549
1141
923
3308
425
3506
4128
1165
4053
2895
3573
4007
713
4911
1588
2103
5062
4225
2974
4966
2105
1299
2122
3685
5267
315
1185
2354
1477
3139
909
3592
41
1131
5022
2285
556
454
3139
-1
5254
2196
4984
4497
1550
3139
4115
792
2285
3528
4038
2882
2435
4945
2196
53
3139
1331
1152
3107
4039
5006
4569
4146
5441
2055
2251
5200
2876
3072
5190
1213
1673
4720
243
3160
923
2016
1016
3676
5139
1185
1996
1178
5068
2420
3623
3230
482
5518
5062
3139
1297
4606
2813
1601
5414
2574
5587
3139
3676
324
1471
5062
1195
1800
2723
1230
2684
4158
3072
2135
5313
5433
2098
68
5748
57
3696
4713
4378
2200
3261
3139
2314
2605
4193
4945
4039
5402
57
3145
1848
255
38
5254
25
1740
1680
1362
1405
5402
1160
1821
1756
5247
1636
1854
25
1601
571
3289
3993
3280
5457
-1
5009
3750
1136
3003
3676
4966
3937
4393
2194
5576
5584
2583
5164
2700
3139
4791
3312
25
5545
77
1405
2321
1745
1672
1793
1625
1601
4373
2243
-1
542
2016
2276
25
5452
852
2619
4484
2762
5062
3139
2882
3485
4797
4414
719
3404
3875
5587
3875
2196
5547
3868
5049
3057
5251
425
4776
4007
2615
4602
1470
195
-1
5037
4508
2691
686
5547
1280
5609
2164
4772
1204
3367
1107
4373
1101
1800
1704
-1
3139
1495
1694
4884
56
5191
5402
1798
4966
425
1429
3621
583
4700
3401
689
890
5255
3308
5587
2196
5714
5152
630
460
3768
836
1699
5140
1053
2762
5195
4556
2493
3139
482
1636
57
5473
59
1339
2122
2102
4039
414
3308
137
3479
923
5727
285
1354
1480
4934
195
5036
5254
4226
1583
747
3003
4999
425
25
4075
3008
448
1914
2269
227
2338
1021
3955
2365
4497
5402
5028
882
2200
2146
2645
3139
2196
59
5156
275
66
3019
1116
3139
4498
4968
845
2269
2758
4491
2196
4437
3072
4713
5062
1101
5595
4875
4800
1206
2610
145
4720
4337
3064
3051
4181
3931
2241
5313
5538
2327
885
5132
2285
1651
1692
1026
2189
92
2196
1217
5133
3183
3722
4506
1852
79
148
1452
4158
3313
4671
5375
3755
5226
225
2200
3780
3965
5671
1391
4497
632
5210
2958
5476
485
3015
4497
2724
2762
1466
4650
5664
3401
4297
3565
4598
1809
4393
837
-1
1161
5513
275
4951
630
3046
2462
1273
-1
1737
482
254
4708
1601
41
1429
3136
5235
5695
2155
4406
3308
4570
4298
399
1017
5405
3260
4776
2958
1131
4125
5595
11
1095
1307
1044
3139
5650
2697
1430
4978
5013
4347
2196
2195
5229
2444
5310
1018
1178
1709
3594
4158
4354
823
5025
1601
3456
2200
3410
4078
5402
3615
2390
823
3822
301
-1
3139
3591
2376
548
2751
2102
195
2308
3711
725
5203
4934
5402
2102
4224
2958
2122
3308
1081
1429
5587
1374
5587
4896
2179
5570
2660
25
5671
5518
5616
25
3838
2196
-1
3308
3139
4173
669
4529
4854
4966
5642
1725
3833
3139
4011
4158
3976
1650
-1
3139
5183
4342
2096
1598
2464
24
3729
2934
3139
1009
5091
1022
275
3641
1619
2905
3308
5712
1210
3456
2971
1465
3057
4896
227
1148
3154
3017
-1
3139
3548
1044
2587
1313
3028
5061
1427
425
1699
2603
3881
2762
5586
3139
1073
1988
1704
4158
4763
3817
3342
2825
1044
4855
3308
3347
5616
3364
3458
2064
2501
5538
4188
3240
2376
4109
1422
2609
3317
695
482
2196
932
3139
5402
695
1681
3139
4226
5449
3139
5402
5690
5587
4675
-1
4792
1598
2571
5402
5438
425
3139
2266
53
2993
4787
2120
2196
5438
3628
1016
3676
3621
630
1275
4792
681
4005
207
166
575
3923
4960
1407
2333
1157
5547
1050
1269
4079
2652
2196
5402
1938
5049
5674
2975
2884
1830
3139
1588
1584
2196
1044
2979
3308
1889
1968
448
4642
2934
4435
3957
738
3529
1122
5402
1264
1976
1586
2882
1313
3682
5159
2615
5028
5628
425
853
2189
4959
2367
2769
1269
2976
287
1496
242
4007
1588
1049
1931
1143
5250
5062
1410
127
3308
3139
5195
3996
4158
2159
3401
5419
338
4255
66
3003
2714
590
1737
3139
4755
3866
427
419
5502
1262
875
1156
192
3139
1288
3308
1601
4847
3777
650
5287
3392
2615
2196
3048
2462
2999
1273
1448
4720
3592
5695
1669
4255
1456
2200
1744
1909
5587
482
5402
4683
3437
3139
2665
3684
25
4305
1947
5584
2948
5499
4125
2998
5442
-1
3875
1849
3427
2328
7
4772
5627
3641
482
1185
3185
2517
3934
4700
3003
5358
1695
1706
3331
1348
3931
594
2561
1830
422
1219
-1
1601
5119
1169
2350
4004
5712
967
486
1601
53
540
3168
4966
3933
1931
5361
3139
4945
670
4298
3643
4602
5718
746
4677
3621
2200
584
92
2413
2666
3875
1777
4777
2200
5733
5438
5254
3932
1354
3358
1131
1320
5145
5164
2474
1199
2196
215
1237
3308
5587
2196
5077
4171
4181
3115
5183
24
3210
391
1280
2160
2196
2974
5426
2098
4653
3745
4396
3003
1407
1507
4494
4026
3046
1482
3820
3095
4899
1854
3139
5671
82
1504
1429
3396
2196
1584
785
2659
2284
425
5643
1362
1794
5473
2296
4321
2210
5238
4720
4039
3177
4158
3875
4599
3139
3139
630
25
3799
2055
2882
227
1307
1017
1157
3396
2196
3771
5235
4960
5049
3621
3308
183
1664
1044
5485
2246
1697
5364
3317
2605
3456
1332
1141
3028
3528
4611
2825
62
2940
3093
2619
67
2114
2813
2399
2383
3838
2383
1381
1374
5370
195
1430
3948
5362
3591
41
5683
5333
4998
3887
5402
4853
1576
4787
4100
1283
2159
766
576
476
2672
5062
1636
3838
5326
768
5292
425
-1
4497
4975
511
5402
3139
2615
349
5587
3559
2189
1216
3139
223
5735
3637
2911
4720
5313
4864
428
1016
2328
4019
1230
4570
1095
2470
2232
740
1465
4393
4479
1429
890
425
4111
5547
1313
2196
923
4741
4444
1157
3139
1210
4906
1139
1681
5699
2992
4966
3240
2390
1168
645
4158
2691
1123
4598
3371
1298
1300
-1
3865
2724
5489
3086
3838
195
1619
41
844
5293
5133
5138
2572
1795
1331
2099
196
2619
77
92
1429
1409
911
-1
2957
3139
4517
1058
1249
5094
431
473
1777
1171
4494
4007
3139
3183
1601
3139
5587
2739
4482
198
25
2200
5742
3115
-1
4342
2131
938
5085
25
2394
482
3270
5497
389
494
3864
4585
1405
781
1119
-1
747
850
5378
1123
5049
3115
275
5137
5062
5587
2150
4209
3162
5627
540
1210
5582
3139
3878
1588
5497
3139
82
4529
3327
971
3905
2115
1043
3139
411
2200
5285
2830
4564
4787
4905
722
2200
5200
2083
229
2810
5062
3820
5732
4720
5062
4720
4281
25
5527
3289
169
3139
5487
2861
1173
1675
382
5466
3272
2149
2722
1298
3046
937
4158
2113
3139
4618
3673
1213
5338
4272
2196
435
5235
5313
1298
5521
3308
2122
3240
1647
1447
1356
3139
1056
5402
5538
57
2194
2196
5255
4890
425
583
4812
1313
18
5109
16
2029
427
5128
1016
-1
4773
3197
2387
330
2339
2101
41
5402
967
5035
3074
3139
3781
3904
951
1184
4177
4046
1178
1225
2455
540
5438
2167
5062
751
2122
2122
5032
576
2196
5232
4689
1313
4966
3066
4000
4555
3840
1016
1059
5364
1638
1583
-1
2357
2349
5062
854
348
957
5195
5551
3072
4482
4998
4524
2314
586
1692
4763
2380
2818
1030
5062
5099
4188
2144
5402
1405
5542
5402
25
5022
876
1019
1240
5062
3876
4928
2196
2196
5022
3502
3413
4332
1703
4763
5271
890
841
2200
2260
3621
25
425
4038
425
3139
3095
2189
3401
573
2196
1
5435
3139
5495
5049
324
1167
2908
2122
2327
785
4188
324
147
1152
5551
4131
1802
3748
5104
3538
1475
1465
3054
4530
16
5149
3924
2196
2196
5402
1681
1168
3139
5284
595
2830
3046
5742
4442
5587
4598
2364
5062
248
512
2346
3357
3139
2200
3072
2567
2122
5223
195
2004
5438
4944
376
450
3580
5172
3388
3419
1429
4360
4998
1479
1323
4142
66
993
477
1504
3139
2285
1861
1191
4998
2863
481
5183
4032
5133
750
3139
285
4383
3057
195
4131
5333
4786
4884
482
2200
4000
5402
1902
999
4600
3499
4005
1210
787
16
2849
3783
904
2114
2271
4619
5133
2153
4226
5155
3924
-1
5052
1718
3094
4958
3139
1673
827
355
1636
4358
1273
4890
5049
3496
5519
3037
-1
1407
1573
141
1940
1611
2475
1725
365
4877
2123
623
2306
2084
2196
3139
2863
2713
2868
425
1744
3139
4625
5326
843
2951
4209
5521
1178
147
5123
846
2196
3257
5605
1213
5431
1739
4649
4492
127
3341
4412
3209
4528
4280
5184
2196
5120
3139
4039
5538
1956
5566
4513
4355
2909
1157
1793
2365
1830
5472
1297
3139
3887
1298
195
425
3072
1429
2196
2615
1998
3137
2634
2196
127
4945
2380
1397
3541
4226
4945
193
993
5702
1179
4155
3139
958
411
4602
24
4966
4847
3296
4107
5746
5197
3878
3291
4966
3194
3139
5412
5587
2164
1231
4158
576
4200
3139
1551
784
3768
1601
1480
4825
425
5746
57
2548
19
25
4818
1017
5734
4778
3840
1466
739
5254
2426
3822
1475
2269
1763
3446
4280
5387
3121
1583
2096
2673
2285
1432
2196
25
3349
2838
4145
2326
5402
4889
2189
1452
-1
4986
3139
5587
2245
482
1601
3139
1298
5410
3130
3838
727
5310
1480
227
1320
969
-1
1379
1101
1017
1282
4978
2605
4181
4972
2449
1583
2767
2023
1017
4181
2196
4919
716
25
5471
1407
2531
4125
25
4883
5402
4373
5477
3702
16
3084
1016
2503
4038
4569
1785
827
2575
3139
147
1337
2697
1681
2196
3996
4829
5028
1787
5037
5132
602
4903
3139
3122
1307
2284
4458
4787
482
5254
5333
3830
4564
4188
4649
297
482
2327
1475
3349
5611
3139
4158
3139
1103
2982
4516
922
1339
294
25
882
378
4280
5720
3792
1646
1958
1650
4039
1719
2450
24
391
243
1339
1512
5346
540
5000
1307
787
3139
3800
3003
4438
2619
4742
5682
1522
348
1095
5512
2762
1468
4943
1699
4720
3139
1836
3503
4945
4226
3456
4014
2919
5497
5402
5223
5547
2146
3856
2196
851
827
1727
1283
1675
3267
1309
3747
1294
3651
25
4435
1152
110
482
4390
3910
2724
1636
2016
2762
1931
4270
2804
4182
2135
482
2934
5328
4407
5402
59
2285
785
3200
5402
3139
5574
5007
3107
4598
1914
1248
425
1699
2762
5318
2749
195
3139
2196
425
473
4884
333
5232
5666
227
5715
4348
2762
884
4270
16
448
57
1705
41
3308
3621
2195
5402
5313
5479
3139
53
2691
4438
4188
2714
640
5744
-1
689
1313
2762
864
5681
2148
1313
457
2856
195
2344
2196
1410
1699
2246
2665
4043
2619
-1
5617
778
62
2243
126
41
1984
4111
3067
1298
2605
1269
243
443
25
266
3621
2102
4000
2071
1618
2505
3147
4358
2934
2196
2726
5195
5049
2196
1405
2016
4127
3044
3139
5080
5471
2333
1601
2673
5177
2934
4870
526
4342
5133
3066
3227
4437
425
3003
524
5221
5587
2011
2290
3682
5674
3662
787
627
590
3450
2951
5336
54
3058
1722
4417
16
4390
3448
3573
2825
3581
2838
5402
1042
3169
4301
99
2460
3838
2312
5402
2333
3139
1601
1608
5587
5402
3139
5254
1588
3029
3296
3040
2748
3621
2196
3966
1403
25
5433
1800
2691
2619
1167
3979
595
4998
1465
3902
469
3139
3139
2920
3139
3995
3139
2882
785
5238
5466
3139
1465
2464
3943
2376
5271
1269
2196
3751
5381
425
171
4528
5200
1307
66
25
740
5313
2785
5402
3240
2196
3139
5402
196
1384
3735
3395
3072
1378
4993
3724
1183
512
3994
3115
5402
425
5466
4438
5481
3528
3139
1793
3887
-1
2857
2601
4296
2003
1650
2801
2619
3181
610
273
1504
1082
425
3139
1776
4230
2619
3139
1044
5547
1796
3240
5207
2160
5049
5172
2615
5133
1626
5205
787
4158
4458
3730
4156
2226
1016
4492
1040
3026
303
2285
1056
1320
537
1583
3095
3139
2729
1222
5466
3139
3107
3139
4444
227
728
2880
4496
3000
2164
2673
3139
1095
2978
4226
3003
3041
5576
5062
627
3676
4959
4330
2326
5433
2882
2882
4126
1016
3676
1011
1681
460
5172
1909
57
3139
1163
4474
1922
3139
1526
5457
1498
816
2196
1142
1300
227
427
195
5280
3221
1309
2645
1681
227
1307
602
1872
3139
1073
485
4875
1830
4877
1909
3139
5603
632
2154
343
425
4720
2615
227
1283
2942
5062
1583
1722
3495
425
5280
305
3072
1429
1095
5269
4497
1770
790
4713
2398
1307
663
-1
1168
1429
964
5062
1979
5616
3139
3682
5228
2911
1681
4332
2548
3641
3139
275
2533
4966
2084
1429
2993
5160
348
1873
4108
4633
425
1633
5165
3139
4945
1042
-1
556
521
2440
3396
2463
3604
-1
425
1300
3139
3771
2023
5402
4945
338
3139
4877
5402
4945
1809
1777
4887
4060
5362
5602
25
4815
1300
241
1269
5402
1504
3843
1307
4226
2015
3034
1044
4720
2378
5248
2435
258
1116
645
1608
4438
1816
1313
4438
2863
3139
92
304
1814
5616
4960
1899
1178
2660
411
3582
3234
2319
2390
4497
632
1427
957
5128
2196
3139
4877
2189
3610
2155
5172
2196
1168
4438
1168
4553
4226
1914
3931
504
2070
3240
1529
2762
2016
1313
4420
1902
425
645
3992
524
425
4889
1822
425
3139
288
3039
4280
806
482
440
5336
4039
4943
5668
5340
1606
1811
650
2200
3067
1905
5049
1073
1210
5164
1945
2961
5497
276
5680
787
2989
1636
3615
4615
2659
993
4142
3139
4107
4032
5595
1185
1937
554
4097
5062
1300
3072
5442
5384
4047
2164
1248
4922
3308
4348
1945
3139
5419
3072
482
3855
835
4641
3107
5355
923
4577
1185
3623
1206
1861
4766
2316
4295
5695
595
4392
5062
165
3308
5587
4329
3595
2674
2122
4535
2974
4158
5014
288
1213
5133
482
722
1095
2691
25
2912
424
4569
1359
485
5609
1574
41
4849
3159
4188
1215
4150
3418
2196
3996
911
2936
1017
540
3966
281
3139
-1
3003
556
3507
3894
1601
2691
5405
2196
1549
2923
3269
993
5413
4567
102
1352
3257
2798
4801
5174
5384
427
916
1083
275
3869
-1
1044
1681
4786
1821
3308
3219
810
1664
4890
2196
275
1792
1323
304
4011
1339
3046
3107
3625
1313
3139
1798
1427
3838
857
4891
2989
4541
1945
3284
3072
3074
2389
3768
4966
4085
1335
177
183
2196
5099
1154
5362
3396
4142
4972
1352
2285
5505
3243
5028
882
3273
5744
789
1598
583
2762
4226
2247
1928
3676
1814
2762
1860
1300
2834
2326
5587
4840
482
2549
59
1504
3139
4513
3139
5370
3904
2837
5609
834
3485
2122
3349
2643
1722
-1
3028
1184
4287
2358
5269
1023
947
156
3299
5003
5397
4513
4420
5271
2196
275
4943
3139
4739
583
5671
2697
608
1429
3996
5628
-1
2583
1230
3139
470
25
2762
3692
3838
2998
3139
2557
4998
1405
2196
3930
936
485
2619
661
1775
1472
-1
2
2196
5213
1462
4708
2882
1446
1433
2762
5402
923
956
5671
1298
3964
2973
3439
324
2068
2871
4949
4651
1185
1452
1829
92
4371
489
2445
763
2244
242
5109
4325
1773
2697
3039
2200
423
5177
1594
2464
3931
4851
2196
3053
3418
3980
2849
1876
695
1944
2187
3113
5062
3139
2519
4772
3003
3687
5691
3846
3139
5033
3062
1601
347
3507
4570
1501
25
3377
5433
1870
1313
4945
5502
5062
1152
1418
3317
25
3432
255
3139
674
2096
425
2630
4471
5215
4564
-1
206
2673
2393
3134
1796
25
576
1459
1452
1073
2257
3074
462
1956
10
3228
25
2122
3933
3139
5189
923
5497
3711
5311
5493
4005
2200
5466
2196
449
2489
3296
435
2705
561
5304
2912
4713
3621
5497
5290
3461
2205
4772
2016
166
4039
785
4144
5249
3139
2615
1157
4330
648
5313
4147
3139
1298
3460
3289
2762
4994
2196
4525
2269
195
1706
4792
452
3638
2832
590
2591
5062
1185
30
4713
2472
3355
630
3711
3387
2762
1698
3701
2333
1564
5003
4923
2785
2744
3139
3875
5673
1601
3139
-1
3676
2462
1407
701
3637
2306
1601
4007
628
5744
2259
970
5475
5155
2383
5714
5318
4373
4125
1830
1786
1475
2825
4432
1145
195
1465
4890
1601
1307
3242
81
2191
4332
1269
719
859
937
2971
596
1016
208
5402
5132
5309
2016
2719
5587
4453
5432
1290
1922
1665
5491
5162
590
2649
4276
1598
3893
1601
1938
916
2111
2697
4992
2403
1744
5558
5402
2724
5497
5009
3139
3139
1149
1206
4771
5000
5667
1854
5648
3528
4713
4582
540
1938
2825
2393
1300
5471
5130
1185
443
165
844
4689
425
3139
1949
258
1016
5304
3251
482
2210
1354
2151
2828
2762
1809
3308
4373
4716
2986
4515
4469
665
5107
324
1965
2770
1624
1711
2196
92
2615
5587
2724
1931
1073
2065
1549
3500
4615
3116
3040
4482
2724
2973
2196
3139
3865
4771
5062
1523
1224
613
2977
16
4976
542
4209
4945
1584
3139
25
2600
4032
3099
827
3439
350
3948
4058
5493
1273
2196
3704
3676
669
-1
2187
2360
5402
5235
1465
4613
4785
5512
1809
1001
5672
3104
1780
1298
4086
425
2096
3086
3139
5028
4354
3569
2975
2542
1255
5108
5402
1019
2383
2196
4871
2489
2658
4158
4829
3507
1269
146
1468
2376
4226
1898
1945
25
3463
1756
3676
2327
1298
425
4513
425
425
2867
3363
2943
2876
3930
1931
425
3146
2825
2364
2241
2285
1355
4226
62
5288
1779
5049
1405
3688
3615
1583
358
3100
3139
1429
4594
3636
5086
810
2141
3875
5587
713
-1
3676
2364
638
5230
957
2884
3056
1887
2163
1680
2619
4162
3308
5200
2390
2334
2332
3875
3789
4658
1282
1405
3931
258
3781
3768
2174
3996
2296
4567
4307
3139
3003
3592
1083
2325
532
227
4576
425
2189
4196
443
-1
2196
1437
616
131
4158
719
1269
2721
3069
2996
5133
818
5077
5393
3405
4020
2114
4792
2198
937
5062
1601
2153
227
724
4718
1298
3790
4298
1623
114
3139
2834
1307
41
2727
2196
4598
3141
2146
2198
2383
2285
92
3576
3077
5120
5402
3072
5254
5049
5402
4763
3662
3942
399
1480
25
3869
2196
127
382
3044
2688
107
556
4720
2411
1782
1681
425
2824
-1
3139
5573
4890
2764
2500
5271
303
536
1149
3263
1597
1313
3139
5714
4829
2009
3826
4933
4433
2196
2196
5402
4784
2882
3623
5367
5598
3377
1946
2200
4706
4884
2021
288
5140
2671
3924
3830
425
498
540
4602
2196
3735
1633
2466
4192
1639
432
2566
3278
3066
834
2949
1727
1016
3134
5428
1369
5598
195
-1
5062
5177
1425
2189
1996
689
4039
4689
147
2243
5547
1681
2196
2196
5041
4534
4447
1681
4127
482
4223
343
2200
3238
428
3072
464
273
4286
123
2382
4256
834
3875
5505
4007
482
1601
4315
590
3191
5387
3650
1379
1601
2196
425
951
50
147
2196
5497
2379
1313
-1
656
4151
3139
5431
-1
3400
4158
2724
4038
425
1331
1619
4110
5062
1949
2364
3841
2285
4884
2363
5558
-1
1555
4841
57
1676
303
627
5160
457
3615
1496
3338
4349
1311
4080
4039
4763
3289
3315
722
4895
1386
1185
1297
4890
425
4945
2200
3139
4354
4225
719
4646
25
1227
3374
1359
4448
425
3581
4482
1160
3072
5402
1331
3264
5133
2268
2285
5062
4890
4128
3317
4014
2326
2189
932
4871
967
5155
934
2435
5471
488
4812
4769
3820
95
3445
2327
5336
25
1269
681
3958
4966
4039
3804
425
2465
5454
3139
4718
1093
1913
90
2016
5133
5114
227
1405
740
4878
2671
1157
5039
2962
5571
2762
787
4196
2619
1019
3460
1044
2290
1003
1230
3139
4995
541
4890
4820
4956
5147
5587
2102
-1
2462
2414
3126
5015
3240
2522
2164
3139
3686
3139
1313
3479
4093
2033
943
2325
1269
1362
2196
5015
5545
1650
2516
3224
951
4092
258
1323
2096
2635
3229
5028
3072
3354
5209
3875
1469
2328
5068
2023
826
4635
2019
4497
3997
5731
5491
1648
2923
1437
285
2435
96
2317
3363
400
2195
4265
540
4155
4750
2196
2517
425
1320
4039
4836
5706
746
1905
583
2412
314
4471
2008
5558
3427
2943
5671
3308
905
685
3139
3640
604
5340
3689
3816
1123
1355
1085
4654
1601
545
3139
2196
1356
4815
2615
5322
2294
303
3139
242
521
4484
2958
3570
3428
1298
2113
1731
3115
3139
432
865
4892
3569
1829
177
4371
3952
957
3949
4816
2150
5161
1765
2200
4081
425
5587
1601
429
2164
2195
5402
3432
1919
594
2364
4935
2269
5014
1339
1339
4851
3081
1155
1297
3139
2814
3139
3575
147
2196
1598
406
3139
1949
3676
3240
447
51
1054
4654
1099
4425
2322
3139
2174
5037
2662
5491
3897
1095
1405
823
1443
4799
1475
5402
748
3240
2691
3005
4833
5587
1465
425
2649
425
2692
5243
2515
3346
1953
2863
769
1038
627
4713
1754
4035
4226
1776
5133
1896
808
3273
4720
3139
3920
1657
5505
179
4255
4890
3139
975
4292
1597
1793
2989
4763
1776
159
16
1217
3139
1313
4829
4900
3040
5252
25
2740
5077
4691
-1
540
973
3984
4276
5672
1209
396
1830
482
1119
348
2334
304
248
42
4110
304
971
2196
2181
5336
3139
1945
702
685
4960
2016
4564
3795
3184
2195
4226
2863
3057
4890
4356
2168
2845
485
3139
3362
1837
3139
775
5512
1435
2813
2196
4495
5293
2835
950
5518
1583
3800
4019
1530
4478
1931
5062
4598
2873
3562
5733
4718
3054
432
1647
3139
4884
2724
2828
1222
1998
1452
2525
1794
5154
4114
3528
3349
3428
4966
3621
3222
1210
3725
4238
3553
5471
5497
1549
3822
3289
2455
1206
1429
1041
3240
176
5671
1429
5053
722
4890
3771
5195
4506
3499
4158
-1
4280
2881
3160
4381
1504
53
1405
36
1727
3688
1932
3840
3696
2200
5557
446
3139
5013
249
1509
3034
4226
4689
4566
1429
1278
41
1178
5087
5384
1583
4287
3031
5497
5726
5336
1185
1546
4945
4039
1832
1949
2635
3887
2285
2825
254
1338
2838
2784
1475
4215
2675
5414
3863
3910
594
2882
3621
2131
1298
4576
2825
1468
3269
3140
1286
4521
2206
-1
2135
5621
2029
4836
1601
425
165
967
739
2553
4743
2285
1731
5497
3946
304
2196
1706
-1
1506
5062
227
2196
2148
1217
16
5111
1653
3875
3198
5140
3148
16
2390
3964
1886
4287
3139
2376
2060
3484
4363
4390
5499
3139
3069
203
391
3676
2243
3696
2122
5166
5062
1167
3139
2461
3139
365
1269
540
2377
31
1773
473
4549
482
1601
4654
2724
1044
2196
1463
4182
3285
1829
1809
174
2719
4373
2459
4539
353
482
316
425
5729
2496
2785
5132
2304
425
3139
3761
353
2691
4180
2196
2196
1410
540
1283
2867
5668
1405
1016
2660
229
5093
5308
3139
4720
5512
3735
3055
2243
25
2149
3838
677
526
227
4792
5118
3637
1759
1588
827
1504
304
808
993
2619
25
3165
76
4825
195
1482
1481
2383
2196
4758
1215
378
4693
2673
823
3294
1198
2721
4896
3595
1101
1671
5671
2863
2102
2160
5627
4478
1601
2929
3167
5104
5482
2999
2220
1699
2285
2615
2189
2196
3139
3095
1469
3003
2453
1650
3066
2861
5235
276
2539
1931
1715
1583
5737
-1
5285
3139
425
923
4396
4733
2224
5695
3147
3676
1725
852
3862
2194
3538
3240
2279
5267
3688
4771
4654
3676
4718
4196
2462
2738
1504
2000
4142
1323
5532
-1
243
4630
889
5402
1230
3780
1206
4131
1479
3139
1405
1681
350
3275
1339
195
3696
3139
5687
3139
2285
2762
2153
571
4231
1464
2796
1277
5516
2953
747
4238
127
3139
5191
4945
748
-1
2193
1230
1232
1961
3139
109
881
2383
3139
2196
4373
4039
4406
994
5031
2762
1307
5062
138
1434
5062
3139
2838
2867
25
2196
3736
3386
785
1462
5133
2372
1429
4986
3542
5238
3472
5238
1054
5587
540
3015
5342
3862
2122
1405
1794
2872
3921
4742
214
1829
-1
3062
1692
746
5165
2200
5402
2269
2134
5575
5724
25
5238
5556
1298
743
1360
1948
5451
2825
4616
3139
2863
2867
4240
3308
2196
666
25
961
4579
1269
3741
3580
1699
100
4373
2285
4048
375
2474
177
1307
3107
1157
1972
5402
1076
4335
2873
72
1429
3139
18
5238
482
1891
762
4142
547
4666
1823
951
1649
5518
812
2102
4915
5629
3308
4877
1821
4601
1830
3106
5598
3730
4371
4111
4226
4890
4315
3139
2376
1694
3139
5402
2159
1244
5475
1405
25
460
3003
2689
5154
5733
3096
5695
3139
4654
418
3595
1556
99
3296
4039
5015
3396
3139
2712
3139
3139
3139
5587
3697
3139
5566
2016
3139
2961
3057
2911
4363
3289
1054
1429
2332
5273
1012
2648
4890
374
1230
2285
1298
1941
5087
4615
475
2762
4998
1588
3139
3991
3139
1463
4158
5086
1692
1230
4222
5541
4621
367
1504
4031
469
3933
2257
5140
5164
412
5475
5638
4884
2400
1482
1157
5271
5254
38
4564
1452
1241
2122
2279
972
719
4484
1307
1073
3577
1116
4142
3863
5414
5229
425
1145
5499
5595
810
594
2196
4371
1624
5685
4437
1579
3485
3450
3139
541
5576
1405
337
2724
3139
2196
4373
1465
4986
1618
5142
3621
1681
2285
2619
117
2338
3621
465
3396
2762
889
3800
1313
4559
4048
3959
25
5055
4117
4808
2662
1283
4733
4768
4900
1019
155
2147
4016
1765
3707
425
5521
1616
4865
5156
3072
5239
5293
3377
2698
2198
5306
1429
3676
1356
4497
1731
993
1722
3139
4945
3139
4484
3623
1076
2337
4823
3742
3139
1506
432
586
746
1410
1405
5232
5304
1401
1307
1429
1508
1776
1269
53
3139
5725
4040
2196
5731
2462
2619
-1
1624
1564
2748
4513
5621
1638
636
1914
3136
5576
16
5062
2008
4695
4966
2196
3003
5271
4497
1848
3139
408
4216
1989
3962
4815
2723
5699
2681
3308
5089
5402
957
3139
5313
1206
3262
3121
1155
4181
4489
2998
2333
5733
1410
4439
3875
1916
288
1601
1601
5362
241
3365
25
304
3139
3651
2083
3360
453
5402
4298
3570
940
4158
785
3595
3491
3139
2325
823
3702
5712
2350
3139
594
25
656
4665
3467
3098
1597
4615
1215
3875
2146
53
1811
2198
304
2813
25
5587
324
3508
5466
4836
5050
3609
3266
4408
3424
635
1465
732
1583
3066
719
3567
2195
5576
1722
1777
4705
3875
2021
5611
5022
3139
93
1168
425
4311
1298
3869
1350
548
2164
25
3028
2200
3461
3980
4153
1193
4945
51
25
307
2350
5028
425
3676
121
3004
2619
5497
3448
1465
57
1095
5062
2285
1823
1168
1307
1183
3838
183
3139
4373
4618
4497
630
1775
1897
478
3470
227
3308
503
4196
5387
3800
1583
-1
3914
693
5122
2155
5502
3621
615
1829
3066
5378
4654
24
3467
923
1313
275
4890
2227
366
2984
340
5671
993
3308
41
4578
3103
3240
2378
2285
3703
1405
718
1163
5156
5200
3139
3441
1825
5345
4484
2267
3139
177
2864
1891
4720
4718
3256
1429
1734
836
2146
5512
2825
1616
296
5714
161
4036
3139
3139
4945
3513
1601
1902
3240
1452
3316
1106
2420
4438
1172
2146
2724
36
1339
1480
4040
2816
555
4978
1465
5523
3970
3744
2332
2189
140
630
4000
3193
5112
3034
3139
219
3002
4039
5419
3822
5385
56
3139
1699
1650
2269
4975
2430
2989
3504
452
1148
-1
1681
1429
3863
5340
3066
3996
3550
1722
3302
2196
5696
5000
876
1016
2333
1333
4130
25
5370
382
1405
1194
932
1583
4187
4311
3795
494
4905
689
1829
5195
444
5106
1601
4339
2196
2719
2828
3238
827
2308
425
4890
5213
25
1397
3880
2196
198
5576
3732
395
4526
5695
884
3139
2998
623
3838
5062
2146
2515
3139
2200
3881
785
1347
3139
303
2924
3695
3139
3139
5587
5695
4229
5254
524
4127
5183
5107
5733
1897
5538
4966
1095
2843
5122
2290
1791
197
3003
1002
4733
2949
1619
2882
2658
2759
2629
4766
3139
25
111
524
2383
3000
4735
4410
1658
2415
3615
2740
5213
3817
4771
872
2762
3800
571
1168
4904
1573
3903
5062
1003
2938
147
526
4004
3378
1988
3714
4007
5340
474
594
4734
5402
3139
482
485
1601
823
4829
3289
2196
425
850
2164
1286
2058
1987
3139
3836
5587
4265
2462
4718
2329
667
147
561
5402
1958
4912
5402
1785
4225
1307
2934
1927
3378
2084
284
3800
1579
1793
3139
1194
3803
5362
5499
1016
5598
3139
3139
2825
3875
147
810
1135
2911
1339
404
1828
2390
1830
2285
5000
77
2694
1460
18
2326
425
3621
610
650
1280
3676
1636
5419
2724
1897
2698
3676
4877
-1
2882
880
2456
3098
4014
1482
5497
2345
5410
4654
583
4881
5289
5651
1672
5213
3495
2096
3139
3621
275
5463
4635
1619
4127
3139
5206
4039
1420
5628
3951
5587
25
4400
3317
425
2067
4861
5730
4028
5271
2066
5022
3028
3768
5576
5595
4890
5049
1339
4233
2059
5062
5690
5466
2859
5402
4053
3768
258
2189
2200
3840
5121
5402
5583
4966
510
1016
1902
2710
3317
5670
3139
4513
378
2656
2066
4227
3380
1549
534
5282
4406
2196
706
1902
3274
2967
-1
2911
2142
1945
1016
1800
4730
177
4484
2333
5345
2510
391
2122
5565
2444
2976
4896
4196
4393
3382
4720
4412
2636
2292
1354
4381
1269
5576
975
4945
1298
4615
2958
425
5331
632
3485
744
900
1588
3308
5547
2376
2420
5199
5183
843
297
4226
2196
4438
2285
5160
2724
1829
5377
3876
3139
5390
4738
382
4266
3074
5475
1085
3308
810
1478
24
4890
1148
1487
138
5062
3396
4497
4771
3139
4902
630
1909
5155
4561
2630
1503
2214
5527
195
1144
3139
5714
1699
2098
1601
1157
1762
1746
275
1405
3139
5079
5616
3192
3676
1897
5402
3591
1519
-1
2196
4188
4067
1183
937
4033
5671
428
3676
1178
1185
5402
1664
3003
5165
1636
2762
4679
2762
275
5050
1210
2325
4555
2664
342
127
3066
515
3507
3562
3682
539
3139
2619
3485
4738
1452
5616
5627
787
5402
2196
3649
2059
4733
5402
4226
1429
1242
2570
177
3682
3580
1890
1083
1722
3139
5700
25
3139
2635
2882
1583
1447
3139
195
3424
4763
1966
5063
1902
548
4650
5402
16
630
1501
1566
2781
1885
1759
3997
3623
450
4353
3242
1126
3506
4082
2574
2943
2884
551
482
5028
5236
3771
962
4014
2669
1238
4188
1313
3630
3600
1924
66
-1
2333
268
3553
3139
2038
4235
4564
425
1163
2989
2737
3987
3139
2189
4645
3139
887
25
1081
4720
1674
4740
4226
2060
4099
4998
4280
1588
4371
3139
4572
2420
681
25
3596
4836
3813
52
2431
4693
4634
1847
2500
932
3925
743
5271
5499
934
5077
4226
2148
5547
3695
4283
476
3139
1480
3813
2462
5547
2452
4945
1582
4099
5672
2200
154
5304
3315
5419
630
5074
2762
4777
4381
2243
3866
425
4815
417
425
1429
1452
5085
2072
967
1827
2011
3748
4311
425
3222
3139
5712
4158
5133
5667
540
3139
609
2551
1452
1180
2501
3089
4884
3337
251
2160
5526
3866
3054
25
1820
4947
1589
5402
227
5218
2864
4150
3955
2825
3139
-1
5426
4390
2189
3003
785
2055
482
1338
5712
907
425
4834
1722
2190
568
3838
1583
1362
5258
4092
3771
4033
1307
2633
377
4384
3838
425
2882
3308
1178
57
4932
4720
4104
5313
4097
4109
1888
3066
1339
3073
2122
3139
2724
3791
4799
5402
4587
1405
2390
4928
321
560
3139
2309
-1
3223
1504
5213
4778
107
5368
3289
5648
1567
4888
3041
971
2285
4965
3308
1307
634
2333
5162
1297
5062
3139
2762
4065
1429
4713
4890
2628
2576
5616
2164
3623
951
-1
3069
2124
2125
1429
452
3595
5057
1206
2093
1230
5125
425
1573
195
1498
1777
1044
1210
4720
16
5587
4418
3003
975
1798
2860
985
2470
304
1185
1809
2160
3392
3110
1616
1829
615
4781
5714
5102
2615
1167
2560
1594
2691
5003
5200
975
3576
2830
2084
3996
5402
2986
3489
800
630
1255
1016
5155
3581
1461
3946
4400
4513
349
89
425
1551
5049
2566
5497
1606
3238
4761
1504
1945
923
5683
77
5062
-1
5111
1019
746
1935
1230
5718
457
640
645
1793
425
2127
5293
5565
4945
195
2462
4633
2339
4941
1233
4944
25
2331
4802
2925
3738
1452
263
4523
4373
5466
1601
5681
5628
425
25
2762
576
882
2322
2016
227
3139
1452
3139
5062
4890
2314
685
5285
3904
3215
147
195
1800
4131
773
400
2467
4763
1081
2548
1354
1017
348
2196
2131
3779
4397
5062
1462
3139
5362
5402
5576
539
1298
889
5635
3139
556
2568
787
1230
2218
4494
3021
3139
747
2285
2327
41
3061
425
5297
3003
3592
3139
1542
1429
-1
158
1825
985
5488
1798
4732
714
2146
1465
1155
3676
1602
1795
4870
448
41
2200
5062
2516
1101
2196
4196
1692
1208
4226
4153
2572
5085
2507
2891
5648
844
3139
3581
1475
4890
3447
3029
3458
3308
2132
1126
2014
1157
3139
369
1583
1429
2619
2390
2435
1884
2548
1307
3994
3939
586
2122
25
3996
3114
3139
2324
5714
5082
695
2619
4978
309
2370
4884
4978
3732
250
5059
5725
1608
5410
-1
5402
1185
227
3139
1482
2383
5402
5049
3878
482
195
2697
494
1301
2514
2285
3139
2219
4717
539
127
1429
4497
3595
5687
4871
5133
5133
2202
4406
1709
863
823
5439
-1
1586
4561
5164
5557
1269
-1
97
2269
5650
4473
2209
1183
4408
1545
2260
1429
990
1429
2813
5362
5742
4611
1635
1218
5417
5466
2091
5143
2615
4432
2706
1431
70
3975
2345
1508
4307
1595
1427
1562
1750
4851
4444
1012
2211
998
5053
3568
427
951
2911
5457
5062
5719
3495
25
241
2882
50
1206
275
2921
2200
4591
3875
3139
3022
2408
281
2364
4993
1230
1152
25
3621
1890
1112
4717
5186
3139
1354
630
1152
1601
4853
1811
5587
5512
1405
2266
1545
3628
2089
1796
1057
1630
3396
5687
5062
747
2196
3732
5088
1681
1985
2122
4318
5172
5402
3191
3689
5049
4039
3822
2200
3716
4598
1148
2469
4287
4272
3717
4902
1690
2158
4156
275
540
5490
5062
3279
4497
4332
1158
2076
5213
3389
1016
1681
-1
1095
4979
1313
924
2183
785
1286
515
556
425
3003
1699
1131
3240
3360
3738
5028
2196
402
25
4098
526
4784
5049
59
5706
5402
2196
5666
1185
2503
276
5049
41
2365
4562
5387
2230
28
3139
4184
2097
5446
5062
3841
4998
1123
3139
4287
25
2266
482
4668
1588
5587
53
4713
3139
2380
1339
5062
275
2702
5062
2253
2762
5062
25
2196
5132
2517
227
5419
-1
3122
1224
1429
4938
5324
706
5677
2724
1119
-1
1539
1686
3776
5385
2196
5657
391
4121
3659
427
276
4548
2335
5473
425
1800
374
4777
1313
2813
831
4332
5362
4720
4142
3379
4213
2196
2196
1307
1100
1475
127
2154
1347
451
3139
4654
2012
2196
3139
25
605
5214
4158
227
2146
5402
1157
425
3139
5133
3916
4188
1044
4784
1359
5672
4966
3289
127
1813
2682
1914
2196
3756
1833
4442
1376
1178
5270
5260
5049
3566
5563
5049
2196
3003
2843
2326
5402
4539
5683
400
429
193
12
4215
2124
3139
927
3621
3724
2242
2462
3385
3401
3474
5269
2135
3333
25
2008
521
1928
5497
4890
2619
3139
4712
2338
1222
738
5547
4398
-1
2538
2122
5402
3994
3793
5596
2196
425
5062
1055
2724
-1
361
747
1086
3157
3487
3641
3139
4975
4373
1453
5569
308
3676
1356
4362
41
3813
3875
1909
28
3388
3308
2615
473
190
3644
540
2619
-1
595
1004
1516
5587
4945
2874
2144
1405
2867
1504
3139
1681
4383
861
2189
3516
2781
1883
1920
5062
4348
4602
5724
1168
103
3427
4367
5191
5155
5062
-1
3308
1902
915
1304
3077
5156
4992
540
5466
4044
425
3781
138
2947
3000
5150
1409
3073
2055
4521
4720
122
630
3066
1407
4332
778
3139
2196
2440
3944
1686
1230
2911
3139
2067
1941
5402
5402
1229
41
3442
4241
472
3139
1832
1788
2085
4438
1595
2196
-1
-1
958
2762
4899
1681
3066
4517
3876
1885
4158
2333
5563
721
2735
4896
5376
827
1354
2374
5022
312
2333
2515
3592
254
1594
645
3139
5443
2178
2154
2778
2084
263
3139
2669
3980
1427
1727
1809
4600
3862
5330
2196
3761
2420
2934
3017
5629
4442
5497
82
5402
425
4484
5077
5652
5402
3308
1517
2285
4149
2191
255
2155
2243
5574
147
427
5402
5576
3621
4944
3057
2703
2019
4222
640
4004
2484
5731
2096
5402
1506
4772
3396
1206
4188
4045
5574
1374
1351
3880
3267
923
889
967
3880
1979
25
2420
5062
324
57
5336
4158
5667
5528
3875
4158
1187
127
1465
415
1414
2400
485
1583
3623
-1
4517
2149
646
4966
552
3781
1823
1235
4144
3308
5087
1429
535
3449
3633
41
2838
5402
5050
857
1101
4378
1410
2703
2159
2189
4763
4158
1273
3725
3139
2566
5402
2216
5457
1564
2281
5451
3727
633
5384
315
5254
4074
3139
1017
4539
5354
5322
4720
1044
4192
3139
2050
5062
5671
41
833
1230
1313
5049
1384
4777
860
315
2196
5521
1919
3139
2762
2196
1928
1331
3510
1405
2164
304
3289
196
3422
5122
2539
4763
1475
2983
1361
5382
5558
1619
2148
4214
1354
1647
3095
3139
2825
2196
556
2879
1692
4265
1273
5162
-1
1699
1296
427
4032
536
4032
5387
3682
2966
3241
2196
3383
3481
1300
1452
5529
3682
3160
4808
4110
5558
4327
292
1016
716
79
5049
3803
5410
2339
857
3651
1821
1727
4890
4226
444
5062
5402
823
3046
880
2164
1661
5340
193
4799
2245
4890
1003
391
2559
4110
1123
2149
4855
2939
1661
5551
1003
3248
66
275
5568
531
4298
239
5339
3066
1876
4142
2882
2124
1928
1007
4536
2569
223
3139
1699
2435
1288
640
3126
2153
5133
3641
5333
2619
5003
2662
823
378
4626
3139
1949
4654
2454
1158
2825
2919
425
4723
127
304
4015
2762
4890
485
5497
5500
611
1804
1313
2146
401
2748
5183
2220
920
4298
25
2016
177
2900
1561
1369
5183
336
5068
1283
3495
482
5729
3139
2390
2285
3991
3222
425
1251
-1
3683
5576
3540
880
5402
3037
3591
2495
1583
3641
25
2314
3592
873
3752
3781
923
1471
4222
3164
1931
2974
2863
2913
5169
1429
4287
3044
3293
1313
106
4851
2541
4484
1699
2165
5194
421
4051
482
1579
4945
1681
1354
2164
1480
4984
5402
25
1095
2762
3139
631
4513
4559
4039
2144
2724
3569
2215
51
113
3445
3139
2133
3003
1448
227
4497
1354
722
1139
1471
57
2285
2085
1313
2194
5402
303
3139
4185
3593
4371
1161
1583
2196
2122
1447
2724
2838
127
4487
25
4771
1361
1160
1727
4039
5271
5451
2196
3800
227
1821
5142
1339
4298
184
719
4771
1242
5062
4904
2096
4615
1945
5305
3494
143
542
2196
1354
-1
3139
2473
412
3782
1244
2196
396
5122
304
3449
3139
4802
3037
2471
5471
787
594
243
1945
177
2030
225
1206
1439
4392
1210
2196
4039
2961
227
644
1979
823
147
494
3139
1699
5202
1976
5133
62
303
1944
3308
2122
4039
3057
852
2989
3139
477
4398
2777
4830
4387
5333
315
4197
1095
5733
5069
5742
4142
740
2100
3712
1352
2673
25
3676
4783
717
2225
2852
425
5096
5706
3139
34
2572
1215
5671
4039
586
974
3308
2196
2016
2858
2761
5082
3139
457
588
4157
5271
4746
5180
4272
2196
4230
923
3401
722
2762
4878
5286
1809
1019
5235
3139
1131
3139
834
5117
1157
1598
480
2228
3139
5512
823
3592
4684
4771
1119
3034
4689
2435
3139
5451
2200
3599
3046
5177
2196
1776
5081
127
3931
4374
425
3820
1379
4566
5141
5616
5402
4038
1185
3308
706
3139
2413
1601
1763
4677
1876
5028
460
-1
4975
1352
1782
2250
4075
1405
2462
4194
3974
5497
5591
1482
2762
4682
2196
1583
1161
5116
1601
963
4986
595
1885
2751
411
4986
880
3385
2556
515
4513
3139
5556
3067
4438
2527
3820
2200
3676
2196
2465
1734
1583
5269
2196
2196
5022
1425
521
5148
49
235
425
5183
3139
3139
4763
1339
558
4557
4702
3489
3725
5611
3887
3554
3139
5050
2886
916
3139
2438
1780
5201
3257
2828
5114
217
3139
1183
4718
4945
5745
2171
-1
3970
2414
4763
746
1570
1206
5254
2931
2196
1619
4192
1468
3072
5262
4206
4039
3251
5595
1699
3945
1462
5183
2248
3280
542
4957
2946
4763
2768
314
4039
2404
2619
3999
2676
3996
2196
1429
494
1407
3057
1044
1999
1330
5505
4073
2724
4662
2285
3888
1661
2286
3682
1049
3743
5062
1475
3331
5160
1604
4778
5466
2514
2196
3991
5384
-1
4177
25
3800
3380
594
2974
1465
3139
450
1521
1969
583
2196
1603
3380
3911
425
822
425
252
4747
3800
486
1329
482
5433
2680
5561
4872
2196
1307
5271
138
882
540
1192
4654
4986
25
5566
195
4615
5062
4193
3461
3139
324
4825
5473
4966
1263
1800
-1
4454
5109
934
452
1824
2629
1371
4438
5587
3049
5232
2710
3139
3139
1702
5119
1583
3808
1137
227
4332
4814
3439
5455
365
3422
3991
3139
4717
1210
4997
4904
3139
1763
244
1636
225
1760
5414
2882
3682
5385
3051
