3038
1517
3115
834
1016
3139
1636
3007
5402
1307
4992
11
2611
1429
5241
118
544
4948
730
957
1095
695
5319
-1
3139
2611
3218
4038
-1
5164
1178
2122
1821
4110
227
4859
4998
3139
3351
5142
2531
3139
457
5442
4110
1313
3139
4373
4602
3543
1149
3240
3139
3621
5287
3139
1902
3218
3092
2240
-1
5522
2951
127
2240
1928
2982
891
227
425
3139
4034
92
3139
4034
5426
2240
3139
4561
3768
5522
2454
5402
2240
1044
5596
1955
3139
-1
5288
3139
3875
1526
4034
5419
5587
4062
2634
2615
784
3303
3875
2777
2762
2240
3991
3856
2587
1339
3139
2563
3360
3712
3846
4626
3139
1262
547
3139
102
5415
5133
1688
3139
3139
3377
3139
4521
630
447
1594
5235
-1
5443
4402
2408
3924
3139
2240
3139
3092
5049
4972
-1
3139
2196
3139
1480
314
740
1824
1739
2164
5509
5608
3139
-1
5094
4402
2240
3139
1371
4689
2240
5598
630
1206
1775
929
-1
827
2882
4039
2619
4720
3184
5608
4110
611
-1
4518
2240
-1
2825
3139
1993
4039
3139
1639
3875
3349
190
5402
3139
5608
3813
1722
-1
4298
2424
487
3996
3139
810
3687
-1
425
281
1024
4945
2765
3875
3509
3136
3139
808
1994
4039
3996
1206
2240
-1
3139
2240
245
832
-1
3139
3139
1915
4280
1863
5287
5074
630
2037
3385
1313
3139
1621
1783
4864
3139
4815
5466
5576
462
1949
2240
5431
5432
3074
2339
2269
3920
5384
166
425
3448
227
5287
2662
2285
602
41
916
5712
4287
3946
972
3139
4039
455
1339
-1
3139
5062
425
3139
3188
3028
3240
44
3349
4287
-1
4221
3800
5512
5094
147
5687
5687
2196
5094
5056
-1
455
425
2196
5094
5644
3139
4142
4287
3530
248
4634
3875
425
3597
16
3139
5699
4034
5101
5235
2531
2240
287
4982
1298
4171
2558
5085
4070
2671
757
630
630
1297
630
2195
455
1254
3784
3139
630
2215
-1
3297
3139
147
2376
5521
4984
1016
2833
425
3660
1116
4728
4654
3846
2479
3590
3996
5287
1086
5132
1633
2700
5384
3681
1407
2405
730
177
630
-1
5448
4633
2838
1297
3139
541
4219
3621
923
4287
2328
2867
3240
3139
5512
5287
1475
3385
872
4736
5053
872
25
2196
-1
1484
1863
1254
446
4200
5074
4269
869
1313
5355
4070
3229
1462
3349
1297
5308
3139
2328
1429
975
3139
-1
455
683
-1
4935
5587
2691
2189
4633
3863
2321
4700
1583
4283
5522
277
-1
-1
872
3423
1264
5608
5512
5180
-1
1206
3831
5274
5180
2370
5271
4108
1725
2762
2503
1267
5239
872
376
4070
-1
5524
2201
5074
1475
1583
872
5062
3422
4555
2672
5062
482
4162
3139
5587
3918
4337
4180
4478
4038
1184
1292
1931
2285
5180
425
3139
1297
3427
3139
-1
3139
4936
4172
3875
-1
5587
-1
1708
-1
5261
3139
3139
1407
5512
3139
537
2196
4661
1337
5402
1793
25
5286
2240
3136
1850
3595
5045
2196
2240
872
1071
425
1405
400
2214
5432
1968
1475
3875
2058
5239
2882
4345
5228
5239
3139
45
5450
3139
882
5008
557
18
1777
1313
2575
5512
2927
882
1383
3617
1647
5323
-1
981
1160
5333
2695
3367
147
3139
2766
4231
2196
2200
-1
5333
-1
1997
4438
225
2619
3139
1206
1509
2631
485
4474
147
1160
714
4283
5323
4287
-1
3171
2752
1307
3139
5584
4945
952
5512
4158
2086
4282
1710
3139
1139
630
4496
661
4992
4814
4973
4402
-1
1601
4593
187
5092
3139
5180
4657
1157
571
845
5410
3139
3139
2164
3651
3139
-1
1184
872
5179
4068
4008
455
4615
1688
-1
3224
3716
2240
3139
3231
2973
-1
1044
4200
5287
5074
5133
1583
5050
557
4255
2196
5451
3139
3139
582
425
4188
2348
4399
4478
5587
4200
25
25
3987
2196
2292
4997
3682
4200
4129
428
2196
2281
3050
1793
241
1044
400
2243
2196
-1
3385
683
5574
575
4890
25
4986
2196
3139
2462
2610
2333
4553
1254
1793
2587
3136
4689
2854
-1
2332
3139
3569
5180
4392
2967
-1
1371
5497
-1
3139
1480
4662
5387
3171
1983
5180
1358
5387
2196
2662
1184
5402
3555
5644
4992
2861
4371
3330
5239
5608
1436
3139
3139
632
2240
1681
3017
1875
-1
2067
3996
3139
3109
4426
571
3046
1575
4225
25
4127
5587
2196
5595
3139
1086
2462
425
4038
-1
1086
3297
1793
5074
3139
4005
3985
571
5439
5530
2087
5287
5274
1429
2615
2320
5433
45
425
3141
4039
3447
4325
3800
5313
3057
5561
4713
1152
25
730
5062
4478
-1
975
1160
981
4025
5287
748
1160
2838
2285
3139
5670
1914
-1
3139
1688
18
4954
378
4478
-1
-1
1255
5412
3875
1956
1307
5049
26
2312
-1
5133
3139
3594
5608
3543
2200
3139
4907
2000
1349
5287
5104
455
1316
2164
4846
5239
3985
-1
-1
2320
1405
2405
1993
1044
1160
5711
319
-1
1699
-1
787
719
5512
4553
5402
5176
5042
2294
543
2016
2779
1767
3615
5530
177
2989
1349
5445
3240
-1
1469
4039
1313
5326
4039
3139
25
544
1983
5062
5530
-1
3139
5062
5331
3846
166
4039
1843
571
2626
5729
2240
2128
-1
1516
3139
1930
2196
630
4039
3139
2762
4039
1295
2196
1313
227
3141
2196
-1
25
2205
3187
1044
4287
5049
583
-1
3003
1783
1702
1427
2159
1044
4225
683
4992
-1
1601
1928
5180
3915
1640
1185
1465
1793
4200
4368
2615
5402
2615
4110
4890
816
3189
425
1539
3949
3382
3774
1160
-1
2462
5396
2338
1347
5487
4566
4109
1784
5018
3556
3205
3139
3139
4359
4548
1583
5402
1618
-1
4526
1535
97
5074
4554
3023
5180
3985
1160
1160
3139
4992
2462
4966
2779
418
3620
1084
4653
975
887
5402
1086
4130
5502
5744
5135
4482
583
1086
-1
5575
3313
5062
2164
1461
5512
5387
2328
698
3139
4922
458
2957
1834
823
425
3266
1044
-1
5491
52
1313
4907
3762
4029
5414
4553
2911
228
3884
1352
1254
5235
227
482
583
5402
4966
1991
785
3543
1911
3107
5469
1239
872
5258
25
-1
4039
5521
5384
5062
2060
5124
4654
5414
2285
3139
5239
4327
5695
3840
3139
2196
3139
1323
1504
3139
5239
2158
258
3139
1572
5414
1800
4945
3238
2296
5402
2462
4039
-1
1480
1240
425
5088
-1
-1
2778
2911
823
1793
4300
4573
3461
2240
1184
227
2838
3621
2703
5062
583
4287
2070
3676
75
3139
4633
425
2009
3382
3240
-1
-1
4703
3185
1983
3360
2756
5121
2509
2240
1274
5587
3139
3621
2380
2895
2196
1468
5062
3139
263
281
4992
516
2455
4945
3473
522
3139
5402
3139
1726
4557
1313
1029
2670
387
4795
3951
2323
4992
4158
4497
3996
147
3139
4007
1184
4039
746
2149
1349
2531
1992
425
1323
2435
5275
1307
808
4674
3846
683
1699
3265
3264
3507
1185
2957
2454
3396
2724
2223
2651
3734
3636
2320
434
5070
2741
5402
1914
4039
4110
5287
3611
3838
5375
3139
3139
2770
2338
3139
1636
1044
311
3621
5049
3846
3139
5547
3139
2021
3188
1323
-1
5574
2285
1313
4949
2338
3033
1601
4949
425
1307
5552
4966
5402
4818
922
4373
2859
405
2060
5155
2702
5439
5155
2200
1776
482
4330
3139
400
3330
5287
3621
3346
3649
1840
-1
782
-1
4200
5081
1323
1160
1465
2762
3996
4231
1269
4438
5629
1300
4845
1588
515
586
3167
5153
4890
3630
5687
-1
284
178
3139
2240
4605
1983
1793
2196
1427
1297
5512
4949
3996
787
4949
-1
1160
1777
4794
-1
446
425
3139
1429
4296
4039
443
630
4713
1784
82
482
5594
2338
195
3875
4114
1541
5576
539
5402
3875
1983
3653
1019
4287
1398
1291
425
195
1323
1206
2787
469
1846
556
4622
1323
-1
290
4228
4039
2196
-1
3139
457
473
1914
4019
41
1298
4076
4966
5587
2957
5512
3507
3479
219
4877
5049
1601
3139
-1
4400
3139
3156
1480
1583
3168
4242
2034
5512
-1
1461
5297
5390
3875
5274
5620
1778
482
4268
-1
1727
526
4611
4949
3933
2699
25
3113
827
1307
5472
288
3139
2196
-1
1269
2619
5587
2200
4949
2338
3054
5223
5512
-1
1791
4602
3065
4553
2462
5235
1101
2738
389
3875
4598
3139
-1
5587
3349
5399
3735
5523
-1
5133
1206
432
3139
719
-1
452
2320
1588
4628
3139
241
421
2762
1297
3139
3965
3552
5140
261
-1
2196
5133
5489
3996
4006
5133
5025
2133
4992
-1
1044
2123
1313
227
521
5085
4039
3139
-1
482
5570
4005
-1
4121
5672
113
1160
275
1902
744
65
2370
2902
-1
1640
3110
-1
2196
370
5249
515
4287
3756
482
53
2200
2196
3110
3875
882
5282
4264
4929
1384
630
2912
3139
4673
4192
4966
3682
1062
3139
1453
4004
718
2974
2515
1770
425
3386
425
1316
82
1298
4039
5686
-1
4125
5419
3139
482
1371
975
452
5252
3139
2390
630
526
-1
3139
5323
2195
1572
3139
2200
583
425
3139
432
501
-1
564
3336
683
4949
-1
227
4226
2430
3269
4287
195
425
215
5512
3701
4993
3072
683
4606
1307
548
482
3139
2233
583
1298
400
1481
4612
2691
1794
3651
5402
179
1779
5446
2714
2285
1480
5402
760
2376
366
3139
3139
2008
4008
5512
-1
1160
3917
1475
3139
5049
1442
1427
4992
3139
2768
2326
2196
5074
1298
526
195
-1
4720
3240
2285
3886
3139
4300
1914
147
5587
1850
1105
2651
3817
5530
3600
1313
2200
3107
3875
1184
3308
77
1307
1307
479
1583
1699
-1
632
25
4005
916
5040
2196
-1
3139
3086
2346
5074
3003
3139
3695
1681
1152
2817
5473
1060
5402
872
4158
2630
5674
5078
1480
3364
975
1054
4942
3136
158
5518
473
5204
1538
2619
309
2878
5323
4006
2825
3870
1429
4264
1129
5287
3139
2240
3600
472
5477
5606
1320
4637
-1
722
931
4396
4720
787
4332
2200
5287
-1
-1
4712
-1
1460
2200
2240
-1
2196
2196
2285
785
3110
4217
1052
1101
-1
5210
630
1033
823
3543
4039
5195
2196
3859
5074
2711
2200
3139
1206
3268
3139
2495
-1
5672
1465
632
5384
3679
4720
1185
5466
-1
227
4442
3408
1313
3816
3139
3331
2285
1586
-1
3139
4258
2911
3670
1282
4396
4713
2619
1719
3734
2075
1809
5062
5248
2895
785
1044
4005
1160
785
4567
5148
5627
1956
577
4763
1699
3171
1498
2401
1427
5682
2079
4548
3349
2615
4945
1405
2061
3238
4396
482
5741
1131
4200
1185
1969
4234
527
2660
5148
5226
1161
25
3116
3822
4993
41
1266
5477
-1
4460
3139
5140
5146
227
2615
2755
3367
4396
2200
5085
787
25
4039
2740
3756
2462
5085
3107
1583
1519
-1
1304
5384
5180
4992
5625
888
-1
1480
5493
3483
5497
526
2501
4720
5499
3985
2196
2405
425
837
3139
-1
170
3656
823
1927
1480
4444
2462
4151
288
-1
3139
5402
3139
1354
1307
2285
2196
683
3139
-1
3427
3139
5387
2813
2196
3485
1692
225
304
3985
-1
5085
3139
932
4787
5402
3139
-1
1044
3219
25
3139
482
1601
5497
4226
5655
288
1452
4396
3863
1316
1703
1177
1429
4853
4949
3422
1496
3930
3139
5198
4194
3139
1276
630
1157
2552
323
2890
2593
2918
4004
1588
2462
1048
676
427
3003
4332
-1
2196
1480
1601
3703
1405
4019
4287
5402
1588
1051
1269
5333
482
3139
683
5242
4142
1405
3139
304
3934
4713
-1
4808
1730
5647
3650
4951
2960
3838
2414
1327
1793
1298
2501
82
3154
5254
5530
526
2360
2196
425
5081
2196
713
3194
3139
1307
3163
4287
3139
5174
3240
5080
2240
1601
2583
4964
3427
4884
1821
3269
100
4651
5402
2451
1611
4039
2196
4949
5087
1427
981
2285
3201
3584
1498
5186
4396
4004
275
5235
3139
5370
-1
-1
3263
5066
3139
494
2697
3139
4076
2164
2444
5067
3139
482
-1
4298
482
1227
288
4781
4004
25
4993
-1
4497
1636
3069
3139
5402
5254
4793
831
1681
4311
2320
2364
1307
5141
2911
2240
3308
-1
3139
2164
2205
1583
5093
3139
25
-1
5062
3139
2285
2196
5085
41
2246
1800
1044
4871
2828
2530
3308
783
4877
-1
4371
-1
4713
915
583
3167
1983
275
5262
4328
4332
1588
1102
5249
3308
3139
5062
3069
1340
398
5402
1429
3308
2882
2568
177
3273
-1
428
4101
1793
5186
-1
3840
591
5442
5417
4332
548
1765
2651
1681
4255
4032
5512
5049
2141
5625
2285
2762
2336
1206
4993
2196
1298
556
3289
1307
4332
1144
-1
2065
2746
4264
1503
1401
-1
2762
4039
425
-1
1339
4720
4713
-1
1313
1148
3308
-1
5402
2364
2196
3139
3141
2934
1487
2462
4429
5062
1830
2285
1480
3051
4039
1550
2183
288
594
2196
3139
5109
2380
1307
227
4945
2196
1054
2584
4039
2453
3139
4040
227
3005
3139
3139
534
694
-1
-1
4373
-1
1583
425
1597
1349
2196
-1
1691
687
-1
2196
2724
789
-1
4285
4602
3139
2195
4039
1588
4188
4771
3715
3730
432
-1
572
1160
195
2377
5062
823
-1
2186
4226
4654
-1
526
51
996
4918
-1
448
4226
2062
5491
-1
3985
3622
-1
4871
147
1193
4201
1797
1044
-1
482
2240
5720
2114
2285
2936
1583
1468
1601
1327
2233
2557
5742
1468
3139
-1
4196
3349
4142
4713
3961
5393
866
5722
-1
933
3621
5097
688
1480
2231
25
1640
60
3683
3377
1381
3139
2285
3139
1800
2786
-1
1331
288
3985
1185
-1
1073
4606
2651
2882
1850
323
2186
1323
3139
5133
540
2154
2566
3069
3139
2390
3456
1254
3062
4175
-1
2957
2884
1152
3139
3315
2285
688
1269
4992
4200
5235
2615
703
3240
1826
2634
3139
5239
1480
5088
2233
2711
2619
4255
1619
-1
2285
4255
1914
4776
147
4985
2380
2306
583
1345
5718
4004
4939
3490
1202
4064
3504
5497
3904
274
787
2383
4034
390
4720
425
466
1307
1922
2314
-1
3139
227
1304
4158
1750
3139
2578
4529
3139
3875
3139
1196
4772
3236
-1
5330
-1
1027
688
5402
1152
881
1608
5724
4098
1462
5551
3730
3682
3875
3961
2276
41
5188
5402
-1
1168
4004
804
5530
1362
5402
2462
1087
4332
425
3349
5081
2998
3139
1082
4300
1101
5072
3139
-1
1697
1131
5193
571
288
3144
3682
2240
1821
2731
2764
1300
-1
2669
1044
5311
54
5334
-1
25
5595
5576
3017
2691
1397
571
5249
996
1800
16
5587
688
5155
2694
4188
2299
4155
1681
4966
3562
2678
2196
4939
54
834
2200
1480
-1
3416
2615
3404
195
1095
1427
-1
5602
1793
4720
3613
3676
4006
3589
3203
3139
5545
3875
1230
5264
4598
3115
3031
561
5172
5402
4427
2285
3875
4972
1715
2971
4630
687
2619
5049
5673
5477
3621
866
1703
-1
3888
5572
2956
5290
3625
288
195
2285
4713
5333
5213
1371
3139
4287
4633
1892
2612
-1
787
2467
4827
3072
1269
5706
2231
1588
1307
4802
288
1542
747
1482
3682
1221
923
4039
5706
1796
177
3139
3141
4884
195
3539
3308
1945
1724
577
4438
1480
1482
4771
4132
1003
2283
4961
2550
3104
799
2200
3139
5426
3139
5547
5018
5140
2462
4264
1712
2572
3139
241
5271
4239
5206
1482
286
1674
1902
1858
2746
227
304
3308
2196
347
-1
2082
4135
254
1429
-1
2746
3613
4582
4438
595
1017
141
425
1230
1601
3139
3141
5401
1628
25
2285
801
1429
436
787
4373
3139
-1
688
923
25
5625
3072
-1
1482
1178
5062
4438
5046
1044
3506
3985
2148
3139
2376
5205
2934
1286
2870
3747
2333
2196
303
1354
2196
5402
3139
4857
2082
3291
5180
425
2030
2843
2200
571
4887
2193
3838
2958
4330
3139
3830
3139
1405
1583
311
3684
3139
3467
4949
4039
2100
227
2196
1902
2565
1452
4200
25
5587
3339
2462
-1
2794
1699
3853
4563
2601
1744
840
4966
1849
989
1670
2269
4132
2157
2196
1510
-1
1095
227
1307
5402
2196
2285
4419
5512
3003
51
349
5551
2196
4966
1640
1465
1157
787
3432
3976
2998
1583
2196
3712
2240
4039
872
55
3072
195
1307
3986
2196
923
1407
-1
-1
4984
1044
3139
-1
482
452
4771
5062
1303
2578
4255
3875
1922
4619
4884
5094
4715
2462
2378
3171
5491
-1
2687
4140
3037
1382
3985
-1
-1
2320
923
2196
1953
4719
2196
3308
4334
5402
1793
-1
-1
3141
688
5474
2193
1601
-1
4502
583
2747
3280
1661
1468
482
3241
1183
1172
-1
1405
3708
2565
5081
-1
1913
3139
3875
3308
5402
5248
937
1800
5094
1168
4287
-1
195
4654
1196
3933
4070
5497
1557
4093
-1
1665
5497
5473
2746
1297
4548
2135
2928
1800
1482
3139
2287
2418
4822
340
2722
2189
2871
133
3768
1583
2222
5625
1482
5133
2886
5587
1769
-1
1405
2957
3349
2868
4746
599
4992
36
1572
25
3072
3495
3312
2164
5671
-1
1584
25
3930
25
4004
2615
645
2196
4619
5402
3308
3069
4154
5419
1044
1983
2838
2682
2333
1168
2714
1073
425
1004
3365
2186
3838
2516
4298
923
425
1157
25
2193
1195
4998
1207
2320
3554
4019
-1
5578
86
3485
4884
147
4158
2997
3795
3693
1003
2407
-1
4611
177
3139
482
336
3139
-1
188
3974
3467
294
1486
853
4529
866
315
3895
5742
4183
3519
1206
3592
3139
2285
5128
5148
993
304
3238
1462
5049
-1
5477
1213
5062
3335
242
1848
4771
4772
3974
-1
1550
1168
284
852
-1
5081
2885
3139
4287
5587
3308
4805
3419
3240
5731
1867
881
510
3676
4654
3139
703
4039
4660
4373
1313
5402
5271
3506
2858
25
1298
2462
4945
5137
4200
688
4884
2731
4006
687
4383
3139
3139
4707
881
221
4337
620
443
1755
1044
3139
1661
5062
3969
-1
263
1519
2351
4376
1192
-1
2911
-1
-1
923
3139
2196
5587
2661
3046
2651
-1
5287
3621
-1
5094
1313
4200
4142
3044
2703
2016
4387
5532
1750
3856
-1
2592
3139
4403
425
2521
688
1429
5512
425
5232
2008
4158
4255
5706
25
5521
1269
2113
1044
4158
5477
5094
1583
425
5551
4808
3875
5468
4621
1159
911
4039
4200
1670
3676
1598
526
3373
2489
5673
1583
2439
526
3726
-1
3466
5608
1297
4664
4026
823
432
4326
3794
4200
4226
1465
3621
3233
4158
5304
4812
54
384
1750
4193
787
3315
323
3139
4129
5429
2144
4720
2445
343
4039
3314
612
-1
2990
2501
4602
5160
4497
1054
4415
5526
1254
804
4348
482
3139
4763
2911
957
5621
3139
5235
1044
1147
5315
5512
3467
110
3985
2193
425
1527
5402
5002
1298
1429
-1
2813
3139
455
1844
4771
-1
1206
1020
4039
285
-1
25
5574
2084
3139
2724
3840
923
5062
3139
4039
4503
396
425
5402
-1
2841
3467
2731
1793
-1
425
576
3139
3139
5521
1969
57
2196
5370
4576
154
1354
3139
-1
425
2285
1750
5248
630
5183
4032
219
4763
220
3139
2285
1429
743
3139
687
1206
5002
3875
1793
4200
123
16
2200
3875
1727
3432
2164
5062
526
482
5287
2283
281
2263
1750
810
5402
1044
425
3598
4154
4507
5712
5728
4371
1919
1405
695
1583
1185
2149
1323
482
2439
-1
5362
3139
5037
396
4910
556
3139
4969
2619
2154
53
409
5062
2231
-1
2097
4986
4799
3171
4939
2658
2762
3676
5213
3999
1849
2746
3540
3136
4008
4854
3308
787
1097
5459
404
1307
3057
1936
3139
583
4771
482
482
4000
3240
2200
-1
1753
3139
2440
785
3676
923
-1
3732
1168
1750
3308
4890
4883
5362
66
5049
5306
5576
4232
2501
2260
834
195
5576
-1
1756
-1
1928
2200
852
1699
227
25
3144
2765
-1
334
1395
1418
4287
73
4619
4704
-1
4038
4720
4689
5213
425
4203
25
3378
542
-1
3139
1161
4864
2011
1867
1349
2285
5402
1366
227
2535
2731
1300
380
5470
1457
4945
1513
4720
3550
-1
1339
2078
3621
156
3439
4720
3777
5037
3846
823
242
2122
973
475
-1
3139
5062
836
425
545
1522
1429
323
4671
1258
3845
3641
3139
1839
2618
4374
4497
3242
2615
688
2825
-1
427
425
1636
127
-1
2320
5235
-1
-1
2813
3854
3139
2122
5475
25
-1
4642
3768
4598
-1
-1
4771
1575
1619
4773
1393
1699
1327
2122
425
2548
2385
2240
1882
4969
1773
25
1750
2196
3507
425
3139
4650
3593
3139
2283
2285
177
227
4207
2605
1519
5540
1428
2164
1508
2726
5077
3962
1269
1906
2082
5133
5200
3540
5002
5109
1254
5062
3139
2911
416
443
92
981
-1
1429
1465
1601
3814
5706
1054
5621
2341
5687
2945
2443
2196
4039
-1
5402
2825
1328
4004
4226
993
4722
2285
3605
208
2613
2196
195
861
3139
3467
4893
1804
5062
425
1405
391
3003
2939
5642
4004
4621
-1
4265
628
5056
-1
1300
2439
4082
4051
457
4771
5062
1325
16
3744
1283
1313
2412
5587
2868
5254
4200
4767
687
4287
1157
395
3388
1013
2298
1054
3821
1777
4966
3139
1155
3869
2134
1945
1200
2326
-1
1670
3944
54
3139
1339
3542
3505
3139
304
81
3051
1448
1482
4357
1862
2922
1854
3540
387
4834
25
1429
1313
1349
4783
4063
-1
-1
1095
687
1914
25
2162
5402
3139
323
4478
1230
5102
5002
2285
4142
2824
834
3308
5323
239
5287
3308
3966
-1
986
-1
324
2285
2697
3003
3583
1750
4713
2731
1703
4142
4771
1346
4941
3333
25
4956
5354
1480
-1
-1
3117
1354
1868
833
2196
95
4082
2196
2285
5094
3139
1475
11
425
2762
1504
-1
2285
-1
1468
425
2762
1601
1660
1319
2196
-1
5208
5180
5362
1298
1019
2435
2196
3139
5671
5742
2101
5133
1073
1586
4884
1725
4006
1468
-1
1193
3139
2099
3887
3066
-1
688
2101
3401
551
1185
4778
1327
1598
5133
1936
-1
2551
5031
1473
3219
3623
571
1581
834
4039
1722
3139
2243
2285
-1
957
3139
1855
-1
3139
-1
4298
1778
2462
5087
5402
41
4039
3139
2196
3876
2285
450
1784
887
4615
2122
3046
3867
3398
2196
5062
3461
4438
4158
3875
425
2200
3308
3139
-1
3556
4220
2153
4677
1462
1054
1073
2283
898
2616
400
-1
923
3874
2193
425
4018
4290
4766
-1
3621
4360
-1
1221
3872
4162
288
1897
2196
3296
317
3592
2285
4004
3139
308
622
923
25
801
1504
3393
-1
4572
5384
2882
1405
3139
-1
2029
467
2762
425
4810
-1
3308
1776
2832
521
1703
452
2380
1777
3034
3450
432
3139
3656
2628
1206
339
3623
4733
5388
2813
978
1429
4720
4459
2619
1016
3875
5612
5062
1636
595
5413
2343
303
-1
5538
-1
1969
4939
4602
881
3308
3641
4912
2473
2619
5232
400
3456
2326
3222
2160
2807
-1
227
5473
4458
3139
4367
1983
793
1230
5083
-1
1888
2200
2825
425
223
526
5165
3592
1800
5181
3139
5218
2839
924
2328
2619
195
3676
3817
3832
2135
4720
4777
3190
2285
1044
4381
3875
3057
1420
4732
4168
5049
25
425
474
4969
785
3139
5587
1327
3139
1168
5093
4382
3139
2999
3622
5062
4520
2350
3139
2200
5412
4383
778
5616
4158
589
4544
3711
1016
2285
2196
209
5402
3139
4939
-1
482
482
4221
4007
2779
227
5293
3139
5420
3308
1601
2196
5402
5155
1848
1307
4635
1640
5156
577
4006
4497
860
2298
5402
2298
2651
2194
824
4497
2084
2325
1927
2266
3989
5551
177
1372
5162
3540
5412
1429
3621
4158
1437
2954
2135
1653
261
2008
3269
2164
1210
2016
425
1164
988
1699
2218
5251
5695
1504
2847
2153
5578
1703
4007
4751
1081
1482
1750
4955
25
4719
482
5587
526
1448
5518
5069
648
3438
4371
1572
3144
612
2196
2200
3037
3139
79
3257
1843
1814
5497
1044
1974
4158
2196
1482
548
3671
2987
177
3923
4537
3888
4371
4233
2746
3056
1168
1482
2670
1636
227
3571
383
1730
3139
4484
4689
630
2016
1354
1429
3139
2122
4884
3030
1830
5672
1300
421
1173
2196
184
2082
35
923
1982
2285
4884
4621
1468
3528
6
1736
5239
25
1793
4438
1465
41
1796
1313
2326
2953
5209
5104
1405
1157
5706
3139
2285
1172
1120
3725
2426
524
1149
1583
3994
4716
3676
2649
4932
425
1588
2195
1588
1598
4287
3367
556
25
4373
3139
455
5538
425
1391
3467
1944
2615
699
590
1519
275
227
3642
4771
5087
1600
5312
1602
5235
5497
2570
787
94
4890
3592
5109
33
4978
195
1814
2644
1703
2762
3711
1405
739
-1
4564
3431
3139
1129
2285
4635
540
5213
473
1044
5063
5221
3139
5264
3528
2762
2196
5270
897
2882
2762
1354
354
2347
4017
3308
1384
923
5487
3139
3003
4394
425
3308
3139
-1
1750
4385
1889
-1
3046
1307
1764
5287
3107
5402
1482
1681
1265
5402
320
3139
5064
586
-1
5049
-1
1430
520
5064
5384
723
1101
288
-1
227
2953
4890
1254
2285
-1
1001
4048
4004
5179
2320
3171
4332
4048
1184
2937
4200
799
5530
1750
482
5574
1776
1780
-1
95
-1
1124
631
425
1619
3139
3176
5002
3807
1998
-1
5123
2383
2462
1300
4939
1206
3623
2435
4014
661
3974
4771
2122
5511
1696
1290
1054
5136
2762
5132
3256
4082
5527
5190
4039
-1
2435
1206
1577
2731
1601
2103
243
3717
605
4945
5491
5180
4385
-1
2911
1296
2911
5390
540
1983
125
378
5260
2206
2285
1184
2986
1095
288
3621
4633
448
712
49
5269
4004
3139
1219
5402
804
2333
2385
3139
-1
4165
3552
1206
4039
2196
524
3139
1322
4226
687
1601
5049
3997
5373
1452
2732
3139
4373
4890
5171
425
3113
4382
475
5323
-1
452
3138
3729
3857
977
2333
1800
2517
3676
5291
3028
3772
4129
2992
3797
2830
2465
4330
4771
3676
5587
1482
3139
5074
1152
5288
3296
4052
4713
2196
25
622
571
2200
354
5706
2271
4200
724
-1
3139
4814
2016
3077
2124
5402
4226
4256
3604
1327
4559
4890
3682
3139
4751
1069
2285
607
4975
1230
3644
5364
1298
5264
2233
4332
4442
1049
2195
1584
5062
5551
4396
5094
4966
2200
1223
4200
3175
25
5222
4226
3308
937
258
2862
5433
425
4771
4332
4939
4495
4945
1465
5441
1254
2691
-1
823
3676
1225
1588
18
3907
4032
4200
-1
3943
25
2064
5748
304
-1
2828
2285
5347
-1
5530
3996
4890
5475
5293
4896
3943
1650
3021
2200
195
1849
5652
3521
1206
3139
405
513
1722
5571
2326
5284
11
284
4763
3003
2104
3676
3171
688
3949
602
1847
400
1891
4082
3056
3139
4802
3818
2780
3369
4771
1577
482
4334
2443
192
1513
1588
2838
4598
548
5002
4712
2200
4330
-1
3948
3240
5027
5077
3000
3308
16
3419
2279
1219
1942
195
2882
5087
3676
2076
5645
2882
2200
2615
425
249
2196
1429
1552
1867
3838
-1
3139
-1
4311
2285
164
5442
69
2619
-1
634
521
1044
-1
-1
425
1407
2591
3037
3838
1300
5623
2195
1793
-1
4720
-1
1405
2813
125
443
2113
3317
3708
3560
3385
2196
1624
2911
4878
5402
276
425
-1
1286
4159
2770
3308
1635
1969
1829
4396
482
4032
3139
4373
3388
183
3072
-1
2513
381
2933
2328
1327
4332
482
1568
5002
443
425
284
3139
2443
3222
2435
3500
1228
4658
1429
5062
2934
5487
25
5434
1699
5271
1793
1465
3046
897
-1
5015
3139
5271
-1
-1
3888
2333
1086
3240
3964
2200
1973
3128
865
4478
4986
2358
3435
3384
-1
-1
3094
2423
5512
2196
1675
1425
1405
5402
2200
-1
3139
1429
2082
2762
4999
2746
5482
4566
4398
5062
583
3391
-1
5254
-1
1945
4226
5512
82
630
2258
2196
2420
2015
4287
4720
3656
-1
1429
-1
1681
3465
3602
288
1650
147
3540
2489
10
4004
2993
4154
-1
2196
5571
880
3388
781
1429
5447
923
688
4603
2104
4200
195
3108
5085
2719
1116
3139
4438
993
4447
425
5133
4569
1086
5362
5702
3531
-1
790
5654
-1
4087
4718
4998
898
3220
4884
-1
1307
4006
2565
5642
3139
5587
5250
494
3330
93
1482
437
5497
1800
1969
2326
3985
5402
1777
3139
3875
-1
3297
4992
2196
1016
3136
5234
-1
1298
5087
4064
3418
3621
937
1371
1702
4487
2650
5133
3139
540
3696
4032
4455
3139
3139
3820
-1
5402
4332
482
-1
-1
1370
2189
2196
1608
4039
2911
3139
3139
4759
5334
300
781
1821
41
1579
2531
4332
2285
4158
5442
1616
2722
-1
3183
2534
3072
2501
1501
2333
3696
2200
4438
4969
112
975
5254
3139
3592
2619
3177
743
1172
-1
881
3139
540
4154
5466
2926
3467
41
923
3869
4019
25
548
5674
1805
4012
1012
5271
1294
25
3139
5235
3139
1268
2016
2882
5132
3115
425
3003
1450
4890
1579
-1
5497
5028
1019
2421
1269
889
540
5264
54
4039
3136
-1
1303
1591
3578
3803
4927
1200
5414
4332
4199
1465
2731
3677
4966
3139
4850
425
1273
1472
5087
1583
4188
3540
-1
3000
4939
751
702
3171
1793
3139
1172
127
3139
5346
5085
536
4330
1616
2196
425
5402
425
778
936
590
2462
2125
-1
3279
2196
1407
3139
425
1805
5143
1482
5565
2615
5133
2842
4082
1298
4414
-1
719
1588
2724
3621
4731
1681
-1
3880
3726
2206
673
1313
2388
5706
2782
1269
2691
4969
3413
2731
2122
3139
635
5155
1670
4602
5714
5402
1183
2196
5129
5268
2196
2196
3139
425
-1
3468
1054
2014
1880
5200
3240
5508
1969
3961
2578
-1
4928
5384
2204
-1
5093
4635
-1
4802
-1
1369
634
5337
54
2955
981
2122
4287
-1
540
1482
25
425
3139
5362
4226
4048
-1
4142
5714
1076
5402
2724
127
3976
1462
3073
781
1323
1246
3139
4462
2882
4890
4024
5164
1829
1219
5703
3800
-1
1427
4884
5142
1829
1821
5254
1480
-1
5077
1465
-1
3862
5402
3657
482
2385
882
2619
395
5385
2142
-1
5643
425
3727
4153
3667
5129
3222
5587
1437
5566
5574
5424
1699
-1
3139
2196
5062
2762
5491
4969
25
3676
1304
25
1919
1699
1765
2122
5232
1071
5230
3696
2701
2495
1307
450
5062
3139
5102
3139
5384
3139
4039
556
1167
4349
425
-1
1482
425
689
1185
1819
3139
3311
5402
2369
1016
5245
1168
5195
3449
2435
3994
4902
3838
1750
3641
3356
3432
1042
1573
4371
1681
2250
5074
3171
3621
-1
4771
3139
3496
62
2849
4417
1644
25
5137
5133
3456
-1
4038
1583
107
1323
3107
4371
5295
3415
3139
3349
4531
425
3139
2971
1681
2320
3875
4692
5022
4695
3467
1601
2196
-1
5384
3139
-1
25
5491
3200
3139
4525
482
-1
2196
5085
2679
594
4158
4763
3163
2285
3903
2731
350
525
77
-1
3698
2285
-1
3878
5077
1709
591
1323
2196
2493
5625
1032
5287
1800
3139
4900
5269
1784
5402
1073
4162
5512
5062
2196
4667
391
2008
3621
16
3072
3139
1452
2992
448
5316
4651
3678
1781
2163
25
3019
718
443
-1
2142
958
4226
2578
740
-1
4988
2193
2283
2866
3601
5235
3066
2127
1124
1323
4484
5265
3139
5547
4226
1480
3000
4311
2390
1609
425
396
2635
425
521
5087
2193
1429
2196
25
4815
2235
2196
1405
3139
425
1030
2314
3139
261
3107
25
3566
4143
1482
4420
425
688
2762
5475
1750
2285
2615
735
285
4975
5706
4004
5013
425
3991
2250
92
5471
1606
4440
5402
5384
1163
923
787
25
5714
1139
-1
5726
4351
5715
2196
425
1908
243
5733
2830
1288
2350
1793
185
2762
5087
296
1449
3139
781
2762
3308
3139
3691
2390
4565
3139
1058
3901
-1
4226
5402
1161
5134
5385
3622
4843
1902
396
4998
1044
4652
4039
4877
1601
1771
583
1546
5402
554
2285
1650
866
5491
5646
4006
5656
1113
4154
1616
2321
1567
5351
5587
747
4033
4720
4998
1482
3243
5731
1583
-1
3696
1298
5309
2925
4598
1661
1711
5028
3556
785
5501
5113
1925
1410
3468
1894
425
25
3308
4200
3496
3703
376
25
-1
1273
5049
-1
4021
1405
5671
-1
2196
2440
3139
5508
5001
3694
2164
2882
997
5402
4406
2193
2724
5165
1101
3308
5714
5254
3621
3000
646
1167
5269
5085
4585
4797
3139
39
-1
4712
58
5477
3139
2495
3496
5497
3139
540
3139
2164
3139
5505
4004
1601
2989
147
3139
5219
871
3032
2806
876
2285
594
-1
-1
425
2876
5126
5194
2196
1650
1269
3467
1640
2571
3682
1701
2564
2421
-1
5402
650
2830
1193
5062
4645
5212
1160
4158
2233
1168
5062
5561
5082
5404
1583
3139
4107
2383
3139
1095
5587
1371
3733
84
4163
2285
3139
539
2200
3066
2621
5022
425
-1
4787
1472
425
834
1551
5466
5177
-1
261
3139
-1
4723
1793
3823
-1
3641
1054
4193
4705
3308
774
1168
1072
548
4945
3146
-1
482
16
337
1681
1073
2615
1136
1884
1789
382
1542
3139
4761
4598
3255
3945
5562
3440
1044
3485
3676
4792
1472
2285
558
2724
2196
1556
1300
272
772
4720
1412
25
3035
1313
2065
4606
4597
4945
5037
1482
1750
-1
781
3867
746
3139
841
2751
5028
1496
4484
2196
746
1813
2200
425
4966
56
4373
310
1860
4348
3315
125
2548
5402
1651
4188
1607
284
301
5255
-1
2196
220
323
785
4110
4771
425
3621
4713
2565
1185
2385
1334
2383
2147
3139
5402
-1
1583
4999
1072
-1
5402
-1
5513
2876
5505
4966
2196
498
1814
482
4945
-1
3139
2196
4181
1425
4332
4188
1661
5093
1307
957
5022
3540
5471
507
5149
2911
2830
833
5074
3360
1583
338
-1
2600
1699
3139
-1
-1
-1
4264
1338
2196
3329
3976
2285
739
459
5671
2813
4615
3037
1315
25
4332
3139
1373
4763
2196
5464
4587
614
-1
3502
2810
1506
3139
1350
5661
5239
4896
5475
5699
2762
3829
1315
5699
5087
5241
1624
502
3139
2619
1692
1571
2122
2122
4890
5200
2189
1814
5085
2045
739
4082
195
4497
1095
4287
166
269
3429
1096
1583
2624
3099
25
4966
2615
937
604
4158
-1
2913
1019
1071
2056
2285
5587
5165
2848
2328
391
1598
4071
2200
743
548
-1
3139
3613
3188
2132
5571
227
2682
209
4949
4271
5190
395
1137
3139
4053
1573
5093
2122
3498
147
2196
2200
901
746
1256
-1
923
630
3887
425
-1
1297
3139
2321
-1
2374
1116
425
3621
1951
5576
1468
4998
4329
3830
3139
5131
2928
425
4598
3069
4048
3139
4966
3407
2762
1683
987
4547
88
2350
4718
1894
913
2443
-1
425
348
3139
4945
1606
5364
5706
4019
2285
1206
425
4695
5564
4493
2383
5534
5033
5662
2615
2018
1206
1699
4039
3887
3069
1523
3307
4519
1482
4602
2615
3875
586
755
-1
955
1468
2762
2285
1172
5475
4598
3308
482
2950
1482
-1
2179
25
1101
3250
5215
4771
4348
1288
1337
2826
3139
4763
3139
5511
5650
5481
975
852
5333
1681
4708
5022
618
1466
147
-1
5402
391
3733
2196
25
2148
5587
1429
1668
4602
4005
227
4396
3057
-1
2762
3924
2511
3349
1307
-1
1547
25
5049
-1
4332
3139
4142
4200
66
1510
3682
307
5384
5152
4763
5402
1730
3139
1307
1046
1342
3139
1601
3069
1327
4999
2285
509
3046
3459
3139
425
975
3222
5172
2140
1928
3933
1629
5154
4590
448
2831
227
3057
863
555
4095
1184
4007
266
2399
2046
1095
4792
4226
4501
364
373
3623
1529
4484
4718
4378
2185
4713
515
3996
1206
485
4630
-1
1044
3095
2516
2733
4598
2612
1298
4146
5475
2928
2989
482
4039
1716
421
3139
1285
4373
482
-1
1601
4268
688
3676
3308
3419
4779
1422
1530
3139
1480
3064
1185
4619
3445
5093
2364
2189
2591
5402
739
1601
1185
561
2200
5077
307
5323
5667
5671
4718
327
1044
2400
1913
5028
4125
3139
1601
3496
1190
2234
3498
3139
1888
5062
4993
2193
5254
5037
1996
3139
1465
4226
5474
1405
4181
3680
5617
3533
1178
-1
5683
1722
418
3539
4640
4997
2240
452
3748
808
3091
5444
261
687
5203
1699
4892
4200
2826
1647
556
2876
718
3139
3030
1791
470
4875
1210
-1
1709
3027
2813
304
1513
1583
881
475
1542
3003
4778
3389
-1
4210
3000
4000
787
695
5678
1077
3139
1821
1183
-1
342
823
4158
-1
4633
3139
5671
2762
28
5402
1827
1703
41
1586
4986
2026
425
1681
4334
2328
1778
1468
1213
1914
1331
2008
526
1686
2196
719
3222
1219
124
3468
-1
2950
425
425
5062
5238
4618
1867
5271
1775
4006
2031
2077
1598
2164
2995
1798
402
3904
3442
3139
3622
359
5687
4877
320
3581
2249
2240
4371
1307
4264
-1
1018
2841
2830
4107
425
5170
716
5576
2383
129
3139
2531
1020
4039
1054
1482
2825
1575
931
2269
4082
2146
645
1323
3808
5087
-1
460
1072
5133
2164
590
1206
1527
2283
3733
3725
4129
1636
630
828
3628
4998
1452
2825
-1
3943
5491
3139
4478
844
5318
5576
2122
2196
923
5107
4181
307
460
5562
4125
4039
4048
3139
1185
4181
4771
4957
1856
5609
3994
4817
391
2285
1528
3485
1086
4356
1800
4878
1073
183
2393
3743
4763
5587
3378
1778
1907
4380
4966
-1
3139
3139
2753
1229
-1
5156
5093
4771
1407
2196
1482
3236
2840
3395
2872
2998
2196
3139
3095
3139
1044
2196
1003
-1
1572
3368
2958
1465
5586
3139
781
2017
-1
132
5491
-1
1636
4960
3943
1636
1465
2196
1429
2619
3847
4630
683
2385
1472
4900
3789
1501
1219
1044
3314
1160
5402
-1
4088
425
3980
4966
2285
4079
4713
3780
5087
5733
823
2431
4999
3914
4787
3139
2164
2196
3797
3098
3192
3676
1647
833
2516
1716
482
4871
1405
3621
2493
5064
2316
4925
4039
482
645
1716
3003
1931
3139
1044
-1
-1
526
4003
4949
-1
2200
2196
3157
-1
1482
-1
834
1429
5402
1119
2731
3139
25
1116
5402
695
5503
4142
662
425
4858
5077
5569
2615
1241
1359
3215
5421
2724
455
2890
4595
-1
1636
3066
1405
2247
2151
3308
3167
3770
-1
1315
-1
1313
3139
-1
425
2165
4226
-1
2333
4569
1795
5650
3057
482
4157
132
4497
2686
2524
630
4067
-1
2825
5426
2122
785
482
3061
1157
2487
4356
-1
3000
2748
4229
743
1429
4332
1601
5547
3711
3136
2196
2412
5402
2227
1978
4435
4945
-1
2196
2196
1624
3139
2095
-1
1506
3770
4489
5103
3315
2900
2200
3139
127
5497
4598
25
-1
1504
5062
4032
5507
2084
4689
4802
1963
57
1787
4471
3139
5093
-1
1681
3139
3139
5271
1405
5216
1044
2828
2243
5133
1772
3139
24
2364
5087
3581
4784
41
3974
5094
5402
2196
4507
1800
3407
5156
2196
446
-1
5387
923
3825
-1
-1
3139
5679
1205
3139
2565
3139
25
-1
2155
683
1044
25
1298
1244
2113
2097
1218
2196
3498
4998
688
4075
195
3638
1514
25
2982
5254
3139
5049
2196
1465
-1
294
5049
2150
2689
-1
3830
5518
5475
2200
5402
5077
2319
444
2345
3139
3837
4969
1230
1703
1816
1405
425
3540
2200
4966
2196
5156
531
1168
3650
1141
1479
5508
-1
5087
-1
1559
3730
494
2762
-1
1206
989
1681
2122
4015
3970
5587
2196
1307
3139
910
5062
778
569
957
1307
-1
214
657
4181
594
3596
1323
1221
5495
3139
3139
2364
1323
823
54
132
3139
5002
1429
688
4188
348
1858
5612
2574
1429
3838
41
2943
5238
4039
3139
-1
5402
4957
1098
2122
2868
5264
1475
324
3676
3378
4067
1929
3970
4103
695
4771
3040
2612
-1
2664
2615
4562
4482
1044
276
1885
3528
-1
-1
5518
3331
227
-1
3139
1046
3843
4016
5248
721
1178
1636
3139
25
985
1269
-1
5413
3139
3139
3865
630
4057
2724
1269
1071
4750
4255
425
369
2519
2269
2456
3317
4074
-1
4039
923
3139
3000
348
1750
3139
3401
873
3638
1183
3878
2196
4473
4694
4200
377
688
261
5232
3140
5085
5227
4428
4541
4015
787
1115
1468
230
2548
-1
5287
67
4689
1452
-1
5402
2825
4107
5616
3139
1414
1298
3066
3904
1780
2901
5625
1429
4064
1012
1086
4712
425
583
482
834
3139
3139
1588
3996
681
4295
4032
2762
2146
5238
1796
1846
5671
5433
2961
378
3800
1472
3139
5062
5419
2741
4200
2345
2762
-1
4558
25
5294
5402
3139
743
3085
3139
2196
923
137
5402
2196
195
5155
2196
2731
1168
230
475
2762
2830
-1
460
1635
1323
2196
1349
1429
2825
482
1498
1465
-1
4992
2285
3887
131
2122
1596
540
25
928
1452
670
2088
1585
4467
127
3139
5587
3497
1465
1323
127
62
2334
4996
3071
1056
4771
1456
2196
2867
18
1184
974
1307
-1
2426
2463
1807
2290
348
4393
5471
2019
2285
16
2455
-1
1415
3066
1014
1598
2200
425
2036
4602
5102
5433
4598
195
5402
1601
3358
3781
-1
5267
1475
1230
4841
4430
-1
674
-1
2196
5128
4720
3139
1288
1888
2285
3628
-1
4614
2338
3056
4082
4735
482
1184
-1
4255
834
5362
3095
1809
1021
5402
482
3397
706
4147
450
1636
2383
3614
1379
1168
1185
4908
3269
3682
5133
548
2615
5587
2314
2189
1407
1168
227
3139
3491
16
5748
5003
3869
-1
1392
4188
947
4039
2845
1503
3512
1650
630
384
-1
-1
4877
3996
2539
1793
4884
2514
3959
541
3709
-1
1820
2762
3046
-1
3139
475
-1
4267
4978
3994
975
4975
5419
2911
910
467
2241
2146
378
1313
4993
1044
5369
1938
3139
5273
4825
551
3676
1583
2148
2285
51
5064
3139
4847
4226
5497
4926
-1
3139
3956
2972
4778
2206
5239
-1
3395
2826
114
4181
4401
4994
1941
4193
1943
5213
5037
4945
-1
5238
1161
1619
1616
5359
2380
1339
3975
4995
4482
154
4402
-1
3954
4920
3904
-1
4188
-1
3682
220
5062
-1
3308
1289
331
-1
-1
3539
4855
-1
5685
1465
823
109
5062
3139
3875
-1
2873
3139
2178
-1
79
425
-1
1007
3879
3401
1808
1706
167
923
649
4396
4777
1307
2402
3676
2426
3115
943
3134
532
5384
5497
4005
5674
3621
2897
1388
4021
5524
5499
1044
482
3467
2084
5700
1101
5486
1479
1025
2196
4788
4327
630
975
1429
3808
5162
1914
3308
1405
580
2762
1313
450
5037
-1
1518
1716
5587
2548
227
590
1546
4300
3066
1510
3996
482
5108
4171
2196
3928
787
3139
1734
1303
2507
2196
323
4382
5049
4436
1230
1116
923
1809
263
177
-1
497
482
3139
2465
2861
-1
1800
2439
2196
456
3997
1300
5062
307
3139
4873
2137
3844
5497
4808
4771
3267
1298
2590
2207
4188
4836
-1
41
4059
3139
3139
3275
1589
2122
5402
395
4373
3711
2649
-1
2383
2562
1445
2615
1482
3160
4039
4890
5571
3954
1458
5028
3553
1601
41
3160
4075
350
3487
2762
1371
2023
1095
2762
2730
3111
4318
3139
500
3139
1122
4929
2196
1468
4663
3676
2462
2082
1904
4763
3357
2971
-1
4548
2189
46
4152
3317
1583
1823
3771
365
2195
1405
127
-1
3322
833
3003
1452
183
588
2146
5663
1699
3422
1564
5616
2624
41
1100
5397
285
288
3326
2196
5402
3003
2196
4005
3991
4763
2196
556
3581
5009
1583
-1
25
1769
1185
367
1824
1475
51
923
3139
25
425
5402
3139
3139
450
937
227
2196
5013
1619
2569
5558
1687
426
1842
1168
3139
3003
3139
1349
787
-1
2410
469
1829
2587
2285
1945
5497
1958
4454
1003
2408
4802
1307
4048
4226
5191
3139
4621
4815
5402
542
910
5174
5550
-1
630
1339
3291
25
3139
923
4438
1759
3815
5385
2196
993
3139
4771
4265
1601
5402
4001
367
1339
1281
1754
5546
823
5146
3378
2565
3879
-1
1814
3696
5384
1796
1405
485
324
4226
1044
1063
303
2944
3071
3308
2934
1206
5402
747
1309
140
1023
1689
1453
4039
3308
4497
2685
5269
3399
3467
5336
-1
-1
1798
556
-1
195
3676
3139
1793
4147
2196
4115
1168
1429
2763
4082
2085
3919
2200
1601
2016
4332
1461
4142
5062
425
3192
4226
-1
1642
2333
482
1335
1171
3428
1878
3338
1468
3965
5043
3139
4771
1429
1636
5082
2731
1452
4158
3139
3062
3139
4478
-1
3160
5323
2826
4949
3656
425
4015
3051
4373
5472
3367
1780
4502
5330
1688
3621
1616
4878
4682
3317
1608
775
4993
1890
482
4782
421
1769
5093
318
5433
3279
1405
3269
4945
5385
4277
2619
4200
4720
2904
306
-1
209
452
3067
2901
963
1116
2285
5595
4652
-1
2619
2243
2772
4082
1215
2326
3144
-1
2762
5576
613
810
957
1429
-1
1313
4226
3139
4162
3838
1168
2462
3641
3976
1404
2790
1288
849
5062
3461
1852
1588
1941
3139
-1
2665
3887
3139
1429
3613
2825
1269
41
1104
785
3046
-1
-1
681
3113
-1
1480
1429
4978
4934
3840
3003
2277
1206
3139
2124
5621
5408
3763
1636
1523
2085
4271
4252
515
2565
3308
3139
3800
3139
1945
482
3347
-1
482
1630
4006
2830
594
5737
2715
1616
1601
-1
3262
1784
175
4295
5052
5566
5155
540
1168
304
4158
4276
3719
3139
5714
1429
785
2901
1453
1601
1583
4437
1947
2384
2206
425
789
2200
2666
923
3139
460
3528
1339
3650
5437
4740
425
3996
2724
600
4878
304
4995
5132
4111
3875
1157
-1
4286
5327
3700
5362
4631
2615
353
2196
4226
-1
3139
1931
4841
5471
1044
2665
5254
482
4373
515
2196
4208
2619
1273
2082
5402
5646
5191
1699
695
2724
3735
1427
482
1751
3155
25
1168
3003
1452
1460
1313
4177
3192
4453
5247
2478
2196
5232
786
5518
5254
2702
1896
-1
395
4406
5671
4000
654
1405
391
2196
5431
4907
3139
5587
3353
4396
2196
1298
3324
-1
4005
3069
5402
443
2440
5191
2196
4654
4158
4966
3294
4978
2326
373
-1
5530
3139
4158
1327
-1
4914
5687
923
785
1371
1722
5356
4888
515
2008
3621
1283
2863
5022
425
25
4289
3349
25
1515
3113
-1
707
1793
3696
1187
3053
142
258
2200
3139
1429
3308
408
5384
2762
3621
2212
3069
4949
3139
51
2122
4213
1297
5424
3676
4801
425
5512
3139
1890
5093
-1
5687
896
4617
3341
4390
4004
3888
1896
5712
1408
4945
1298
5452
3139
3510
979
5382
583
-1
5402
5248
5213
3139
5087
5331
4966
-1
5579
4158
4598
3057
4949
1210
833
5062
1081
5497
-1
4243
5062
937
5402
1285
1429
3629
2286
3847
4332
3888
1405
797
5491
-1
2489
86
2105
3863
3912
5402
4213
3581
632
5402
3139
3507
399
2939
2751
810
2097
2374
1354
5402
1850
3139
5087
4513
4332
4181
1206
1429
4045
53
-1
-1
600
4507
2298
2762
4200
2146
1584
-1
5074
3057
622
1269
5002
3682
3511
3139
-1
3438
3569
1928
4240
3139
425
3835
630
806
2762
4015
2196
4039
2420
1925
2828
5156
1044
288
2749
5413
4945
24
3139
-1
3595
-1
1452
2170
1016
4808
3941
-1
4777
571
425
5402
3924
5583
3592
3317
5105
3579
2594
1695
748
2376
5254
5384
4355
2724
1532
469
3139
3847
2527
3735
2395
751
5433
3039
3367
3944
5285
5616
1681
4086
1131
3621
5402
5510
541
482
193
5731
3139
2746
-1
4226
425
1646
4209
4823
3496
3139
2148
25
-1
2285
2376
3046
3139
5272
1054
1793
4006
-1
1324
3308
149
4332
3139
315
4891
1940
3139
3206
1405
438
1694
425
2462
1297
2895
-1
3139
5587
1493
-1
755
1044
2345
3591
5062
2554
3974
3139
5239
1257
1729
1044
2196
3875
1829
622
600
1298
3139
1493
3139
5419
2390
1914
5597
3382
2160
937
1298
1429
1054
1681
2200
2156
1493
425
3244
2517
4226
2285
2474
4334
5402
1598
59
4358
5130
5402
3766
5062
2825
1300
800
3139
5323
1091
1153
5062
92
1163
2196
1230
2113
1888
25
3820
4311
1909
5328
3139
2414
3630
2320
5362
3608
-1
3676
3296
3621
3331
3672
-1
5471
4371
5744
3887
3932
2196
3616
4197
-1
1601
1283
4260
688
1785
3139
2703
2200
425
5062
2958
215
4896
4567
2770
132
4276
5230
2762
645
5402
1230
1429
3622
3139
5182
147
2196
4747
-1
4153
-1
-1
747
1583
1197
5737
4998
72
16
5160
1777
1850
5213
1210
2082
95
526
-1
2196
5402
5737
5465
3781
5262
3139
1945
1211
-1
-1
5062
4196
2200
3723
1681
1793
1206
2588
1616
3139
1727
-1
3623
743
1475
5062
2325
4439
3139
688
1081
562
4497
763
773
53
2200
2146
3139
1323
2762
425
4890
1327
-1
1300
3317
853
2285
3139
4131
77
5671
25
4720
5313
4110
1482
25
1297
2524
475
2196
2164
3856
3139
3139
4009
1699
2189
443
5205
5271
5450
1650
3139
4602
2768
3136
-1
1452
1429
4772
5062
2724
688
-1
585
3980
258
1616
4945
5148
2142
1429
1172
1625
314
5475
3308
2189
3696
5426
1699
5714
3641
3703
3708
1667
5287
-1
3838
987
4014
36
3139
5441
1429
275
5062
4244
425
1635
5085
2196
1588
-1
4078
2722
1583
4316
2016
2374
842
583
4270
4531
138
2189
4492
622
4541
2153
-1
3247
1377
110
2390
3338
504
1616
2196
2285
77
5402
1699
571
2317
5402
-1
3720
4629
5500
4695
2585
2285
3966
2269
5049
4237
2794
258
1427
5062
5725
1961
4914
3139
864
2146
4668
4155
5475
5021
4045
-1
117
5402
2284
4825
5733
508
-1
4348
3218
-1
4506
3841
785
1588
1493
1636
1511
4042
5178
2798
305
195
1003
-1
5409
2016
3641
2724
4380
4784
1240
5616
425
1480
285
4802
993
4099
3676
2196
2195
2762
4403
5587
1769
4768
4396
3139
3875
1630
1551
3363
743
2390
-1
3139
2153
1601
227
2051
1523
4225
5387
230
823
4190
1298
2524
5402
1044
666
5530
2958
475
3621
5183
717
3037
3623
160
5098
5699
1184
1681
822
2602
4188
3641
1606
-1
2269
-1
1945
5587
4517
4188
394
4993
5338
-1
1800
671
-1
3770
1793
5065
1468
5402
456
4123
1452
4669
276
961
2465
755
4482
2891
1263
3996
425
2196
3711
5744
2492
760
3069
482
521
3856
2762
3449
1452
515
526
285
2435
3976
5021
-1
4877
1479
2615
5165
-1
722
2619
369
1313
2882
3850
-1
4847
2196
-1
1119
791
1362
5549
-1
1347
5475
3139
4998
4763
303
-1
3283
4792
4226
4315
2382
2285
1374
3499
5062
2196
2750
268
2879
1931
2813
5240
1902
3770
695
1467
4966
2982
2721
1583
4039
275
50
425
3139
1226
25
2043
3838
1231
1583
4544
5402
2762
53
3676
2285
639
3405
5591
2295
1909
2196
2174
4126
2867
41
2122
5011
5110
5587
-1
5387
1054
540
349
3526
5096
3284
4890
1307
304
-1
450
2231
4074
1429
5633
-1
304
-1
4226
623
3139
2196
5497
425
3660
482
482
3018
2692
1298
482
3676
2813
1178
1699
-1
4616
4226
5402
787
1339
1917
1234
1155
475
2326
1434
2958
2724
3537
425
3139
5402
82
3136
909
236
4733
1307
4226
1298
1777
2196
5034
169
1313
3139
2196
-1
4240
-1
5187
1183
5264
5402
823
5414
1546
3738
3139
1867
3900
4380
4122
1244
2092
-1
2882
5733
2196
25
482
5183
1095
2084
2196
2111
916
3110
3139
1300
425
5271
1116
4142
1829
2832
425
3139
3805
998
4580
25
3139
4993
5695
1184
2182
2285
1800
2285
1636
-1
2505
4298
425
2196
4000
2998
-1
1654
4371
524
1307
4720
41
3528
556
630
5512
3139
1185
4945
5688
2283
2066
5058
-1
1288
2911
2146
4647
1969
5333
1482
1462
5471
2225
-1
3240
4998
3139
630
-1
5036
4529
2164
957
4226
553
234
2954
1465
5387
4975
5030
5587
4226
5402
425
2619
4061
3387
1465
1821
5142
1314
-1
1309
4884
1251
4598
1601
4408
2113
3139
-1
787
4949
2788
53
2762
2200
5671
2505
2124
3726
1793
2196
3270
3916
-1
4373
3139
2055
1914
5172
5036
425
1307
1079
4869
125
3136
25
1480
244
2705
4021
5694
3139
3771
2619
2998
5408
611
-1
425
1323
2173
2196
4177
716
3226
450
519
16
3113
5743
1814
1482
1755
2326
3222
2682
5028
2196
5402
4978
25
3917
5362
3139
304
719
1210
3072
2754
719
3760
1777
4945
5714
-1
26
2066
-1
3369
4356
2285
3308
-1
1925
-1
3959
5574
2196
4200
4772
3622
-1
5574
2615
850
425
4534
1504
3317
2193
4028
4598
378
4453
2122
4986
3484
2153
1429
3139
2390
2956
4338
4654
5155
3226
5507
1740
4998
195
1805
4890
3621
-1
2781
2122
1452
4226
494
25
590
2795
5665
4356
746
391
5313
4404
3209
3139
2697
1072
4188
324
2057
1731
3563
482
1601
3139
4110
2066
4713
5576
1307
4107
2200
2160
2196
4332
2606
5036
4287
4494
2588
1157
4458
540
4718
2196
-1
3949
-1
3994
3308
1465
5362
4475
3139
5132
1638
2285
3139
156
2435
2196
3139
3177
4181
2830
-1
-1
1405
3003
3869
2420
5077
4720
4751
4142
2911
565
1429
3507
4564
4763
5271
1269
2461
884
2146
5086
5731
4287
2196
4004
2516
5402
1429
2383
4880
221
4534
2154
3139
4188
2801
-1
482
4142
127
162
275
1327
2396
3847
-1
982
5086
4788
4570
4920
211
5402
1776
-1
2524
280
5203
3577
3000
4720
-1
3242
482
3672
2195
4030
4576
3139
3989
2689
1465
-1
3003
5545
1429
432
147
4493
3308
4758
3124
3581
923
3768
2331
3637
687
1307
181
147
1897
533
3822
-1
114
227
2821
1831
2948
5566
1465
3456
3320
127
5304
3638
1945
5133
4497
-1
4891
802
3139
5049
2968
3676
2196
451
2588
1632
5062
1230
1675
-1
5246
1297
4564
16
4919
425
4408
2338
3121
2426
3003
-1
3330
5402
-1
2689
1307
4438
4438
25
3151
1298
2441
1315
66
785
2460
482
2213
3139
3739
5232
1307
3707
195
1352
3761
3139
1183
3904
2196
1117
5062
25
3989
4005
611
2825
453
2196
5566
3255
1193
5414
1611
3697
3726
1255
4471
2017
5385
2895
2200
482
4491
1254
185
1122
4581
3676
185
206
4718
3869
2200
1284
2383
4718
2668
1040
650
4923
5384
2396
4195
4658
2196
1681
1016
3308
5174
252
5064
2196
2339
4484
255
-1
2396
5402
5094
3199
425
3997
1298
957
1427
1720
482
5096
25
107
2548
3380
764
-1
1168
2811
1073
2285
25
1613
2146
2708
-1
1800
3875
4611
5062
4801
2005
590
-1
3800
541
-1
5049
890
4384
4718
425
5142
4053
3682
1178
3139
4471
4270
4129
485
5362
3240
630
1381
2830
25
482
3943
937
4080
3838
1438
4771
3139
2462
1095
5062
197
975
1465
2156
3577
1482
2993
4287
3410
4807
2963
425
2591
1405
3756
2160
3139
4718
4975
265
425
3139
4397
1796
195
5664
2122
2164
1945
3139
785
690
51
3140
5047
2749
1339
2524
475
2820
811
473
1570
3059
5402
25
1253
1533
195
593
630
425
2731
1286
1095
2255
3891
1407
4965
2200
1506
5520
5378
3182
3072
500
227
-1
1185
4975
2122
1551
3750
3139
2122
4966
5002
2762
4856
3215
2993
3046
10
4482
2762
3378
1933
1576
2615
3139
4775
2297
538
5587
425
2382
3456
3139
2916
422
5085
1936
2285
2463
3721
2285
3000
482
5558
1902
5744
-1
5426
4226
1888
5087
425
5402
3924
2228
41
2835
5595
3139
2826
3274
5187
923
3625
5419
1480
4792
4643
4142
3139
639
4555
1650
4815
3139
2533
5062
2196
3139
1480
1298
177
3802
5104
1692
3139
3139
2189
2408
-1
5062
2146
2939
25
3543
2283
4371
3862
5742
3139
4681
3139
5499
5171
5345
4032
4999
-1
4611
62
2603
3869
4561
3789
3072
963
4654
3139
4944
-1
4984
1160
521
1636
4004
3869
4092
644
5508
2998
3333
3672
3724
833
1452
2196
695
25
5408
53
2762
3139
3467
3732
1756
1405
5497
4966
1618
1354
3139
4332
785
583
4792
1016
3139
-1
-1
-1
5326
3323
3656
4798
5402
4788
2948
3438
4438
1405
3624
593
5087
4497
3730
3139
3139
3839
3003
4771
3276
1230
2754
54
5035
1318
1210
4188
3139
1793
1673
834
867
4763
2196
1313
2196
5733
4966
3215
716
2151
3139
2320
57
4983
1800
3308
5609
1480
5384
985
3139
3210
4287
25
5699
25
323
25
3008
-1
1909
3938
3139
4189
3139
1949
1429
2588
3963
152
3139
2682
4008
5292
2145
1757
1595
1811
4975
5239
2085
1475
4890
3634
5191
3308
630
3751
3506
4020
2939
4865
34
2196
5719
1429
25
-1
4181
4142
548
1429
1610
2071
5062
4945
2825
5121
2200
1601
399
3139
1577
-1
4945
2930
4998
1722
3139
3139
5050
4748
-1
680
425
1238
4148
1083
1632
797
1504
42
1619
3308
1130
4753
4039
823
1598
1152
2501
3875
5490
3838
5695
3139
539
-1
4181
267
2396
4966
3973
632
3621
2467
4287
4039
3139
4213
5123
1259
2962
4196
482
4508
1307
268
1429
1780
3003
3979
1044
-1
1095
2333
5709
5587
4497
1093
482
1636
4763
1012
3139
5062
4802
-1
3532
1433
5062
1313
4872
470
2196
2196
3400
5576
1019
1196
3487
4332
5402
5187
142
4966
2836
5062
1853
3139
2515
5133
835
1640
2084
2196
2706
2007
2505
566
3139
3139
1117
-1
25
1429
5472
4385
4309
-1
5471
1405
-1
2146
177
4209
3139
1759
2724
4188
5085
5362
4007
3692
1335
-1
5695
3450
630
1313
560
4240
1465
1354
3582
1429
54
425
2818
3071
4176
594
2746
1583
5487
195
1178
2164
1416
3015
4373
3651
615
540
91
2780
3139
4786
1588
4000
25
3112
2135
220
3177
2404
4332
852
3768
5714
-1
2285
5107
3439
1416
2196
5062
1781
425
1240
-1
5231
1757
1513
4045
3139
5554
3485
594
4113
2243
5521
1222
425
142
3800
1750
1462
5362
1307
3676
3664
1831
3258
5271
630
1307
307
1568
3772
2196
3139
5049
-1
2196
3676
256
3676
1116
3114
1315
2911
4764
4013
5477
1016
25
3139
5178
1902
4792
1821
590
4669
3676
3470
2462
5477
1354
1661
2825
951
5133
1405
1824
4564
2122
5003
1722
4689
1327
957
4038
1114
1291
1118
-1
1893
4610
3621
4276
1068
878
4082
4096
1814
3980
595
5548
99
1586
3881
598
642
2200
3449
4039
1900
2192
5712
-1
550
1468
-1
2261
2882
3753
3139
4718
3849
1016
1601
5385
400
3777
357
2645
2189
5402
5675
3403
4499
1238
486
3139
3838
5362
4222
1344
1313
275
5172
2195
4421
3252
1384
3439
1843
25
2040
134
5456
4200
547
-1
4226
2390
4188
1273
5402
5511
3139
762
5638
3669
2285
1829
2850
1016
4825
2196
-1
2245
4185
4991
25
5671
5557
3668
-1
1699
1601
1601
2059
5049
2490
-1
4891
3003
4373
1016
3931
3003
5062
1269
2195
3093
4280
1210
4188
3139
-1
1429
3196
4039
4410
2645
1958
3480
5021
810
1468
2285
3139
5133
16
2919
1416
713
1809
2274
1264
2462
246
2390
3947
3989
738
-1
4945
687
540
1625
586
5155
3342
2662
3139
482
3996
1168
25
5287
4705
2463
2830
227
3349
-1
425
4752
3139
2285
2196
1709
4393
3139
3847
2122
4890
1798
3570
5518
1183
3003
4689
395
5488
1016
5362
5140
2189
1413
2762
1016
1465
1323
3427
3733
3943
3433
3139
1750
5574
3069
4685
3959
521
5183
1815
3139
586
4059
3139
4890
5117
2543
539
425
4920
2196
1019
3062
5218
2200
4700
936
3396
993
1085
1945
27
427
3561
3317
2965
3215
1429
5062
1800
-1
3139
-1
548
3098
4100
4713
5426
5611
3139
3696
3135
1166
3139
5714
25
4373
3864
923
2762
4181
4739
5502
5729
1427
5402
1498
5646
2704
526
5271
2189
3954
2635
5402
2825
5028
970
5132
-1
255
4799
5186
2895
1288
2378
722
541
5362
1452
630
2048
910
1298
5472
4060
5402
898
3813
5028
4890
526
3139
5362
5497
5190
5746
1716
696
1126
5049
5120
2876
5587
4255
-1
3225
1656
2195
967
2259
2091
1307
4348
4406
2200
2164
1339
5364
3350
4929
947
4225
4004
353
18
3931
4418
4082
2825
1095
3491
4620
5271
3308
3382
1297
2196
1341
3989
1475
2356
5155
4497
3622
-1
4295
804
411
-1
5200
4993
2750
3817
3317
2717
1588
2164
1178
5563
5122
2569
25
3358
4257
3585
1210
4336
1298
1452
1171
3197
4777
4158
1269
79
425
3139
1709
1326
1520
114
3139
2122
4226
5424
2285
3139
3387
3623
5239
1634
1138
4521
1178
3461
1782
1452
1583
1307
3954
1298
2084
1095
2762
-1
4763
2615
4900
2326
2200
2066
3139
1221
1520
3996
3139
2285
3999
2285
1359
4945
126
927
1692
3343
2083
1307
2435
884
1044
4032
3195
1996
3420
4865
4188
935
-1
4884
3137
425
5746
1482
284
1429
4966
4048
1677
2211
1722
2735
1945
2864
1872
3139
4136
5673
2716
494
41
-1
1781
5062
650
3491
3588
5402
5518
1429
-1
4621
2615
1178
2863
425
1361
5254
737
5402
1588
4975
4890
4966
882
3862
5002
1101
2908
4629
1271
5133
1988
4876
195
1298
-1
-1
1475
425
2077
1389
1909
3569
1444
-1
3139
3015
2285
2396
3833
1616
834
4680
5280
2880
3581
4340
1429
4802
881
1283
2160
2153
4878
1601
4039
3976
3139
1184
71
4327
1185
1044
-1
827
5049
-1
-1
2184
1692
54
4039
883
3711
2710
377
4158
-1
987
3485
1271
304
1976
881
2196
2189
474
4784
4513
25
127
195
4185
3057
5235
4763
360
1213
2196
3139
4482
485
1044
3621
1254
3354
5221
-1
1757
4147
3820
3015
5385
1865
1168
930
1793
52
5502
5402
223
2196
-1
5062
511
5271
688
1885
879
2189
4693
1452
4959
3672
3323
1809
1112
1616
3071
4253
2113
2762
1853
33
3382
5699
438
4966
1482
4792
220
3217
876
4078
2531
3139
4815
588
1493
425
2911
3873
4291
630
4825
5287
2200
1721
3192
400
3308
-1
4287
3800
1867
4993
407
3139
5625
1307
2524
2455
-1
923
2285
3479
4226
1777
1830
1836
195
1652
3003
5499
195
1003
665
-1
3040
785
138
5254
2196
3044
425
3595
425
5018
1115
4802
2200
2195
5616
275
547
1776
3139
3035
2266
4886
-1
2619
1465
2193
3139
4144
720
1722
3139
4771
3323
1869
1327
443
4142
1601
127
515
3163
4371
4331
960
1405
3139
3287
5402
482
425
3676
5742
2615
2154
3283
-1
3621
951
25
2421
1429
5614
2830
3946
5313
2864
4756
1411
2814
4469
5207
2482
1429
5062
3139
3605
1095
746
1466
504
425
4744
2196
4385
2697
425
1676
3139
-1
588
1313
1297
-1
2703
4903
1299
1115
3478
1185
4763
4265
3107
5402
4945
1692
275
9
1339
3826
2196
5587
5475
1619
3139
3088
2245
1429
654
-1
4332
4482
1071
3039
5062
4156
2396
-1
15
2196
4742
886
2257
297
2697
1178
1313
3308
2857
1493
5691
3139
3363
4371
2716
227
2285
1313
400
482
5068
1403
-1
3330
540
2196
-1
425
1045
1167
425
1937
3954
3480
425
3139
3139
1692
348
3003
5587
3136
2240
3800
25
3139
374
2841
2253
2338
1658
3139
5466
2224
3380
4890
5402
3139
1699
2893
882
3182
3752
3139
1249
3139
3139
5119
835
3139
3950
5340
5497
5073
3401
2300
5176
2196
-1
-1
1410
2615
482
5087
2502
5402
138
1838
653
1270
1681
3139
3485
4158
3015
931
3139
2243
2475
4771
4039
177
1809
4385
1570
2619
1429
3051
7
3139
2619
2882
3139
-1
1236
3675
425
320
4371
2891
346
1351
3139
3062
3480
4226
5000
784
-1
5062
3071
2057
25
275
4772
4332
1909
1269
746
951
2196
-1
1775
5418
5743
1468
4000
304
1187
1512
2762
2196
3139
3754
16
3495
5671
1579
5235
2165
2567
2762
1471
4335
5566
2999
883
3139
3528
2630
719
4833
1112
-1
1300
1623
2285
4998
3136
810
2016
2652
5358
1932
2762
-1
1891
833
2391
4466
2551
-1
590
3139
3325
2376
4016
2285
885
4287
1493
1931
5402
4720
1285
5731
5598
-1
1019
2365
1297
1504
4966
-1
291
482
5700
2273
2314
5147
3308
25
835
468
2168
2193
2435
1608
25
2585
2285
2494
1433
785
695
5433
4195
538
2799
4998
25
5576
3848
5293
957
4771
-1
4718
971
425
-1
5002
2074
726
5419
1303
-1
3089
3830
2838
1668
2719
3139
425
425
3139
1016
4254
5466
3139
2450
3688
1546
1269
425
4945
3656
4584
5000
3260
3396
1327
638
425
482
242
3139
3392
1583
4039
2812
4097
4570
540
993
350
3898
2578
5200
2671
934
-1
110
5681
4539
5253
5402
4727
3438
5145
400
1172
4564
147
1178
268
2240
3790
5049
5706
3062
1630
5419
5049
4057
5402
3139
1269
702
2196
3160
2429
770
4802
227
4771
1583
-1
4298
-1
2082
4771
4211
4574
4158
1405
4609
3139
425
-1
981
5547
25
4629
1083
617
3136
2838
2405
3437
5183
612
2825
-1
1583
2135
3822
2574
1016
2376
2200
5336
4425
2285
1116
1757
4070
787
2813
3621
1981
4378
4944
3289
4931
3580
-1
1524
5062
1468
1074
1185
5362
4945
2104
3815
482
4890
5671
474
3139
-1
3139
3003
195
2835
2383
4287
722
4841
-1
2306
5146
2948
1809
-1
4900
222
3011
3788
5706
258
4486
2615
2067
2196
3144
5155
1803
1339
536
3499
3682
3833
5587
5471
1012
5402
5402
5472
3363
1939
3378
1119
2851
3139
2269
5508
4852
3192
5022
3139
-1
1185
2718
3348
2078
4032
1016
304
3643
5419
1079
5333
2196
4015
2630
1879
3330
3139
2830
4222
116
3696
5352
3592
1872
1681
425
4039
2748
2476
1661
1601
2724
1496
2619
3139
1636
5642
3015
606
2333
4718
3139
2825
890
448
2762
-1
1452
2872
3735
1452
5395
2200
5405
3924
3054
1405
2463
2615
4836
1076
1044
4280
3983
739
297
2251
25
542
2196
147
92
1044
4513
2691
5326
25
4049
1151
4396
1452
4771
964
2326
5428
3139
1245
1157
1504
5236
1429
1003
2196
1922
4494
1601
1504
5028
5062
4884
4647
498
4966
2196
4393
1116
4890
4334
5402
1215
-1
647
4998
3497
1101
4865
5648
10
227
1821
2167
-1
1083
196
5384
5746
833
2200
5259
597
3479
5310
25
1759
2769
2633
4945
5712
5695
5122
4993
3813
5049
2196
1452
4672
4966
4497
5122
3139
3139
1661
151
1101
2285
2390
425
5426
482
1777
5269
195
1269
2863
3139
4059
2160
4825
1699
2665
5062
2376
2681
2211
4647
482
2390
2333
4188
338
177
5552
5016
425
4588
2879
275
1320
5467
5431
1468
2196
1283
127
2196
1347
787
4497
2427
2643
1436
185
3139
5466
-1
4238
2998
660
4431
2117
2285
2243
425
5085
3736
4772
3139
5288
4691
2200
345
3544
4844
1601
5730
3139
-1
1313
2681
5304
4226
2548
425
5087
4073
4471
25
1073
3800
3139
1095
3139
3489
5587
540
5028
5714
1112
1297
4777
1214
5732
4665
504
1172
2285
1269
-1
5576
5000
4966
3820
275
4852
25
4555
456
3161
932
846
1155
411
1588
3412
3726
2102
4158
1005
4813
-1
1861
5408
2832
4238
2191
147
2190
1215
3139
2008
2301
1668
1313
425
25
2113
2311
5453
2093
258
3054
2473
3139
1468
5062
2196
4039
395
3256
1036
5402
3139
4039
1219
4274
2685
4832
2585
-1
3048
-1
1349
1394
1304
36
3284
5405
-1
288
2196
425
3150
1959
1686
-1
2724
-1
2989
425
-1
1160
1307
630
5051
4763
3139
-1
5587
1016
5402
3682
1298
128
5697
3968
1664
198
3308
5433
5160
2371
2333
4507
4890
1116
3615
5402
291
4820
3600
4497
5508
3875
5133
3139
1598
5313
1307
5031
-1
1095
-1
25
1003
3943
5491
1307
2285
2196
2285
3595
3676
792
1913
3003
-1
1945
1300
-1
3043
2840
4226
5671
4513
3139
1495
-1
293
5706
-1
425
1185
3521
1210
2998
1036
2665
427
2350
4286
1717
4754
4763
2113
25
3462
590
3095
275
-1
-1
12
2285
3008
2724
2789
3308
2196
5547
4400
2016
853
2285
5410
2189
325
600
25
4768
1075
1153
2193
5616
-1
4838
4078
1617
2196
5413
630
2746
-1
2652
2269
3484
3616
-1
4943
1832
5049
4371
4890
4890
-1
214
1405
103
-1
3308
5235
3833
4931
2724
3139
5170
4945
1168
3798
482
1722
223
3139
3776
526
3621
2164
53
2712
3282
5535
-1
220
1152
1083
3396
-1
785
1215
465
2024
-1
40
3308
227
4974
2813
4890
5491
4890
249
-1
1328
3210
5062
3139
4117
3139
209
4167
237
482
3954
1181
5587
4912
1183
2837
3672
1230
1598
2196
4385
1044
5528
5254
-1
1482
1298
2093
22
1194
2691
2830
823
3894
258
3139
4294
4693
3621
3640
1776
-1
3139
2619
2829
2196
2501
622
3160
5744
-1
3046
3139
1452
2169
4802
-1
2285
425
425
2196
194
2185
5611
281
1608
4226
425
303
3269
5030
2364
-1
5271
-1
3676
2042
628
66
2185
1152
5642
2285
4598
1998
4713
4720
938
3943
-1
2285
1307
3779
-1
1730
1690
402
2630
2016
2196
5714
5049
5587
4224
957
1727
482
5049
2189
1546
1616
3306
4730
1327
-1
3822
5238
346
2154
3139
2591
2390
4158
3591
1270
4341
1528
5496
4438
923
5343
3949
2364
1988
1583
2350
1588
4185
4998
3945
3308
1407
2762
2285
3427
1230
1095
4039
4853
147
4489
4072
2470
2196
4324
4494
57
957
1194
4039
1967
4009
425
2545
1583
2196
3549
2149
2762
425
5603
1476
1928
688
3738
5049
-1
-1
1544
2393
1210
787
1902
1573
5254
823
834
3000
4104
4181
5322
4720
611
2832
1661
2882
5222
1206
630
5385
5587
787
4181
2328
1833
1749
4485
3663
3139
4226
3458
3054
1119
5068
1465
5062
2830
2779
3838
695
2320
2196
4154
4949
1405
1468
-1
1671
1269
2731
2724
967
4293
482
1378
2965
1429
2881
1082
628
5747
2869
-1
787
5239
3139
5714
2863
301
3066
5156
3308
5313
25
444
3796
611
276
1601
5003
2285
2665
1699
2637
3485
4311
3980
5247
1057
4008
1681
1379
2532
2292
1315
1427
484
2491
1307
275
1623
177
1699
2196
3139
3659
2196
2196
-1
4181
1185
1042
3139
1313
3139
1475
3840
3139
4884
1480
4890
2998
425
5608
25
4689
1036
25
2332
4238
686
275
5362
1790
2243
1650
3139
5049
1699
2285
3139
4039
3004
5236
5702
-1
3245
3623
4998
586
1073
3139
180
3622
1945
-1
5050
540
4287
2084
2994
1583
1210
1588
5655
385
2440
5695
1429
4478
1583
199
1861
1570
5370
594
1405
3072
1339
1468
5195
2689
3139
1699
1315
1528
3139
1300
1427
883
2195
1315
2146
5062
3139
1044
3046
4945
4615
5398
5385
5061
2630
-1
5107
3139
3039
3949
1313
-1
3980
993
1505
5172
2021
5022
4535
1818
25
1640
5507
258
2420
25
-1
4792
5587
4944
491
1307
5385
3592
25
2697
3139
778
147
1451
1044
339
3308
-1
323
2153
3113
414
4654
3286
5491
-1
5508
3242
5402
1463
5587
5293
3139
4982
2366
3136
4787
2731
4015
3139
2809
2762
2619
2830
2892
3965
5000
807
4437
425
2390
3097
2019
348
3985
4334
3711
1185
293
5433
3621
1429
4415
5543
2285
934
1361
5512
2002
4993
1185
5576
1664
3621
787
2267
3613
4939
4802
428
2435
528
4158
1339
4828
304
2364
5403
5332
639
2200
739
5062
4039
-1
2762
1705
2285
3044
425
1814
810
1058
4079
421
2813
3711
1095
3308
4884
583
3139
3875
5062
2876
1095
4255
-1
2285
4438
758
2089
1465
25
3139
1215
3139
5019
16
2055
1405
3192
540
2233
3214
3139
2376
1012
3480
2269
3139
1653
4884
3017
348
1298
2762
3308
4655
-1
4945
4226
3841
-1
1887
5402
1298
1616
51
2033
2526
1405
2503
2196
2865
1661
25
2828
-1
391
-1
4497
2499
4226
3732
1653
524
5651
1429
5671
4311
590
1008
5280
5323
-1
-1
2934
4149
4478
3847
482
3427
102
5566
3069
288
540
1879
5558
5249
1294
5402
-1
1619
2882
2195
1480
844
2594
5587
1095
1896
4039
1493
645
485
4142
1294
2196
4497
25
5069
2023
3139
2217
2127
-1
4497
893
1722
5062
2285
3139
-1
3139
1300
1003
547
4226
144
5062
4287
3139
25
3323
-1
-1
2565
4720
1405
24
1419
1016
5155
-1
2462
51
25
421
2315
2809
182
4865
-1
817
428
1493
482
1101
5142
2196
3308
190
2903
4945
3974
3139
195
5235
1095
2882
-1
425
2884
5497
1350
2948
3528
1523
1019
746
-1
3395
2934
5612
5013
5473
5737
586
1002
1452
3970
251
4776
3513
156
1699
3227
-1
276
469
4529
2383
3139
5576
5402
5460
4274
2703
4226
1307
5515
4103
2743
5324
3139
2666
2449
467
4373
5085
-1
-1
367
2245
4468
298
3139
5028
5599
413
4969
2654
1185
1332
2304
1273
3768
3470
675
2196
1709
923
4332
2374
195
99
5446
3139
5648
295
5062
2660
3139
-1
224
2744
-1
1760
4443
4836
3628
2762
-1
3278
993
654
3789
12
372
1318
5192
2830
1601
865
5024
1157
5402
2629
2630
2825
2122
1759
875
425
2200
1699
5085
3392
2122
1277
4004
4110
4711
101
1583
4080
4238
4344
3139
2911
5062
4365
2476
1046
5402
3432
127
3180
4188
5402
3495
4884
3139
5671
3232
3349
3621
2619
-1
642
3139
5580
1044
-1
2461
3139
5402
1271
1493
254
5587
1497
4147
5639
3485
524
425
3139
5264
5657
-1
4006
2609
1095
4204
515
1044
3580
227
2196
2196
5336
-1
2269
4431
5671
5338
3702
1384
-1
2183
1307
3308
2196
-1
3139
763
2958
4890
4513
482
3887
1044
3240
4158
2840
1079
2541
2422
2596
3139
5297
666
5671
4693
1452
4517
4543
123
4039
2200
3308
5576
1380
4875
5384
689
3584
3139
5038
-1
766
2390
1313
4764
1168
5505
-1
1019
2211
5288
5115
2958
3139
5334
2385
3733
3241
3139
1405
5475
3833
4348
623
25
3623
425
1475
5362
1352
524
425
540
3613
5557
853
5129
1168
1095
4945
5238
-1
2122
229
2989
3308
5022
2317
298
2813
2285
2243
3139
5533
3869
2113
709
2882
2097
2196
3682
2122
432
5183
3554
3165
2153
304
1601
2005
3139
5062
5471
889
3760
2724
4371
2994
4047
1044
1157
1811
258
227
1019
5525
2248
194
5122
3367
2243
2200
1630
1056
2978
25
2016
4084
2406
4871
1244
3676
3733
-1
4884
3139
5002
5077
54
4693
4238
5031
4064
259
5587
2470
323
3576
1731
4890
1405
4771
262
3719
1898
-1
3046
3802
890
4648
1166
4990
923
195
775
3139
3916
999
1757
5318
744
3139
630
881
5239
1909
2122
1354
1206
1184
688
1311
3139
5402
2326
4860
16
5402
261
-1
1429
24
5731
1178
4884
-1
53
899
5706
514
3702
3761
1307
2882
314
3139
2175
2196
1307
1759
1482
5402
4222
3875
3240
3595
3137
5384
4906
-1
425
3989
834
4154
5062
4931
5475
2911
4602
1608
4385
2189
5687
3931
1313
5062
1185
3139
1670
1480
1601
1131
-1
4295
2349
-1
16
485
3924
2882
2135
3696
2164
5099
922
4369
-1
4118
3214
4836
-1
4266
2350
1206
5405
1601
937
4004
3718
285
5271
2227
482
687
3139
41
4966
823
3833
323
4713
2676
2383
4623
2167
4181
688
2838
4890
3139
2803
3139
4771
3096
-1
785
1680
967
2285
1149
1116
3528
5587
1640
5438
583
4829
4082
1185
1681
3139
540
2390
3426
4317
5690
5693
632
4158
243
3139
3363
5653
1269
2085
2333
1123
3875
-1
1900
4853
425
635
872
3098
3366
127
5729
425
4969
1429
1195
834
5122
1298
-1
5183
4226
-1
1699
5087
1054
2697
5694
4004
4226
1307
4491
835
2779
1172
4890
5266
3641
4484
3991
283
1160
2515
2685
5558
630
425
-1
3467
4760
3139
465
1470
3613
785
1823
5210
62
400
293
1036
2196
2989
475
4772
5695
2196
25
391
3621
3638
4546
4718
3285
3139
1864
-1
5028
4111
4890
1757
1588
5159
5507
3573
2240
2698
3412
3682
5022
3518
241
1044
894
5402
4884
1315
425
3139
3866
1096
2200
5402
1300
1307
1294
5028
-1
4000
2196
541
5671
4158
3789
1702
4957
4090
3745
4802
5739
1931
3682
2200
3748
425
5062
1452
1707
683
713
3249
-1
2196
485
563
3139
3705
5712
1011
5713
1601
1478
2285
1313
425
5049
2196
5198
2502
2200
3293
850
2999
1493
4787
5576
5062
2762
-1
3868
52
3761
425
3924
2360
4494
3139
3800
1405
3162
1482
2196
3040
2364
630
-1
3139
2196
3719
452
5195
-1
2164
5061
2197
475
3710
2615
482
4339
594
5402
1842
4888
975
2911
3046
3610
2390
3139
2122
5566
852
4295
4652
1727
2497
3833
5402
4004
