4804
334
25
5684
4615
5684
3466
2333
5683
3224
5110
1323
2226
4373
540
2615
5333
5362
4373
2530
241
3676
1719
5587
283
4328
2755
4511
2267
1496
2196
4373
716
92
1588
5235
3396
2838
4373
3086
3327
4397
716
4373
628
4373
4373
4511
5570
4373
2364
3315
3946
4373
3328
3315
3327
1429
4373
3711
2167
3552
425
1095
3139
4373
4373
4373
4900
5048
3870
1919
2122
5031
5433
3251
4373
5467
2762
5499
3139
2762
4373
4373
82
4039
3136
2762
716
5683
5241
400
2762
4373
576
4373
5349
425
5644
3136
2872
716
400
16
1300
4373
5526
-1
4900
4373
3598
2632
4373
1902
5133
2189
1842
740
2195
3308
3887
5402
4373
912
2751
3651
16
1800
2158
2762
4373
925
373
5576
1919
-1
5049
2632
4373
3139
1313
3139
3955
4373
3139
1119
4332
4373
4373
4373
5402
838
4221
4899
2383
1010
2154
4373
-1
1408
1778
1119
3769
464
2872
945
5062
2196
195
862
2632
4484
4373
1673
1650
1504
5587
3799
3487
5402
3308
2196
4369
3139
2308
2062
1781
379
657
4373
-1
3309
425
1699
4673
5518
62
3139
3647
3730
3240
5402
5343
2828
3308
1460
2243
3139
2374
4617
1429
4251
3139
2748
3499
1479
3676
3308
5402
5402
746
3489
4966
2872
1313
3136
62
5135
2308
4373
4373
5402
5402
4373
2762
5402
3139
4226
2226
3418
4373
425
5030
-1
242
4337
4471
4373
2200
1313
2196
2762
2017
4929
3923
1334
1230
3139
4373
482
1908
3271
695
4444
4444
431
2762
4901
695
195
379
1546
1374
873
4373
3257
2285
5465
2632
2200
3988
-1
2200
2196
2190
1639
4652
-1
2435
3136
18
1307
3139
695
425
62
4204
4373
2356
2828
1313
4373
4327
3410
1429
4028
5269
3676
835
485
912
379
5412
1152
5362
4406
3923
227
5633
3422
1307
3462
1374
5414
4373
365
3799
716
4373
5402
4250
3755
4445
1374
267
3843
1713
4082
5402
5432
1939
425
1019
2285
5683
16
2974
2872
3136
2196
5139
4226
2813
1215
5322
1384
3136
4373
4226
2188
1591
5139
1374
3033
4250
5115
4373
5402
3308
425
4373
3395
-1
2196
379
3308
4373
-1
2786
1427
1902
3136
1636
4373
4707
594
4084
4915
1033
3675
1650
3084
5683
5595
-1
3139
2196
3139
227
350
304
4373
716
425
430
2793
4373
1610
4617
3308
2845
1019
630
425
4415
2934
-1
2632
4373
2196
1681
2656
2632
154
3753
213
4413
5309
25
2285
3139
3139
2621
3308
4373
-1
1281
1757
2098
3676
5502
3327
3008
2593
716
4489
4226
5576
1152
-1
4373
4226
1410
3152
2200
1867
3043
227
-1
723
1092
3008
3280
4158
3139
1909
2348
3375
5412
685
5402
594
66
2196
4462
3139
1313
1313
2196
25
2655
4352
1408
594
3139
1313
3139
536
2632
1878
1586
4497
5595
25
5491
3168
2196
1083
25
3958
5129
2016
3396
825
5557
4226
2779
4307
3139
4175
25
4537
-1
4373
5292
3439
3098
3676
4054
1916
3755
425
4373
1998
3676
825
2779
1313
428
41
5587
1781
5132
3136
3139
2762
2123
1101
379
-1
25
227
4373
4059
825
25
3723
1240
2762
2762
16
3435
2364
4718
95
685
2691
1578
509
1427
1313
4250
1510
3139
2196
23
4617
1468
1215
1650
4913
5714
815
2935
5472
-1
591
3869
3136
25
907
1044
2762
482
984
5028
3462
3136
726
-1
4311
1957
1821
4763
3142
4255
3139
3327
1215
25
2285
3308
3690
5402
5028
1405
4736
5595
1980
5062
739
3091
2961
1174
3592
1777
2584
1867
1980
-1
3139
4535
4082
1554
825
5131
3308
1650
825
911
2084
4890
3838
1902
4373
3496
4699
4998
25
1374
1953
482
3098
2762
1313
4373
2632
1906
3592
25
543
4989
1101
4373
261
1374
912
591
835
482
825
25
1479
4626
4373
4916
5687
5142
4890
4299
4219
2122
258
3139
1369
547
4335
1675
2951
3427
12
2195
2548
602
4699
261
3139
-1
4054
4373
-1
1465
3485
3046
-1
5159
3139
2390
5402
25
4484
3077
-1
254
3008
1468
2645
2655
918
3830
2813
5671
5139
3591
1583
858
1313
25
2965
3862
12
1910
5595
25
1152
4458
2196
1374
4497
-1
4453
1420
5362
25
-1
25
5131
411
3247
-1
2632
425
5155
3682
4226
25
3496
1307
685
5644
911
5402
4307
2017
4720
4059
-1
1480
3448
540
1910
4373
4142
4305
4226
2626
2738
570
2979
25
741
11
1218
25
1867
4226
5009
5166
5644
3838
1313
4252
4600
3521
2880
5062
4226
-1
1757
984
25
1054
825
227
5738
327
2390
-1
5644
4136
3139
5550
1821
261
3136
2017
482
3402
3266
5621
3591
1858
3238
1215
-1
12
5502
3587
-1
339
947
2285
3682
5139
3308
3054
2196
3592
5062
2285
591
4226
4627
3370
2200
4762
4792
4720
-1
2148
4405
5602
2017
1307
5402
827
5410
5387
482
3621
3170
1108
4330
4226
4287
5402
5402
314
1636
-1
1833
1793
3349
1385
-1
5714
5655
1882
5140
1842
1636
685
5616
912
2241
1374
3139
1011
4373
2813
3682
746
4303
1297
1844
2196
1465
25
3589
-1
2430
5644
5671
4039
5410
4226
162
2768
4493
25
911
2813
25
3308
2122
3139
2285
1313
5511
1583
5576
3139
5139
5545
-1
5373
36
3308
4927
4373
-1
25
4294
5288
1054
2196
2813
3705
4082
1101
2935
425
1672
3015
1647
3139
4225
3072
2825
2440
425
1083
4373
3958
567
2990
2920
3139
-1
1949
1011
1313
4497
1054
161
485
5156
2814
3139
402
2210
5727
5396
25
5616
3136
5247
2591
12
5616
695
3136
2200
3800
261
-1
3621
-1
258
1914
-1
3641
1297
4990
5587
3139
249
2632
425
1297
2069
1307
1054
5497
1297
4373
2365
4226
695
4978
5053
825
301
1147
241
2762
5402
5324
-1
3725
1215
594
2196
4232
5587
1273
1385
425
3369
5426
3254
1307
-1
1054
3139
3975
2153
-1
1240
1383
3935
1765
932
123
2907
5671
482
554
407
5595
1019
5028
3139
717
3098
25
1054
5402
5099
1307
425
5122
5466
1313
4600
2813
441
5062
567
-1
4890
3139
825
1479
275
4022
2365
2196
24
2428
2882
4060
1442
2285
25
482
4250
2632
685
373
4934
5094
-1
1178
52
2531
3531
3139
5254
5353
1313
5402
1178
1867
2777
458
1429
482
2160
937
2365
3641
540
2561
2285
4890
1083
3131
4226
2008
2935
1374
1910
5475
5402
1616
5402
5419
2008
1083
602
2615
1374
12
4188
3139
5496
2919
2008
4890
2196
2166
2164
4373
4426
4910
4226
1374
3840
4226
3630
1534
2188
3128
425
1961
30
5402
2122
3838
3139
825
3139
5475
5431
2516
288
825
2196
2963
1601
3682
4132
1491
4772
4699
5062
3986
2779
1636
1054
1672
5499
275
261
583
2411
2285
1612
5087
1922
2440
3139
5595
3139
4771
25
5412
1215
4373
1480
4978
3313
3139
1601
4142
2122
1722
425
2615
228
3863
5062
2196
1897
5062
5511
2465
2196
1660
1953
2196
5644
4771
4307
1571
5699
5030
1044
3629
25
3814
2964
5525
3591
-1
1083
2902
1304
2565
3139
-1
5022
451
746
3402
1977
2365
1319
5624
-1
261
2200
5402
1821
1601
1842
3370
5384
4975
356
4689
2605
2935
5066
1831
2986
3409
5491
2196
4657
4373
3313
2122
177
2285
912
2489
4127
1297
2944
3621
3139
5292
3139
2164
3139
3139
101
1054
848
1071
3139
3316
2285
3139
5362
25
4794
1178
5028
425
1465
4602
2008
4302
1465
-1
2872
1307
-1
1313
4028
5221
2285
2023
25
425
2964
4226
3592
594
1273
1429
1800
1307
1178
3139
5062
5402
3308
2007
425
441
3939
1894
1955
957
2365
911
4906
482
4250
5402
1019
-1
2196
4028
2882
1193
2825
2200
4771
1374
-1
2516
3291
5094
2902
5073
3269
5512
3900
-1
5402
1429
2365
2863
2196
923
3139
1313
1571
1894
3474
715
-1
3396
3003
3370
4617
4890
5244
5253
16
4226
-1
4332
5062
4687
4718
5255
255
4708
3139
5384
3301
2233
623
4142
4281
2196
2935
1672
2698
1024
3139
516
1178
25
1601
2565
594
1046
3199
3650
2435
5744
3592
-1
-1
2619
2505
4490
3788
4004
378
4689
1313
4771
25
2911
5244
4826
633
1701
4268
932
3591
4689
5049
4664
3556
1800
3799
1661
5491
24
4902
1060
2655
-1
1672
3046
4151
5139
3676
5094
2285
-1
3924
3156
743
5062
-1
1101
2837
1429
-1
4373
25
1019
1699
2200
2210
-1
534
473
3592
2724
685
2619
1132
3977
25
425
1934
5062
-1
425
1992
3621
5402
2591
1069
591
-1
16
-1
3327
1452
1501
3652
1044
983
5254
3821
1282
2196
-1
2157
5386
4990
1793
1606
3139
3000
3139
4989
473
1203
4945
-1
5744
2565
620
1050
5402
2825
2762
482
5062
3592
2829
4028
25
1336
482
4772
1583
3139
5156
3000
4142
2365
1856
1611
5313
1230
4998
1985
4772
1215
1083
3136
3964
2311
4639
3139
3676
4639
2365
-1
3308
3032
2196
-1
5595
5402
5402
2196
2196
1650
482
674
2196
1178
4123
1636
425
269
3849
5384
318
5515
3308
258
2192
3139
4272
-1
5077
291
5386
2549
-1
4142
4771
3308
1307
1083
-1
5073
5402
62
3510
594
4373
425
3963
4966
3621
4851
425
-1
5351
-1
5551
4989
4114
2934
4484
4569
1376
1601
810
5664
2780
983
5402
3369
3386
3621
1324
633
4497
5587
12
2226
1374
1429
4373
1767
1650
4626
-1
685
4064
4880
5738
-1
3682
-1
4890
5402
-1
1793
1699
1919
1054
4078
1502
1178
-1
2744
539
425
1480
-1
2200
50
3139
1961
5546
5062
-1
2619
4814
5410
-1
2269
858
2652
2762
4860
763
5426
473
4106
4497
4485
4427
195
825
1430
758
2945
3800
5049
1744
5402
2377
5062
4771
288
993
4698
2948
1083
-1
2306
1374
4990
273
1482
2285
3149
2565
2724
1650
125
5616
4039
4914
4615
3139
3139
1166
441
957
1044
2196
2321
526
4226
1054
5217
5278
3592
2822
4808
4990
1283
1476
-1
4039
2124
3535
-1
-1
2844
-1
356
548
4032
5244
2911
350
5267
-1
2964
2200
5028
2565
1307
602
1588
-1
5062
2285
3653
2435
4792
878
3139
1601
25
3682
3676
391
4693
2964
2565
3353
3194
5491
1046
4926
1601
4039
4890
5062
5049
3882
1857
1152
1185
2364
3370
195
1177
125
4226
4772
1300
3887
3138
2390
5574
-1
2619
857
2153
4226
3139
2344
3780
3945
4564
-1
1910
2285
-1
1429
1722
3139
1101
3190
2285
2196
425
5433
4156
2017
2365
5510
3382
3079
1556
1840
25
-1
482
1465
4002
2964
1615
1374
4384
-1
2122
2882
3139
-1
-1
5285
4718
2196
346
3072
3046
422
583
4902
3713
5094
4771
695
25
-1
1429
3496
4438
3591
4674
5402
5272
5062
5648
2934
-1
3139
-1
603
5059
5644
3139
1491
984
2779
1902
284
281
5450
1946
3925
425
5671
1297
1024
3696
594
961
3139
1083
1405
-1
2409
1465
5402
4529
2857
4720
5213
3946
5545
5402
1830
4226
1006
1307
4062
1342
2911
1961
2565
3592
474
613
4588
3139
1313
957
3996
3139
1405
3139
1235
3966
2241
4878
1323
-1
114
3308
4825
16
425
-1
1588
-1
2308
4767
1231
1465
3139
5076
1288
1436
2549
983
934
4032
5049
2231
715
2763
2285
3848
5218
2196
2285
957
4991
1374
1231
883
2435
1072
2813
2196
5547
3629
2052
3887
912
602
473
3139
5256
1405
346
5744
482
-1
2376
2196
5218
-1
2565
2549
3564
-1
-1
5133
3675
2685
5587
5595
1636
4330
5272
2505
473
694
4158
2200
2565
3051
425
5302
2196
3139
4690
220
1588
1702
3461
-1
4429
2200
1083
1953
1699
4497
3641
-1
4373
4226
4171
473
97
227
386
4188
3377
2724
739
4562
425
-1
1168
1054
1353
2196
2421
1583
5511
519
2200
1596
425
337
2794
978
-1
425
2196
1215
5085
4226
-1
53
2365
987
3382
3731
5472
4612
1830
594
4772
5491
12
-1
1707
975
1480
5515
4950
5587
3682
1757
3535
2647
2895
5714
5113
1480
5139
5648
1448
4929
4032
227
2809
1636
3456
261
2435
-1
5354
1722
473
5687
3072
2184
4177
2523
3800
3139
3752
4444
3876
1588
1066
4718
2367
2762
3139
1366
5583
1883
3139
2196
4822
3887
4368
25
285
2365
4966
911
1215
1168
4142
3676
2993
2248
5087
482
-1
3948
1167
1185
967
425
2932
53
3139
5717
2724
796
-1
2164
743
2374
4978
5648
681
3876
425
-1
5402
2200
1588
5402
-1
1307
-1
5742
1044
2153
2236
1132
2200
-1
716
1150
5402
1483
53
2213
1019
-1
261
2565
4226
2615
3502
2194
1405
3139
2200
263
4884
3621
5545
-1
1185
-1
3139
425
1642
4799
5062
3584
425
4421
-1
2196
4990
1800
5409
2285
4945
1601
482
2724
-1
5319
473
5062
1157
3361
4650
4408
3392
930
2200
-1
482
1199
967
4027
227
4354
3369
53
2385
-1
5429
5035
1116
630
2615
1429
852
3913
3396
1234
1568
3875
43
1775
1992
2813
3139
2196
2615
5278
5258
3190
4902
3367
2350
3682
25
1800
5714
261
4354
12
2397
482
4497
2308
2364
1384
1231
473
4226
2200
441
4250
2196
1583
1054
1791
1429
5402
2196
1083
4082
4226
425
3932
1235
4373
5062
1901
1636
473
3139
1003
3682
2036
339
4945
4332
5234
1601
326
1046
4148
3000
2196
482
1480
1014
635
425
947
-1
1186
-1
1170
227
3533
276
926
1618
3332
5271
3139
1178
2762
5402
1313
1166
3139
1773
258
2285
5074
1636
262
232
2893
1796
1549
2762
3158
350
1374
-1
1044
3707
2549
3139
1446
-1
4007
1295
3402
1894
3098
5435
1452
-1
676
-1
1245
1659
2051
3046
1395
425
2196
221
2619
749
4772
1185
482
25
2762
111
4720
16
-1
1619
3139
5547
4028
2505
53
2016
747
16
1313
3418
4829
993
-1
4392
1754
3139
4966
3584
2269
-1
3966
1240
3496
2196
4900
-1
2993
4890
14
2285
441
1429
425
4041
25
5211
3139
763
195
2243
3139
4815
4992
3139
3132
2911
2619
4740
4400
2200
1184
474
5625
229
2164
5132
3038
425
25
1480
4652
937
5402
2872
4810
-1
1215
1269
2179
883
5156
613
-1
1077
2196
1215
3639
2390
1215
4226
5695
4281
-1
3303
-1
1608
5112
482
482
4039
5062
-1
3581
2285
25
4772
5049
25
2184
3402
628
4652
3250
3952
446
1565
2565
5461
2813
4142
3139
3139
4497
883
1016
695
2882
5402
4142
3777
1699
5155
882
4652
2285
3139
-1
1298
746
3456
1215
700
3623
25
911
3495
3139
195
5280
5085
3139
1601
3137
-1
1652
3139
3308
1054
540
5159
5426
3496
3315
5062
3696
3139
3013
2619
936
5582
4007
2565
5292
3696
4188
3676
425
1016
3139
1243
5671
1219
1215
3392
5491
957
1791
703
4287
1307
147
482
2567
3892
482
1044
1374
2333
473
4005
482
3003
3139
3139
4945
5028
1275
3139
2385
594
173
-1
2697
1468
3113
1971
1781
3876
3530
5644
4531
1475
25
385
4943
4890
4146
747
5402
2983
2285
3682
5671
1185
3139
2825
4950
-1
-1
425
5671
482
1781
5292
1465
5062
3139
41
14
1703
716
4054
2769
284
5530
1465
4890
-1
4875
5062
1982
1006
5582
4028
3876
2826
3650
2882
1881
1809
3795
5402
1307
512
3139
3139
311
1168
3869
1273
-1
2285
5551
4373
4146
5402
5616
5491
-1
482
4328
4770
2199
1054
886
883
2196
256
15
3113
2186
2376
4231
3308
5265
2196
3139
3139
3837
5426
5049
1480
473
4453
4311
1429
3799
1752
3308
4287
4249
3469
3139
-1
1666
1269
1709
4054
2233
422
4945
787
4373
1385
3139
2269
-1
1335
3039
3651
4199
2988
3139
4371
1054
2187
4053
4134
3380
3139
214
2679
3139
25
4287
4811
3377
3139
2762
1083
1691
3098
195
4815
165
4203
425
1934
2285
3592
25
937
2200
5085
716
4373
25
2013
4687
5408
833
3139
5402
1680
3139
1989
3682
3139
1405
3932
602
-1
2196
2872
484
4226
3956
2196
3934
1283
51
3192
5302
4627
2974
4772
4331
1706
5062
-1
4211
-1
5062
-1
4890
1006
2122
1291
5587
3139
1044
2954
4126
1307
1016
258
5561
769
5621
912
1516
1480
630
5582
97
425
62
716
3139
3591
1968
5149
4552
3003
-1
5499
25
2762
1570
3682
-1
2565
2285
4945
3495
4687
5448
324
749
3939
1183
4437
1759
3707
4373
5176
3139
25
473
-1
1504
5156
3456
3682
2040
1446
5384
4771
3707
1527
2196
5426
24
1821
913
1740
1313
1298
2565
3139
2826
3215
4900
4188
748
1480
3003
5671
482
1706
4000
5402
1313
650
429
5133
665
5511
5518
4771
-1
2350
5435
2385
1031
2383
967
3616
5049
2285
1119
2196
25
2285
3279
2023
-1
1946
3141
1183
14
41
-1
1681
653
4060
441
-1
-1
-1
3967
2634
630
3878
-1
4373
1618
5269
3122
3095
1809
3139
1782
5062
482
2200
4815
1132
-1
2762
2200
3139
1902
3139
-1
716
781
550
4945
2200
823
4272
1087
3139
425
4019
5616
1717
195
3139
86
947
1601
3139
2196
3139
4945
4404
1206
2365
425
261
5402
3841
5582
1520
2233
2724
2505
2326
25
2196
-1
-1
3072
1480
425
5062
3621
-1
1044
4518
4153
-1
25
-1
704
5062
-1
2285
2384
482
4990
3862
1850
4159
-1
4654
3139
1272
3003
4634
3308
1157
3676
3139
2200
923
2211
482
285
5062
425
3139
2200
473
3139
3139
-1
473
3351
4007
640
2084
1119
4945
1796
1809
3308
825
1953
2754
3139
3139
145
-1
2632
2285
-1
4184
687
2652
3287
2999
4040
2954
261
-1
2665
3139
25
1629
4763
425
3088
2133
2365
-1
-1
2365
3494
5671
1800
5402
3250
4057
-1
15
3139
4966
932
220
5092
66
1691
-1
2196
4287
125
3139
4986
1953
3139
1601
3600
2111
3511
3964
2757
3815
1538
1206
1235
3586
1650
16
4890
471
2122
823
1090
685
5461
425
2285
2285
2192
5402
1396
2654
1185
1673
4858
5049
1468
4226
4718
2196
1583
5505
473
5210
3402
1062
3139
425
1706
-1
-1
5019
5402
4034
3592
1894
1216
5213
2285
5271
-1
114
2954
2619
1699
-1
613
957
3139
3136
1016
5497
3711
2474
4959
3139
-1
3933
1819
3430
2995
482
3139
5402
2196
5408
2549
1429
3095
4373
5362
1905
763
5582
5107
1298
1321
473
2842
1303
1168
4654
4567
5402
258
5278
1044
3139
3803
-1
3885
5426
4039
1183
2243
1583
4373
1436
3581
5271
2196
-1
1185
-1
425
1465
1521
1893
650
2292
5587
1465
1044
3331
258
1119
738
2200
4720
465
5402
5524
3139
4435
5402
4815
-1
4998
3246
1793
1298
4482
4268
685
1307
1601
4998
2565
3139
4142
5062
2196
3034
2156
583
2196
3003
5028
2724
1882
3039
1298
3139
2196
5402
-1
494
1538
125
4039
1313
1297
3139
5385
5031
931
1121
4929
311
5062
1681
2017
5028
4162
3933
2549
4677
3676
1601
1956
4792
3003
4373
1992
4966
3862
-1
5022
4718
4503
4959
25
3447
-1
3377
959
2196
743
1298
5128
-1
1160
583
432
1303
147
2826
331
3597
4057
4815
3388
-1
1429
3139
664
5362
2864
3139
5595
1739
1298
3251
5402
5062
195
3139
452
3139
4651
2196
2891
5238
2113
4373
1551
2101
3139
4226
425
5385
1503
1078
2943
1699
716
3139
630
-1
5402
1913
425
1475
1083
3129
1814
3139
425
3306
2651
3399
1800
2615
1157
5384
5402
5511
3007
5397
2591
380
482
4815
4832
4226
5402
5354
3139
3139
666
3095
2466
3974
1546
1016
2330
4373
2328
787
3763
3249
1121
4471
1945
1872
2200
-1
3499
2196
-1
16
4815
324
873
-1
5022
1325
5151
2196
5402
1194
4740
-1
823
5432
4147
1197
3505
1083
-1
3716
4627
3889
16
2449
482
2493
3451
5402
3139
4978
2981
3437
1825
107
473
2187
-1
3933
5133
356
2933
2583
4915
5402
2724
2825
1353
5426
5074
746
951
220
3396
-1
2196
1480
1116
2671
4435
5402
3071
3139
1601
212
-1
1699
3003
4039
425
-1
2615
1006
1636
4140
-1
1132
1104
473
4082
3140
1132
5714
3380
3876
5171
3286
3139
2196
1629
4487
-1
4693
785
2243
3139
3388
5269
5021
2724
5665
1289
2285
3139
1374
1699
5049
2690
195
2794
3139
1618
2443
5402
-1
3974
2502
583
1226
1841
937
1381
2686
4966
957
2196
25
3301
2211
4815
630
425
2882
1681
5108
-1
2090
3139
5051
3139
152
2904
3139
2263
1307
1206
4939
2008
-1
5402
15
1307
2943
25
5011
3241
4226
3495
1769
-1
3308
3647
5595
1699
1601
53
185
2236
5354
3139
2048
1408
42
25
2890
5062
3621
5402
4713
5402
2285
2374
2383
2453
-1
4856
1300
1044
4188
2164
4689
4614
3139
816
3308
3833
4614
1558
2029
4990
2257
5671
-1
5088
1504
1699
4966
348
1215
4984
425
3139
2196
852
5271
5323
482
1313
3072
4713
5402
-1
1618
1494
5278
3278
2390
3308
2615
4890
2762
4391
1221
3114
1297
4890
4978
1480
1798
1273
-1
1139
4034
195
4373
-1
261
-1
5278
3204
4188
3003
1330
3139
1692
1298
25
3657
5473
4039
4332
4226
716
4792
1615
294
2454
2164
3856
1692
2211
2189
2236
540
5402
2243
3876
-1
53
3150
4226
1668
1044
3174
185
834
5028
2889
3676
4000
-1
473
3621
1215
2399
1465
841
3136
5195
5068
482
1680
5587
929
1429
1796
2285
4226
5062
3139
3139
5244
-1
52
3139
5275
3139
2147
3932
1843
5700
4663
590
5151
4064
4950
-1
-1
2943
-1
850
3377
4615
3388
743
-1
4287
2369
5402
1588
4332
4713
2995
3113
-1
1601
443
4784
5121
3951
1323
2196
784
1016
-1
3139
2655
1054
4436
5362
1685
4226
957
185
1465
497
-1
1442
841
3139
2358
1683
2285
1429
1497
1480
972
2238
2200
1119
2966
425
1294
4012
5408
477
-1
4713
2782
3117
5087
425
2363
3561
912
5271
1083
1919
4272
2873
5200
2863
3000
1006
482
3308
4073
-1
2422
-1
4039
2097
4884
5402
5062
-1
495
3139
2208
4589
92
261
5402
5266
3139
5264
5610
5402
3072
5
261
630
1371
2856
2196
4622
1119
1588
1313
4815
2333
2773
1012
2954
3499
443
1608
514
2285
684
2285
749
3968
-1
12
3676
4331
2153
2872
425
195
4985
261
3969
2724
2196
-1
3250
1468
3735
5062
3784
5171
2267
1304
-1
1307
630
354
5402
1123
3234
5471
2619
3884
5576
739
227
2266
2565
1646
3696
4945
4990
2811
1902
5713
3466
1533
2285
542
861
3768
3139
425
3017
4744
346
4255
787
4118
5402
3496
1583
2934
2196
1825
4082
746
2634
583
1352
1206
3139
5094
2196
1480
2516
-1
4631
1277
-1
1218
2233
2825
1298
3696
1951
473
425
-1
425
2505
3200
4195
4082
2615
5287
-1
425
1681
4602
425
1467
2619
3072
3320
3072
4082
639
3139
5402
5242
3496
25
2563
2614
3139
604
4116
3883
3377
-1
823
2754
53
4142
912
3923
1339
1636
3003
1917
5109
4128
1557
4238
1551
-1
5463
494
-1
3139
3139
4331
5466
2762
2615
4534
3219
2762
4764
3402
25
2619
-1
1215
2834
3139
5062
1221
2762
3218
5402
1776
-1
-1
5165
5642
1192
4226
5402
709
4373
3499
2390
4771
2285
5101
2872
4890
-1
3427
1003
1588
51
2285
4042
3250
482
1672
1824
5213
3391
-1
-1
3137
4921
5384
1528
15
1185
5133
835
2351
1595
5412
3388
1081
4127
2196
3943
3529
5274
326
5271
3629
4373
1601
-1
4497
1899
1141
4900
4039
425
2882
1452
47
623
2762
5726
1044
3139
3139
1054
5384
1206
58
3268
3641
3136
3139
25
1475
3822
1405
2477
538
-1
4373
5499
3621
2308
4142
4990
1699
1436
3139
-1
4164
-1
4936
3009
1636
3353
425
3462
1945
636
2762
146
25
4873
16
125
5022
5250
4777
1480
195
2009
5264
1215
-1
3501
-1
1998
1168
2615
3071
5060
5171
1638
5062
2196
1450
3192
3676
2872
822
3139
1706
227
4924
-1
41
5271
1313
1809
425
891
220
4039
3139
489
227
4034
1269
3139
2895
4226
937
548
4965
2589
1183
5595
494
3139
1108
2084
4802
1083
4962
4511
3139
482
2365
-1
4366
1480
3978
1297
4497
787
1168
5405
425
1826
4227
4771
685
-1
3111
2184
3580
2762
4497
1601
4406
4772
3139
4683
2939
5744
5402
1019
-1
3139
4712
825
3139
3681
-1
3591
1425
1082
4226
3818
2813
286
3139
1809
2950
5016
4697
1685
5497
3139
5076
1892
1405
1429
3139
2385
4142
425
5471
3682
147
3139
3072
4966
2122
5545
3676
-1
1764
4373
524
529
2620
1298
3308
156
1168
1405
4966
172
1269
1218
1847
595
-1
4371
4018
5087
59
772
1185
3771
2601
1003
2662
834
1318
2189
3621
5028
4772
5733
1025
3707
1494
1538
2196
2200
4000
5587
5402
3139
4144
5648
3389
3528
1583
4038
1930
1653
4495
4226
425
2196
1300
3139
1800
3141
25
3003
1178
5746
4966
5136
482
1083
2078
1168
3139
1936
3139
1619
5587
1699
425
3423
99
3136
583
5674
1429
4096
3581
2308
2196
-1
1168
3139
542
3139
425
2825
3139
5413
1681
195
-1
2943
2440
1427
4415
3139
5359
2632
3378
1919
1965
4923
1480
5415
3581
326
1685
2200
1046
4966
2395
-1
482
-1
3139
-1
4945
482
3676
4998
482
-1
630
548
843
3170
4142
3545
5074
2196
4771
3283
2302
-1
485
3621
630
425
5587
-1
1217
-1
5402
4335
3139
4024
3139
5650
3139
2285
2196
5062
310
1636
425
3495
1012
-1
3139
3403
5471
4784
2516
101
1894
1297
-1
778
2285
1095
1980
-1
1121
2841
3591
4998
3139
195
3641
2122
59
-1
4815
2164
5402
987
3380
3637
1706
5425
2365
147
601
602
3506
2196
4354
4162
-1
4000
25
4468
2783
1157
4945
1006
379
-1
25
25
2825
3113
482
2227
25
1054
4428
-1
1185
4082
2285
1054
967
5748
4497
5112
3966
2196
2724
3621
258
2995
3139
1322
2196
5049
27
2165
1405
4188
-1
2196
1216
1429
363
285
5323
1836
594
2655
785
2683
4142
812
3876
4893
225
698
1429
3139
1480
3153
5471
303
1928
2122
1044
5324
5651
25
2196
2964
1161
1019
3076
5139
4267
4772
81
787
2031
2285
533
1374
2814
5111
1054
1661
-1
-1
1061
3308
4584
1307
5644
25
5714
2380
425
3139
2619
4718
4371
4689
2612
5671
-1
1650
195
425
1307
3139
3139
227
1127
1803
583
3377
5111
2285
5530
2632
3445
1699
1083
53
5278
2703
-1
2895
172
-1
583
2762
1559
3100
25
5364
3682
-1
4044
2411
2788
2754
5402
4188
1044
4162
4096
5733
2825
425
4226
1737
1294
4082
2196
1730
2813
4497
3495
3485
3139
4784
2724
1583
1145
1152
5741
5695
3325
2196
1307
5402
883
1861
981
1538
590
1429
2734
2196
4142
-1
4040
988
3139
2619
4039
695
2139
2196
482
3450
3136
954
2762
4226
5433
2615
261
2565
825
2196
4141
3046
4287
912
641
4075
261
5424
-1
1352
1298
571
5264
630
3292
630
1250
2122
2632
4373
-1
4373
5603
16
-1
5402
1178
-1
1210
2943
4452
2243
5587
3139
3685
787
2882
-1
-1
5164
1178
3696
1044
4373
1738
4984
3139
4912
4945
1800
1433
3391
5693
3139
285
4426
4004
2196
2825
3139
1480
2860
3139
923
1946
3621
2285
1624
2821
443
-1
3067
16
1820
1307
5062
1475
4250
2285
1425
4990
-1
1307
-1
4330
-1
-1
261
1068
1586
127
2794
4687
5419
2762
-1
591
160
2972
1101
2146
2196
2196
2200
5362
220
2825
3095
660
4958
230
3809
1298
2911
-1
2200
1119
2196
5271
3606
2315
4344
4906
4639
-1
1465
4465
5244
5706
363
1910
4154
931
1446
482
5049
787
593
25
2651
5062
1215
4162
1636
514
1572
2474
1086
438
5133
5402
3129
2164
2285
2285
3735
2615
641
5571
4226
3113
5049
460
-1
2754
482
3139
4113
3139
4280
1759
2236
-1
321
1061
937
-1
1168
5714
4330
-1
1307
5695
2762
2575
2939
195
5497
3190
-1
2285
2024
4373
2285
3162
4815
-1
4819
-1
749
1313
787
5062
2882
223
98
3139
4771
5285
-1
25
2122
2813
2762
4188
2174
482
1436
5471
1601
4687
3071
25
2185
2678
2034
687
3148
4848
5472
3595
5587
3139
-1
675
-1
4950
207
4188
1921
3069
1465
3201
2825
1044
4945
5431
25
1044
425
5402
4966
4000
1521
1019
3139
-1
1480
3676
2269
192
3139
746
-1
4226
734
5491
4784
718
5087
4978
2911
4373
3139
5702
-1
5084
-1
4137
227
2619
5085
-1
5576
-1
326
-1
1298
16
1433
5362
687
2299
5625
-1
25
4330
823
1044
719
2306
3946
473
4555
16
4373
641
3283
1475
3887
147
1989
3484
4667
195
-1
1042
5689
5402
5402
5433
1601
1183
1095
2619
5022
114
2153
3240
1119
482
4990
3139
1235
5673
3139
4373
3037
731
-1
1016
5172
4529
1313
2678
2236
2390
3000
1307
2724
5402
4792
2084
1800
5742
-1
4760
3139
2762
1168
5218
1016
1809
594
1800
3217
5062
4718
2732
3592
4836
4576
227
3590
3710
5271
1867
5164
2196
3297
1313
4018
5405
2146
5404
4107
425
1475
2166
4255
2954
591
4332
2619
5244
2813
5440
2285
4207
1185
3139
25
489
4787
25
4497
2938
363
3139
4057
5371
1298
1235
3139
630
-1
5339
2321
5362
3139
-1
4890
438
4497
1961
1199
4078
177
1997
-1
1185
2447
3370
4226
3308
695
630
-1
2615
775
3057
2762
425
4304
-1
3264
3291
499
1215
4779
5748
2955
2200
3139
824
3139
-1
501
4890
1279
3192
5062
5345
-1
1258
3139
643
2826
3139
5062
5313
993
389
3139
1429
2544
4332
3139
2949
5402
5049
5486
583
5049
5112
1235
1298
1629
3015
5587
1427
5028
1185
4921
2314
1210
255
2632
425
-1
642
2697
4846
1598
3139
3139
951
785
2762
5008
3849
1266
2762
2697
2743
5587
2825
2825
754
125
1178
4332
-1
5384
4918
3499
963
425
5022
4497
1800
227
5271
4772
938
2826
3264
1080
3003
-1
1739
-1
1012
3035
1160
5402
3434
425
1405
3822
34
2345
3621
2834
1780
-1
403
4772
2269
-1
1269
1626
1465
2678
3148
-1
1168
5198
5133
2730
2562
2697
4063
5040
4332
3552
4874
79
3139
5380
4764
5183
2630
53
1673
1724
3370
-1
5362
1452
2122
1429
5408
3362
227
3799
4979
4142
482
1230
1619
1269
1117
2240
5497
3139
5061
3139
4039
15
5474
2173
-1
1206
5540
195
4209
4142
1313
425
4226
1480
5198
450
16
3240
-1
4373
2390
3528
2969
5384
2196
2164
3496
3589
-1
5491
703
1800
1044
613
4188
5408
4344
875
2616
3264
3139
4373
522
1980
2383
5062
4915
4981
4616
482
2973
2196
833
1313
3506
3087
10
1168
5402
102
405
534
3139
2196
4598
5112
3139
3067
3139
3139
4039
255
3304
275
926
140
1429
2898
4244
3497
5062
2569
2156
3812
4912
1583
1475
2097
3545
1583
4929
1273
3139
2195
-1
3136
5244
1843
4039
1153
3282
25
3755
-1
3971
3162
2376
5625
5695
3182
3577
2196
2196
993
2285
641
2383
1500
4611
3650
2383
-1
1168
489
2196
2285
4226
5
3833
3301
4751
678
2502
1153
2285
1075
3150
5061
1625
1237
2619
2388
2762
2308
957
-1
4823
3830
5569
2085
1699
4195
2615
-1
4615
25
25
-1
2196
3139
3432
2364
850
2863
4945
3367
1601
2615
467
99
-1
3399
3682
241
1470
1083
1405
3324
984
185
4966
3139
-1
1429
-1
883
5283
425
4559
639
2019
5549
3238
2195
539
2503
97
2592
2882
4426
1297
3184
3367
4759
4539
1681
926
2762
3556
4647
-1
-1
2813
5198
3139
2146
823
3582
2146
5049
-1
4611
5235
3139
2724
494
5402
665
4274
1185
3621
5696
2502
4966
3875
1297
4626
2813
4825
654
-1
1681
1082
-1
5622
-1
455
59
1307
4373
2413
-1
459
53
1350
3621
3139
4890
3621
3139
3985
1313
147
4034
2130
3139
787
3641
3760
3843
4652
5292
931
5320
5728
220
3931
899
2993
2515
3989
3943
4945
823
2285
-1
1881
1759
-1
3259
494
3496
4692
3053
3139
2958
923
4397
5571
2549
5156
5595
4028
4142
5595
5049
3139
-1
3380
2285
473
1185
315
3139
2911
2695
4400
-1
1273
2390
2365
2196
4226
3139
4350
3707
5172
473
493
1042
5164
3367
-1
4113
5033
5433
3139
951
4626
3139
599
2934
4654
-1
5402
5062
2882
2122
5233
5160
1583
-1
425
1527
3985
2762
2350
4287
5667
2554
3889
307
570
5340
3139
4912
3875
438
-1
311
3139
2443
1867
-1
632
25
1273
2619
1449
3541
3400
3139
1600
4090
2632
716
3496
5744
1058
3115
5419
5244
2285
-1
-1
5111
1024
4226
4617
147
-1
4142
425
1215
1379
2104
1101
3485
3139
4720
1583
-1
145
3139
1671
1405
810
3797
4950
3865
1545
5491
1307
5354
1825
134
-1
5707
5062
1734
4226
3144
5003
823
3139
1881
3139
2390
1429
-1
5471
916
2285
1307
4213
2511
3139
4226
1095
3139
1298
5595
2021
-1
5362
5061
53
1300
5300
1850
5049
1405
1228
1044
5269
3805
3467
967
2196
3139
1776
1831
258
2146
2285
4114
2935
1433
2863
443
1206
4057
5402
4815
4032
1749
1073
2096
3592
4986
853
4477
5238
5028
5402
5667
1003
25
1206
5587
3139
1101
3139
2978
-1
2174
4431
2200
2935
2825
5648
2196
520
4689
-1
227
1195
3071
5095
526
937
2175
5436
5402
5413
3071
3696
4249
1044
4006
2156
-1
2543
-1
2122
2285
4209
926
5402
1313
5493
5497
2762
5493
796
4669
1361
1747
4966
4654
3139
2285
4855
4407
3496
4771
2882
2200
2196
3139
4890
2195
2627
685
3139
-1
4082
4890
3136
5002
1650
2838
684
4772
3136
303
3696
5076
2397
4890
1178
5625
2804
4463
3054
993
2675
594
1426
2462
3139
3410
5085
970
16
363
4494
4667
1492
4693
2196
3997
473
4884
5402
4283
368
1185
3139
1095
3308
-1
3768
4393
3139
2122
3943
2328
5077
1352
850
1853
4611
4555
4945
1425
5184
1215
3586
-1
-1
4401
4703
1016
2717
2195
3000
1601
-1
916
4795
-1
3317
2122
2971
2195
1178
1044
161
425
5284
951
1636
1464
3641
1058
4815
4498
3823
5254
5070
1446
2269
1448
2196
1452
-1
2084
5587
5545
3139
4401
1514
1307
-1
3139
4527
3069
1270
1244
2443
1307
2195
5471
1044
4900
3394
14
5176
5195
4066
3621
4009
3395
1965
25
5587
3842
-1
1083
1601
834
-1
465
5594
2196
2934
825
4812
3495
2233
3139
983
752
1448
5402
4162
4771
1105
4244
2196
3139
1692
3139
2762
4890
1623
2376
2505
5280
5139
482
5151
893
5587
2308
5139
2046
3721
785
4105
4111
1269
2872
793
1811
2269
2196
1826
3916
4142
390
4784
3270
482
1429
1902
-1
4070
4689
4884
1429
4373
3873
4945
5129
2196
5140
425
3877
2633
-1
3139
748
3573
1405
-1
4107
1475
223
583
2690
804
1407
1166
1504
5026
3367
5264
-1
3308
425
4718
4128
4820
4053
5384
5508
4007
713
4911
1588
2825
1215
-1
1784
1757
792
358
2122
3676
3115
1699
727
4611
4110
3139
4603
2214
-1
2285
5022
2285
4821
1504
3139
-1
-1
2196
4984
4497
2569
3139
4115
5402
5062
3528
-1
2882
2435
1206
2196
53
3139
1914
4494
3107
4039
5006
1059
2615
5441
2055
2294
-1
4057
1297
2819
1213
482
4720
243
3160
923
-1
1016
3676
5139
1185
2220
5419
2813
2420
1588
5156
482
4015
5062
3139
1168
687
2813
1601
5414
2574
540
3139
3676
-1
2169
2572
1195
4494
25
1230
1583
-1
3072
2135
5313
5433
2765
68
1415
5714
3696
2285
3336
2200
3261
3139
2314
278
2834
4002
4039
5402
3302
5508
1848
1737
4764
5254
1200
3145
-1
1362
783
5402
4057
1821
1756
5247
1636
1160
4082
1601
5266
25
1620
1108
5402
-1
12
5071
1136
5402
3676
1185
2177
3192
-1
5576
2236
-1
2925
2700
3139
2383
3312
25
5545
77
1405
-1
3162
3985
-1
-1
1601
1553
1380
2825
3089
-1
2276
25
5582
852
2619
2308
2762
5062
3139
3139
3485
5587
1280
719
3404
3875
5587
2969
2196
-1
4316
5049
727
2354
4815
-1
25
2615
1285
3172
2189
323
1992
4508
3062
823
5547
-1
3139
1273
3066
4022
2762
4373
4373
1101
1800
4373
-1
3139
4772
3190
4064
56
5384
1705
-1
4966
425
1429
3621
583
4611
2876
3113
890
5582
3308
4498
2196
5714
2569
630
1424
-1
836
1699
5140
5003
2762
2444
4556
-1
3139
2704
1636
-1
641
59
5587
2122
-1
4039
5402
3308
2285
2954
923
5154
285
1354
1480
5293
195
5049
5254
4226
1583
1307
3003
4999
695
25
4075
3008
448
3239
4138
227
2338
5062
2365
2365
25
5402
5028
882
1853
4484
2645
3139
2196
2505
5156
275
-1
4772
2615
3139
3545
4968
845
2269
2200
4491
2196
4437
3072
1780
5062
1736
2949
1601
4226
1942
2610
3139
2211
4337
3064
3051
51
261
2873
4713
5402
422
885
2085
1297
1651
1692
1206
2189
612
2196
4403
5133
883
3585
1406
1852
79
148
1452
4158
3367
1238
5074
4603
2754
225
2200
5402
14
5671
1391
4497
632
5210
1636
3136
1004
3015
4497
4082
482
1466
3831
2454
1588
1200
51
2285
1809
798
4639
2720
4598
5513
275
-1
630
3535
4600
1273
-1
3264
482
-1
261
1601
41
1429
3136
4431
5695
3452
5473
3308
5071
4298
2932
2709
5405
3611
-1
-1
220
4125
4945
3255
1095
4970
1044
3139
3094
2697
3296
5402
5013
4655
2196
2195
5229
409
4966
1018
5648
1616
693
-1
473
823
11
1601
3382
4720
-1
4078
2872
1610
3139
4755
3822
4966
4890
3139
2156
2376
548
2751
261
195
3197
3711
725
1480
386
244
2102
4224
-1
-1
3308
1081
1429
5587
255
5587
4896
3136
4431
2660
25
5671
5518
5616
25
3838
2196
-1
3308
3139
561
669
3581
4854
3069
-1
1725
3833
3139
1153
4658
2813
1650
-1
3139
1307
2308
2023
-1
219
5402
4238
396
3139
4354
4407
1022
3985
3641
4226
2905
3308
5712
1210
3456
2474
1465
1953
4896
227
1853
3154
-1
-1
3139
3264
1044
1132
1313
3028
4373
1427
425
1699
2285
606
2457
909
3139
1073
5582
5582
-1
4763
2269
2090
2825
1044
4784
3308
3347
5616
3621
5132
2064
4511
3139
4188
4670
2376
59
1422
5402
3317
5051
172
2196
932
3139
5402
695
-1
3139
140
1593
3139
5402
2754
5587
4675
-1
2724
1598
2285
5402
5402
2285
3139
-1
53
1297
4787
2096
2196
5649
3628
4945
3676
3621
1235
5056
4792
681
4135
3122
5404
2863
3776
3916
5706
2333
4757
1084
3182
1269
3162
4772
2196
5402
1938
5049
5674
3490
2884
-1
3139
1588
1196
2196
1044
2285
3308
1054
5278
185
4642
787
1054
5648
3182
3529
1122
5402
1264
2478
1586
2882
-1
3682
-1
2615
5028
4699
425
1919
-1
5002
2367
1876
1269
5507
287
1496
-1
4007
3139
2998
4142
5744
5250
976
3634
127
3308
3139
4169
4771
4158
1619
3401
5419
338
70
-1
3003
2714
3398
97
3139
3930
1737
427
419
4407
3388
741
1156
1006
3139
-1
3308
1601
1176
489
3725
5287
1970
2615
2196
1855
2462
2999
4373
1448
1168
114
-1
5062
-1
2085
3049
3341
4588
5587
482
5402
2615
-1
3139
425
3684
2723
2236
3338
4611
2948
5499
4125
2998
5442
-1
3467
1849
3427
-1
7
1168
451
3641
482
1185
425
5402
425
4700
3003
5426
1695
2762
-1
1348
2619
594
2561
2705
3794
4945
-1
4778
1468
4586
2350
4076
5712
967
5371
1601
53
540
4611
4966
3933
3974
1168
3139
5062
670
4298
5483
4602
5356
746
4677
3621
2200
584
92
3579
2934
3875
5151
2102
2200
5733
4713
-1
4226
-1
26
2876
1320
912
5105
1206
425
2196
3524
1237
3308
2368
2196
5077
4171
2180
2776
5183
2420
5022
3139
-1
4411
2196
5037
5426
2765
4626
3377
4396
2565
1083
5140
1800
3145
4032
4713
25
2915
1429
2373
3139
5671
2720
1504
1429
5386
2196
1584
785
1433
3817
425
5643
1362
1794
5473
5384
1058
5062
5238
920
4039
2565
-1
3875
5013
3139
3139
630
25
967
937
2882
3937
1307
844
1168
-1
2196
3771
1433
5331
5049
3621
3308
183
1285
1044
5485
2246
4945
5364
3139
2605
3759
1230
4713
4034
5402
4611
2825
2376
1054
3093
2619
5402
4015
5062
1083
2383
5339
2383
-1
1374
16
195
4066
751
4720
1042
41
4805
-1
4998
3887
5402
4853
1576
4787
1751
489
1528
766
5404
5740
4387
5062
-1
3838
5326
2055
1470
3289
-1
918
-1
15
5402
3139
2615
349
5587
3368
2189
2978
3139
787
5735
1873
-1
1896
5313
4864
428
495
-1
3869
1230
5313
1095
3302
425
-1
1465
2200
1356
1429
262
425
5402
2911
1113
2196
923
3838
4444
1157
3139
1210
2622
277
1853
5699
2992
4966
3240
2390
3401
645
4158
2691
4208
1902
1019
1298
5345
-1
2304
2724
425
-1
3838
195
4226
-1
521
2285
5133
5138
1161
5062
1331
4667
5139
2619
-1
92
1429
1760
2579
320
1303
3139
4142
1058
1249
5402
1307
3139
1480
1171
850
3139
3139
2652
1601
3139
5587
3139
-1
685
25
2200
923
1684
556
4741
5408
938
4586
25
1298
482
2363
5497
2975
494
4772
793
-1
2233
1448
3139
25
850
5378
744
5049
5435
275
3872
5062
5587
1583
5493
2196
3471
540
2762
2169
3139
-1
1588
5582
3139
3362
4529
2505
2516
5118
4123
356
3139
444
2200
3539
5
4158
991
3115
722
2200
5200
2083
1480
11
5062
3820
5732
4720
5062
1637
556
25
1297
3289
169
3139
3071
2861
1173
1675
382
5389
3139
2149
1616
1298
3046
3664
2105
-1
3139
425
923
-1
2308
4272
2196
4057
2308
5313
1298
5521
3308
-1
-1
5630
4654
1003
3139
1056
3736
5538
57
5325
2196
916
4890
578
583
1408
1313
-1
2499
2675
4022
4945
4054
1016
291
4773
2394
505
4330
3141
-1
41
5402
3592
1098
1528
3139
3996
220
1276
5530
1632
3586
1178
1225
1619
540
4784
1044
5062
-1
2122
2122
5032
5744
2196
1475
3682
1313
4966
1651
4226
4555
-1
5085
4039
2628
1638
1583
4820
2615
4287
3139
854
254
957
4197
4407
3072
4482
-1
4524
-1
586
3072
1698
2380
2818
1030
5062
-1
4188
860
5402
1405
196
5402
25
5022
876
1019
-1
5062
5696
5450
2196
2196
5022
3994
1686
4581
1374
4763
5271
890
2319
2200
2260
3621
25
25
-1
2373
3139
-1
2189
3712
573
2196
2895
4720
3139
5495
5049
-1
-1
2675
1755
1132
785
4188
5278
147
4639
4458
53
1876
1168
3139
1269
1475
1465
2096
4530
1297
5149
-1
2196
2196
5402
1681
1168
3139
5284
-1
3069
3046
-1
63
5587
4598
2364
5062
3139
2825
2346
1692
3139
2200
1409
2567
-1
5375
1016
2004
3454
1632
376
4245
25
-1
2779
3139
1429
4360
-1
2106
4331
4142
2377
3591
5094
4407
3139
2285
3018
14
-1
2652
481
2860
4032
5133
2949
3139
285
2200
3057
1299
5402
-1
5271
467
1904
3539
4000
874
1902
4984
1583
-1
4005
1210
787
1273
2505
3783
3380
-1
5010
4619
-1
2153
4226
5155
5507
2652
5052
3403
2285
1298
3139
1601
2615
3302
1636
4358
1273
4890
5049
3496
2630
3037
-1
2617
4082
141
1940
51
2475
4553
1601
4877
4937
623
2306
2084
2196
3139
2200
2713
4226
425
1744
3139
3139
5326
4492
789
4209
5521
1178
147
5123
3444
2196
5629
1012
1588
-1
4142
561
1390
127
1627
5244
1219
4528
4280
3057
2196
425
3139
4039
2200
2269
3289
5340
4355
1601
1157
4538
2473
611
-1
2285
3139
3887
1298
195
425
5402
4130
2196
2615
5327
1465
397
2196
127
4945
2380
1397
4720
4226
4945
5582
993
346
1842
2435
3139
2211
1757
1588
24
4966
4847
3296
4107
5746
1185
3878
4243
4966
3399
3139
5412
4226
2164
477
4122
1672
489
3139
5269
784
3768
1601
1480
3420
425
127
2343
-1
5129
25
4818
3308
1088
4767
-1
-1
739
2619
908
3822
1475
1244
-1
5651
5021
780
4356
2564
3621
5503
2285
1432
5245
25
1209
2838
3530
4396
5402
1152
2189
-1
-1
4986
3139
3190
1809
482
1601
3139
1298
5028
4587
1465
1206
5310
1480
227
2449
3231
-1
2813
5722
1236
5046
450
529
4181
4957
3833
993
2767
5411
1017
-1
2196
4919
716
25
3297
1407
2531
4125
25
482
5402
4373
57
3702
16
1542
1016
1663
817
4878
1785
391
1628
3139
147
1337
2697
1681
2196
3996
5270
2762
1829
4531
5132
5566
4903
3139
3034
1307
955
4950
4787
482
-1
5499
-1
-1
4188
4772
2675
482
2236
261
-1
5203
3139
4158
3139
1273
448
3340
922
1339
-1
427
882
2761
3560
5720
3792
561
583
2285
4188
632
2702
2949
391
243
1339
2371
1611
540
5362
1307
3302
3139
3800
3003
4438
787
4742
5682
1522
348
3412
3182
2762
-1
4085
1699
1465
2999
3123
2103
4945
4226
3456
4014
-1
1264
5402
1292
-1
643
178
2196
2454
2615
3182
5651
1675
195
1309
3747
1294
2136
25
4713
4639
-1
482
957
5453
1588
1636
2016
2762
1931
4270
2804
3022
1956
482
2934
3520
77
5402
1006
2285
785
1779
5402
3139
2121
2052
3107
1461
-1
1528
425
1699
2762
4962
650
195
3139
2196
425
1162
4884
3301
5581
4764
227
5715
4348
2762
1593
5062
16
448
3308
2442
41
3308
3621
493
3985
4713
1874
3139
3113
3621
5524
4188
4039
5062
2882
2565
1003
1313
2762
687
5021
2148
1313
4082
2856
195
2247
2196
1284
1699
-1
2196
15
2619
4615
5617
1269
1042
2243
126
-1
-1
4921
3695
1298
1044
1269
243
443
25
2652
3621
2060
4000
1446
2500
2868
1036
-1
101
2196
2726
5195
3660
2196
2927
2016
2816
3044
3139
3833
4497
4247
1601
2762
4452
2934
3662
2137
3139
5133
482
482
4603
425
3003
-1
5221
5587
2011
2290
5062
-1
3015
787
3113
590
3874
5706
1553
3996
5062
1722
1270
5384
2196
4494
2308
177
3581
2838
5402
1042
1353
5551
4057
2460
3139
2312
5402
3713
3139
1601
1608
5587
5402
3139
-1
1588
3029
3296
2789
2748
3621
2196
2813
1403
25
-1
1800
5685
2619
-1
3979
4183
-1
2365
5183
813
3139
3139
870
3139
2467
3139
2882
785
4652
-1
3139
1465
-1
482
2376
5271
4105
2196
1313
1480
425
3943
1372
5200
1307
3042
25
740
-1
-1
5402
3240
51
3139
5402
196
1384
4718
3362
1902
4820
4993
3724
5271
62
400
25
2643
425
-1
4088
694
1210
3139
1793
2813
2825
5637
-1
2901
796
1298
2801
1374
2994
2994
285
1617
-1
425
3139
4720
2901
285
3139
1044
2000
1796
-1
1378
438
5049
2308
2615
2326
1044
5205
787
-1
4458
-1
593
482
4569
5266
1859
4626
303
2285
1056
1320
3402
1601
4751
3139
2729
14
5466
3139
3107
3139
1307
1147
1517
2880
4496
3000
2164
2673
3139
-1
3453
4226
3003
4111
5576
1307
2675
3586
2860
823
473
-1
4082
2882
1402
1016
3676
2109
3136
4407
4965
2386
4497
3139
1448
1538
-1
3139
5067
2516
1498
680
2196
5384
357
227
427
195
3547
4079
1313
-1
2096
177
1307
894
5163
3139
1073
485
5011
1830
3996
3139
3139
1777
632
2154
5037
425
3139
2615
227
1283
2701
5062
1583
3139
195
425
5280
4498
3072
1429
1095
1283
4497
1770
3139
5028
3214
1307
449
-1
1168
1429
964
-1
1979
1016
1465
3682
5228
2911
1681
4332
-1
4373
3139
275
1274
5062
2084
1429
1402
-1
3136
750
4108
5062
425
1404
5165
3139
4945
1161
1313
-1
521
2440
4845
2467
3604
544
425
1300
3139
2081
2023
5402
4945
-1
3139
-1
5402
4945
1809
1777
4887
492
5362
265
25
2308
12
241
1269
5402
1504
2154
4815
762
2015
4611
1044
3139
2516
5248
2435
-1
1116
645
1608
-1
1816
1313
4438
1433
2615
92
304
4878
1298
1171
2200
1178
-1
2385
3302
1888
5623
3291
4497
632
-1
957
5706
2196
3139
-1
2189
1677
3710
3696
2196
1168
4438
1168
1522
4226
1914
2787
-1
2070
3240
1529
2762
-1
2135
1244
5062
425
645
3992
1393
425
5402
834
425
3139
288
3465
4280
806
482
440
5336
4039
2257
5668
1307
1606
3891
2749
2200
3749
4661
5049
1073
5402
3621
1945
3139
-1
276
542
1716
261
1636
3679
-1
425
4082
4142
3139
4107
4032
4532
1185
5041
4338
4097
5062
5031
3072
5442
5384
4047
2164
574
4922
3308
890
1945
3139
5419
2785
482
3855
835
473
1185
5355
1871
3875
1185
3623
3139
473
4984
5192
3943
5695
595
1793
4966
3965
3308
5587
4329
3595
2943
2122
2250
5384
4158
5129
1298
890
5133
482
722
1095
3866
25
3160
2285
3000
4655
4602
3139
1475
41
5402
4039
4188
1307
4150
860
2196
3996
911
62
1017
540
2813
281
3139
-1
3003
1083
5062
2587
1650
-1
-1
2196
3340
3678
-1
993
5413
4233
102
632
125
2798
1180
5402
5384
2285
916
3682
3139
-1
3976
1044
1681
1413
664
3308
3219
2360
1664
4890
2196
275
3710
1323
304
1699
1339
3046
5362
3625
1313
3139
1798
1427
3838
-1
4891
2989
4541
1945
3284
5402
4611
2389
4039
4966
3890
2349
177
183
2196
4407
1154
5362
966
4142
4972
1352
2285
-1
5477
5028
882
2339
5744
789
-1
5508
3974
4226
-1
1401
3676
4354
2762
1860
2443
587
5232
5587
3749
482
4442
3664
4313
3139
3069
3139
5370
3904
-1
25
5595
3485
2122
-1
2872
1722
-1
3682
1184
4287
5064
4802
1023
947
156
4070
5003
3845
2211
3833
5271
2196
275
2975
3139
5698
583
5671
5408
451
1429
-1
1017
-1
2695
3887
3139
1006
25
2762
3773
3838
2998
3139
2557
4998
2982
2196
1462
-1
-1
2619
661
-1
3761
-1
4844
2196
3497
473
-1
2882
1298
664
2762
4801
923
1898
5671
1298
3964
3411
-1
3340
2793
1465
3480
4651
1185
4137
3565
92
4371
1117
2245
3621
2177
-1
5109
3621
649
3192
1974
2200
423
621
1594
2497
3931
55
2196
-1
748
3980
594
4611
695
4250
1611
3113
5062
3139
2519
5471
3003
3687
4105
3996
3139
673
4371
1583
2135
2285
5
1501
25
937
-1
1870
1853
4945
1378
5062
2642
3286
3317
25
3432
255
633
15
427
425
2630
4471
5215
64
-1
3694
185
2393
4713
1796
25
2334
3943
1452
1073
2412
4228
2772
4067
10
-1
25
2374
3933
25
1016
923
5497
3711
5311
3078
4466
2200
-1
2196
1307
833
3296
4057
1929
3710
2724
2994
425
3621
2959
5290
3461
2205
4265
4990
166
3139
785
1183
5249
3139
425
1157
4330
648
5313
4147
3139
1298
3682
4626
2762
4994
2196
4525
2269
-1
2599
4792
452
4287
1737
-1
4900
5062
1185
3521
1003
4718
3000
630
886
3387
2762
1541
482
-1
1699
2499
967
4279
2744
3139
3875
5673
1601
3139
3071
3676
2462
1407
701
73
752
1601
-1
-1
5744
3182
3532
5475
-1
-1
3887
285
4373
1210
-1
1786
1475
2619
2860
542
1302
1800
4890
1601
1307
-1
807
2191
2164
5242
3062
2130
937
2971
796
388
5381
5402
5132
3537
2016
1378
5587
956
5432
1290
1922
2619
5074
5162
-1
2649
4276
1598
667
1601
553
916
-1
1201
1160
689
2294
-1
5402
2724
5582
5009
3139
3139
1737
4123
4771
92
4403
2027
1178
469
482
4500
540
1100
2825
2393
1300
3297
5130
1101
391
-1
1465
1185
-1
3139
5037
258
1016
4039
5238
2762
931
1354
2863
2195
2762
1619
3308
482
4716
2986
5744
1692
665
-1
-1
2638
833
793
1711
2196
5011
2615
4498
2724
4245
1073
1601
1549
3756
5444
3116
-1
4835
4624
-1
2196
3139
5402
716
4966
51
1588
1894
2977
16
4629
311
5352
3852
1584
3139
25
2600
4032
3340
391
-1
350
2075
2200
1618
1273
2196
823
3676
904
2882
4753
-1
5402
2170
1465
4323
16
-1
1073
1001
4282
5499
1780
1298
928
425
2200
469
3139
2285
4142
3569
311
3259
1800
-1
5062
1019
2383
2196
4720
-1
3875
4158
-1
2762
1269
5402
1468
2376
4226
1898
1945
25
1470
-1
3676
5587
1036
2184
1215
114
425
1779
3363
465
2993
5613
1931
425
722
2825
3621
2152
2285
1183
4226
62
4772
2233
5049
1405
1374
3615
4373
750
5303
3139
1429
4594
3636
5086
810
5062
3875
5587
713
4908
3676
2364
1253
3914
3985
1044
3302
2579
125
-1
4052
2762
3308
-1
2390
5271
5007
3875
467
-1
-1
1405
3931
258
220
3768
1861
5236
482
4567
3190
2196
3003
3985
1083
1888
3302
5003
4576
425
2189
911
5479
-1
2196
3468
441
131
4158
719
4363
4228
3069
1166
5133
4435
5077
5393
2109
3291
4933
4792
2198
937
5700
1601
-1
227
4039
4718
1298
3864
4298
2516
114
3139
2722
1307
41
2727
2196
4598
3141
1185
1161
2383
2285
3960
4071
1876
25
5402
3072
5254
5049
5402
-1
1792
787
399
1480
25
3869
2196
127
-1
-1
2688
383
2957
427
2411
396
2220
425
2824
-1
3139
4771
57
2764
2500
5271
1480
5387
5493
3263
2662
1313
3139
1462
-1
111
3446
3677
4433
2196
2196
5402
4784
2882
3623
1307
5598
3377
1255
2200
2435
5471
-1
325
5140
2671
1636
-1
425
207
540
4833
2196
4093
1601
1049
1019
-1
4715
2566
3278
3720
834
4915
2869
4558
5690
5087
1016
937
326
-1
5062
1919
4966
2189
1996
4513
4039
4689
147
2243
-1
2200
2196
2196
2632
650
4447
3946
4127
482
4223
82
2200
3238
-1
2785
5150
334
4286
-1
1273
4256
834
3875
438
4007
482
1601
4315
1867
2196
4079
-1
4647
77
2196
425
716
4064
147
2196
5497
5210
1313
-1
4945
-1
3139
2809
2047
3400
-1
2724
2545
425
170
1619
3889
5062
3871
2364
3841
2285
1790
3289
-1
-1
4018
4841
2736
473
3013
4039
-1
1012
3615
1496
4807
4349
1311
4080
4039
-1
5402
3315
722
677
4447
1185
1297
4890
5402
4945
2200
3139
448
4225
5493
3904
25
3129
3374
14
4448
425
3581
-1
1160
3402
5402
-1
719
2200
5157
2285
5062
4890
1699
1378
1494
2285
2189
5213
455
311
3440
934
-1
5471
1185
2267
1943
4373
1232
-1
4660
5336
25
1269
681
1429
4966
4039
3804
425
-1
4111
3139
4718
2576
2502
1468
-1
5133
4082
227
875
-1
1465
4504
355
1298
1588
1757
2762
1215
2055
2619
1019
5062
1044
742
1003
1230
3139
4995
541
4890
2724
4956
53
5587
5664
3025
4987
4801
1307
4784
3240
2522
2164
3139
2517
3139
1313
3479
-1
5062
821
2325
1269
1362
2196
716
4343
1385
2535
3225
4513
3775
258
1323
952
912
3229
-1
3072
2895
5209
3875
4099
-1
2337
2120
1465
1297
2019
583
2825
1390
5491
3937
2390
1437
4332
2435
96
1699
3363
4226
2195
3060
540
1909
4750
2196
425
425
1320
4039
5003
425
746
-1
25
-1
-1
167
2164
-1
2294
2826
5671
3308
5152
1465
3139
3640
2273
917
-1
3816
4400
2762
1085
4654
1601
545
3139
2196
5402
4815
2615
-1
2195
303
3139
-1
521
3521
-1
3570
326
2690
1157
4629
1861
3139
92
865
4892
2443
2748
177
4371
2813
957
4000
2591
931
4110
-1
2200
937
425
2715
1601
3421
2164
12
5385
2634
1919
594
3621
4935
5671
4704
1339
869
5528
1044
-1
1297
3139
2825
3139
3575
147
2196
1598
227
3139
4066
3676
3240
447
1185
1601
4654
1099
3386
1407
3139
2017
4344
2662
5491
1370
-1
3869
823
806
4799
1475
5402
768
-1
2691
3089
4833
5587
1465
2350
2649
425
2380
5243
-1
5297
4057
1872
-1
2998
1832
4713
1754
25
4226
1776
5133
1044
4949
220
4720
3139
-1
1657
5505
1313
-1
4890
3139
975
4720
4945
1793
3682
4287
1776
3007
16
4158
3139
1313
-1
4900
3040
5365
25
2196
5077
541
-1
2200
973
1061
4276
3028
-1
4820
572
3302
3072
916
2200
1779
227
4419
4771
-1
4598
2196
833
3046
3139
1945
702
1307
5690
2016
4564
3115
2286
2195
4226
3833
3139
4890
4771
2168
1757
485
3139
1480
4026
3139
-1
1777
2587
1472
2196
1121
5293
1742
889
5518
5473
3800
4019
-1
4373
3954
5062
53
2707
3562
-1
4718
2670
-1
-1
3139
4884
3875
2828
1124
-1
1452
4188
-1
2454
4114
3528
-1
-1
4966
3621
1699
2196
3725
-1
25
5471
5497
528
3822
3170
2455
1206
1429
1041
-1
176
5002
1429
-1
4995
4890
4023
3397
-1
391
4158
-1
3179
2881
3748
1429
1504
3965
1405
36
1727
3072
1932
-1
2615
2415
4032
5233
3139
5013
249
438
4226
4226
4689
4566
1429
1278
41
1178
5087
1433
1583
4638
2085
5497
1804
224
4598
1546
4945
4039
5302
2572
1374
3887
2285
2825
254
1019
2838
2535
1475
425
5532
4801
4990
2365
594
2882
3621
1298
1298
3807
2825
1468
991
4916
1298
4521
57
-1
3943
-1
1905
4836
1601
425
-1
261
-1
2553
3049
2285
1230
1712
-1
304
2196
1706
-1
1506
5062
227
2196
2148
227
4039
4713
1653
3875
4011
5140
3148
16
2390
5597
1588
5473
3139
4915
1808
-1
4978
5071
5499
3139
3069
425
391
3676
2243
3696
2122
3326
5062
1777
3139
2461
3139
2477
1269
2494
2848
57
3501
1297
1210
482
1601
4654
2724
1044
2196
1463
2352
1903
2377
1809
5062
2719
1461
2459
517
353
482
316
425
5729
4226
788
5132
92
425
3139
3761
353
2691
4277
2196
2196
-1
540
521
-1
669
2482
1016
-1
-1
5093
92
3139
3139
3092
3735
3055
3492
25
4217
5028
1685
-1
227
4792
5118
4422
1759
3139
5230
5499
304
808
993
2619
25
233
4373
4825
2429
1482
5198
1378
2196
3770
1215
2946
2285
4798
823
3294
4700
4667
3570
5339
1101
1671
-1
2863
3182
3586
1632
4478
1601
2929
1677
5104
3914
910
360
1699
2285
2615
791
2196
3139
3095
4049
3003
3165
1650
5203
-1
5235
178
1919
1931
515
1583
4373
-1
3139
3139
425
-1
3496
3264
4039
-1
5410
3676
1046
852
3286
-1
1433
-1
2279
5267
1706
4771
4654
3676
4718
2236
-1
667
199
2079
4142
716
1006
227
243
-1
-1
5402
1230
1459
1206
1063
-1
3139
2633
1681
5587
4848
4472
195
3696
3139
5714
25
5671
2762
-1
391
4231
1961
890
3944
5516
2681
747
2624
127
3139
5191
4945
4196
4447
5528
1230
398
1379
3139
109
881
-1
3139
2196
4373
4039
4406
1458
5031
2762
1307
5062
138
1434
1160
3139
2838
2867
25
2196
4507
798
1152
1462
5133
1780
1429
3139
1269
425
1379
3139
5028
5587
3297
3015
3137
1527
2122
2438
124
2872
1378
355
214
1703
1588
3062
1692
746
5165
2200
5402
1168
2993
425
3196
25
2651
3073
1385
743
1360
38
4570
2825
4616
3139
2863
-1
4240
3308
2196
666
25
4727
4039
2262
3741
3580
1699
100
343
2285
1429
3926
2762
177
1307
3107
1157
1972
5402
1742
55
1054
3707
1429
3139
18
4875
482
1465
4276
4142
-1
4666
1823
5042
4720
5518
801
1181
5402
-1
3308
4969
1821
4800
1830
3106
5556
3730
4371
482
4226
4890
3071
1119
-1
1283
3139
5402
594
1244
5475
1405
25
460
3003
4373
5154
3311
425
-1
3139
4654
418
3696
3089
99
-1
4039
4820
3139
3139
5592
3139
3139
3139
4129
2096
3139
298
2016
3139
233
3057
2911
1307
298
1054
1429
1779
450
1012
2648
4890
88
5308
2285
1298
1941
3668
823
475
482
4998
1588
3139
3991
3139
1872
-1
2994
1692
1230
1215
5370
3580
367
1504
2989
4713
5093
1151
425
5164
4529
5475
5638
2193
-1
1482
1157
5271
5254
-1
-1
1452
1241
2122
2279
-1
719
2974
1307
1073
3577
1116
4142
3863
1003
5229
425
2090
4443
4373
-1
594
2196
4371
4226
-1
4628
1044
3485
3450
3139
3139
5576
1405
-1
2724
3139
2196
4373
1465
4986
4122
2285
3621
1681
2146
2619
117
1692
3621
465
-1
2762
4451
3800
1313
4559
4048
3139
25
5055
473
4808
2662
1569
3983
5385
4900
1019
155
-1
470
1645
3707
425
5521
1861
687
5156
5402
613
4966
4226
4713
1206
2451
1429
-1
4890
4497
-1
993
1722
2762
4945
3139
5293
5656
1076
1307
4823
4053
3139
1436
432
586
746
-1
1405
967
1465
1958
1307
1429
1230
482
1269
53
3139
4048
4040
2196
5731
-1
2619
-1
2901
391
1538
4513
-1
1601
4790
4857
2366
5576
4287
5062
2008
1572
3018
2196
3003
2570
4497
-1
3139
408
246
2833
5472
941
2872
5699
2949
3308
5089
5402
957
3139
5313
1206
3691
2812
-1
4181
-1
2998
2333
4323
-1
3921
2285
2204
288
1601
1601
5362
-1
1054
25
304
3139
3651
2083
-1
755
5402
4298
1152
3115
-1
785
-1
111
3139
2325
823
-1
5712
2350
3139
594
1429
1044
5587
4598
3390
3006
-1
1215
3875
5471
1298
3107
4992
304
2813
25
5587
3048
1793
-1
4836
5050
579
-1
4408
3424
635
2277
5296
4624
482
719
4587
1482
2020
1722
1777
1427
3875
2021
-1
931
3139
93
1168
425
4311
1298
3869
1350
548
2164
25
3028
2200
3461
3980
-1
1193
4945
51
25
3566
1971
5028
425
3676
121
3004
2619
5497
5744
1465
994
1095
5062
185
1823
1168
1307
1183
3838
183
3139
1327
425
4497
1625
-1
2218
478
4082
227
3308
4688
2587
5387
3800
1583
3503
4764
4057
5122
1433
4717
3621
1627
1044
5671
5378
4654
24
5062
923
1313
4945
4890
2227
3077
1909
4820
5671
993
3308
-1
5062
4469
3240
2378
2285
1459
1405
718
3046
714
396
3139
371
1825
3337
3682
4018
3139
3006
-1
5384
5139
4718
-1
1429
687
-1
2146
2813
2825
5076
296
5714
5034
4036
3139
3139
4945
4075
1601
4332
3240
1452
2690
643
1933
4438
1215
2146
2724
36
1339
1480
4039
2551
4080
4978
1465
1389
1629
4949
2332
1044
641
3343
4000
3193
1572
3034
3139
1521
1273
4039
5419
3822
1152
1777
3139
1699
1650
4497
3538
2127
2989
2502
-1
-1
5227
2125
1429
3863
5340
1506
3996
2135
1722
482
2196
1553
5000
876
1016
2333
1333
3264
482
5370
-1
1405
2949
3467
1583
1369
3539
2107
494
425
1230
1829
425
1738
3864
1601
5285
2196
2719
-1
3238
391
4581
425
4890
5213
2285
2435
1297
2196
3272
5576
2741
4865
4526
5695
1314
3139
2998
623
737
5062
2146
2308
3139
2200
4672
785
3402
3139
-1
261
1583
3139
3139
5587
5695
4718
5268
524
4127
5183
5107
5733
-1
4713
261
1095
2843
5122
2290
-1
197
3003
583
3750
4966
1619
2882
5231
946
1119
1792
3139
25
2109
524
2383
3000
147
908
1658
2200
3615
3113
1168
1168
3996
2285
2762
3800
450
1168
3139
1054
1433
5062
1003
3764
147
923
5279
3378
-1
3714
3071
1945
474
594
1482
5402
3139
482
485
1601
823
-1
2285
2196
425
850
843
1286
4250
414
3139
425
5587
2196
5521
4718
2329
1459
147
561
5402
583
4912
4513
-1
1116
1307
1699
1927
3378
2084
284
-1
2200
2895
3139
1194
-1
5362
3290
1016
5598
3139
3139
4720
3875
147
-1
5631
2911
1262
1480
5737
2390
2225
2285
147
4511
4684
1460
-1
2615
425
3621
-1
650
3570
3676
1636
5419
2724
-1
2698
-1
5216
-1
2882
1868
5683
3107
4014
2220
2632
2345
5410
4654
5385
2196
610
1385
4034
3888
3495
324
3139
3621
4117
425
787
1619
-1
3139
4462
4039
3406
1630
1771
5587
25
4400
3317
425
5587
3003
5479
1057
5271
3875
255
3028
395
5576
2876
5330
5049
-1
1017
4667
5062
5690
1204
4226
5402
4053
3768
258
693
2200
-1
5121
5402
-1
4966
5411
2084
4243
5437
3317
1504
3139
1054
-1
76
2066
3139
-1
1549
4513
5282
2994
2196
1429
1119
1779
2967
1204
2911
251
5402
1016
1800
482
2785
2084
2333
5345
3018
1521
2122
3060
5264
2976
425
4226
1269
504
3060
3344
2636
-1
-1
2854
1269
3139
1053
4945
1298
2265
-1
425
5331
632
3485
4200
5747
1588
3308
-1
2376
25
5199
5183
261
2825
4226
2196
4438
2285
-1
868
425
1121
262
3139
5390
2954
-1
5339
748
-1
1876
3308
810
1478
25
4890
3059
1487
138
5062
344
4497
4771
3139
2390
630
2268
-1
1733
2630
1503
4836
166
4039
2196
785
5714
1699
3382
1601
1157
4802
1307
4650
5204
3139
157
5194
3496
-1
-1
3682
3591
764
2428
2196
2100
3866
1183
937
2105
5671
-1
3676
1178
1185
5402
1664
3003
5165
1636
2762
4970
2762
275
5050
1210
1297
4555
2586
4117
127
482
2192
5062
-1
4790
539
3139
4112
-1
4001
1452
-1
2574
787
5402
2196
3218
2059
4733
5402
4226
1429
2813
2964
177
3682
600
4713
1083
1722
3139
5700
425
3139
908
2882
1583
1800
3139
-1
3658
4763
2441
1268
3113
548
4650
5402
16
630
1501
840
1037
3278
1759
3997
3623
450
5402
3242
2432
3506
5
2574
2098
932
4598
3528
1306
5236
3771
3488
1931
2749
1238
4188
1313
3630
1168
1168
-1
132
2333
2220
1433
3139
4356
2196
4564
425
3046
4492
1307
353
3139
3976
1044
3139
1521
25
4835
4720
3728
4740
4226
2060
3943
4998
5737
3318
4371
3308
4949
2420
841
25
3596
4836
5208
52
4018
1461
-1
1847
3697
348
-1
1684
5271
2189
934
5077
4226
227
5547
808
4283
4356
3139
1480
3301
-1
1220
2452
1131
4701
482
4032
2200
154
5304
3315
5419
630
5074
2762
4777
2619
2243
2570
425
4815
5587
425
1700
-1
2615
2072
1206
1827
-1
3748
1297
425
3222
3139
5712
4158
5133
5667
540
3139
4720
-1
-1
4836
4200
3089
4884
3228
3842
2160
4909
2806
4603
25
3202
3182
1589
5402
583
5218
-1
424
4713
2825
3139
3480
5426
2794
2189
3003
785
4196
482
1433
5712
719
2872
4276
1722
5062
3222
3838
1583
1362
-1
4092
663
-1
1307
3654
425
-1
3838
425
2754
3308
1178
57
2638
4720
2691
5313
-1
-1
3648
3066
1339
1379
4030
3139
2724
3791
2075
5402
5164
1405
2435
3011
15
-1
3139
2736
-1
15
1504
5213
4778
107
5368
4099
3957
1567
4888
2206
1776
2285
4965
3308
3107
1676
4574
5162
3289
5062
3139
2762
4494
706
4713
4890
4896
2598
1172
5062
3623
2724
4079
4802
2124
1265
1429
-1
-1
227
4034
3089
1230
2105
425
1573
195
1498
1777
1044
1210
4720
16
5587
25
3003
5184
5662
3018
985
2470
304
3139
1809
2160
3392
3110
1616
3955
615
594
25
2285
2615
1167
4915
-1
2691
2598
5200
-1
2676
2830
2084
3565
5402
807
5153
4373
630
2096
1016
4165
-1
2285
125
-1
3682
1555
2565
425
2285
5049
5293
5582
1368
2023
4196
4143
1945
-1
5683
77
1057
57
4142
1019
2762
4373
1230
4039
4836
4396
645
1793
425
-1
3003
1760
4945
195
2462
4354
2285
4941
3641
2174
25
2331
1307
5222
2308
1452
-1
3150
4373
5512
1601
1593
844
425
25
2762
4801
882
1703
-1
227
3139
-1
3139
5062
4890
-1
3069
3467
4771
3215
147
195
1800
1168
4237
4000
2467
4763
5241
-1
1354
2285
348
2196
482
5169
2206
5062
1083
3139
5362
5402
-1
1168
1298
515
5062
3139
5749
2568
787
1230
-1
5648
5347
3139
747
2285
2810
41
3061
425
3621
3003
2565
5362
-1
1429
-1
2019
1800
2579
3996
1798
4732
-1
2146
1465
1155
-1
1602
1809
1441
-1
5604
2200
2240
1861
1101
2196
4196
1692
4603
4226
4153
2572
5085
2507
3515
3940
1327
3139
31
1402
4890
-1
450
3458
3308
2570
931
4827
1157
3139
369
1583
559
2619
2390
2435
1884
2548
1307
1723
3238
4513
2122
25
3996
99
3139
1024
5714
1780
695
2619
4978
340
2385
4884
5533
1619
2813
-1
5725
5062
5410
3222
5402
1185
227
3139
1482
2383
5402
5049
3878
482
1948
2697
2116
4862
1047
2762
3139
3363
4373
539
127
1429
3495
3595
5687
4720
-1
5133
2202
4406
1709
539
823
4844
-1
1379
4561
814
5557
1269
5264
2135
3541
4784
5483
3850
1183
4408
3719
-1
1429
3531
1429
4772
5362
-1
4611
1635
3139
2285
5466
4039
5143
1506
3105
2706
3223
-1
916
2345
2602
1723
1595
-1
1562
3370
3954
5651
1012
4513
4945
3139
3568
-1
3293
2911
1168
5062
5719
4578
25
3085
177
4568
1206
275
2921
2200
2571
3875
3139
5506
4464
281
2364
4993
1230
1152
2196
3621
2324
3316
5608
3767
3139
4890
630
1152
1601
4820
2619
5587
5512
4435
2615
687
3628
2089
1796
3880
5304
-1
5687
5062
1706
2196
5698
5088
-1
1547
2122
4693
5125
5402
3191
1185
5049
3974
3822
2200
-1
4598
-1
4815
4287
4486
788
4287
1405
989
5182
275
540
5490
5062
-1
5402
4332
1511
2505
-1
-1
1016
1681
3645
2943
1306
1313
924
2183
785
1286
3904
5473
3160
3003
2211
220
1636
-1
1394
5028
2196
402
25
2691
2943
5085
5049
59
3139
5402
2196
1464
1185
4315
-1
1246
-1
2365
2534
3182
5124
2473
3139
877
2097
5446
467
1976
4998
4626
3139
4287
2285
3676
482
4668
2778
5587
53
5218
3139
5471
4226
5062
275
1168
5062
4817
2762
538
25
2196
5132
995
227
5419
-1
2059
4254
1429
5203
1168
1429
1480
2724
1119
1636
1462
-1
2057
1185
2196
5657
391
4121
5049
792
276
583
1518
3113
2611
1800
1619
482
-1
2813
-1
1161
5362
4720
4142
2454
4213
2196
2196
1307
1388
2549
127
2154
351
1894
3139
4853
1160
2196
3139
25
-1
3035
3191
227
2146
5402
1157
425
3139
798
3916
4188
1044
2200
1359
1907
4966
2595
127
1813
3308
3839
2196
3756
5712
622
2285
1178
-1
916
5049
-1
2724
5049
2196
3373
-1
2326
622
1867
2882
3772
-1
3073
12
1676
2124
3139
5218
3621
-1
2958
425
4356
3401
5323
-1
2135
5062
25
4039
4886
1928
4993
4890
2619
3139
3770
2535
2285
1003
-1
3771
-1
3071
2122
5402
3994
3793
5596
2196
425
5062
1055
2724
4945
1532
4890
2196
438
1028
1800
3139
-1
4373
2285
4417
2574
3676
2240
4362
41
4784
5473
5263
53
5584
3308
2615
1886
190
3644
5651
2619
4287
-1
-1
147
5587
4945
956
594
1405
2867
-1
3139
1681
4383
861
195
1294
2781
1662
4142
300
2200
5269
3069
1019
103
2195
4367
5191
5155
2285
1347
3308
2135
4945
5366
2678
-1
450
540
-1
4044
425
3259
3123
2638
3000
2439
4099
5556
2055
5205
4720
2285
630
825
1407
4082
778
3139
2196
2364
3944
2257
2549
2911
3139
2067
391
5402
5402
470
-1
341
57
1601
1321
1448
-1
1619
4438
3623
2196
-1
2109
156
2762
1453
1681
3066
4401
-1
1885
4158
2333
4291
4713
3810
921
177
-1
1354
5164
683
-1
2333
-1
3592
-1
-1
645
3139
4129
2178
2154
5619
5671
-1
3139
2749
3980
1427
1727
1809
3467
3862
5330
2196
3761
1902
5362
3017
-1
3139
184
3390
5402
425
4484
5077
4176
5402
3308
-1
2285
3880
4248
255
438
2243
3880
1044
-1
5402
695
3621
425
3057
2703
2019
4280
223
1095
2484
5731
3136
5402
53
5673
-1
1206
4188
4045
5574
1374
4701
1297
5125
923
1874
2638
1307
3645
25
3875
5062
324
57
562
4158
-1
787
3875
-1
2196
127
1465
473
2133
2295
485
1583
2639
-1
4517
2149
3323
4057
5527
2805
3315
53
-1
3308
5087
1429
535
3449
3633
2477
2838
5402
3771
-1
5061
4378
4011
2703
3073
2189
-1
213
1273
5061
1465
1994
5402
2216
4128
1484
2281
4951
2374
4469
5384
315
5254
4074
3139
1017
5142
5354
5322
455
1044
4192
3139
4444
1959
2164
-1
230
2762
1313
5049
1384
4777
393
4917
2196
5521
2255
3139
2762
2196
1928
4179
1777
1405
2164
304
1089
196
3422
5122
4777
-1
1475
2382
3051
5401
-1
3035
2148
95
1354
1647
2580
3139
2825
2196
556
2879
669
4265
1273
2901
2843
1699
1296
427
1902
1632
688
5387
1235
2615
-1
2196
5278
529
1300
1452
4469
1297
3160
4808
4110
-1
5402
3109
5062
716
79
5049
565
1653
2339
29
3651
1821
1727
4890
4226
444
1160
3333
-1
3046
5731
5394
2914
2762
193
-1
2245
4890
1003
391
996
3139
51
2149
482
2939
3602
5551
1003
3248
-1
275
5384
896
4298
5476
2164
222
1561
4142
747
3583
1928
1180
2517
1637
223
3139
1699
2435
1288
4608
3467
2153
5133
3641
5402
1480
4142
895
823
-1
1491
3139
1949
4654
4373
-1
2825
1598
425
-1
5233
304
5472
2762
4890
485
997
5671
-1
711
1313
1390
1737
5618
3080
1057
4771
4298
25
2016
177
2494
1763
4687
5385
236
5068
-1
3495
482
5419
3139
2390
2285
3991
3222
425
5092
-1
503
5576
5402
1515
5402
3467
3301
4865
1583
3641
25
3613
3592
227
-1
1588
923
4000
5301
3164
5339
896
2863
2913
5493
1429
5062
-1
3293
1313
2285
2840
2742
4484
1699
2165
5194
-1
4051
482
4264
2693
2200
1354
921
1480
3833
5402
25
1095
2762
3139
2116
4802
995
4039
1751
2724
-1
3057
1935
113
-1
3139
2365
3080
5131
227
4497
1354
722
1139
2505
5477
2285
2085
3003
-1
5062
425
3139
4185
1079
4371
1161
1583
2196
2122
2200
3762
-1
127
1528
3578
4771
2930
5533
1283
4039
5271
-1
2196
-1
227
1821
5142
1339
4298
-1
719
3127
391
5062
2195
1152
4615
1945
3182
5075
594
5731
2196
1354
-1
3139
2473
4376
3782
3480
2196
2808
5122
304
3449
3139
1307
3037
25
2762
787
594
3526
1945
2825
2698
3828
1206
1439
5085
1210
2196
4039
2234
227
644
3403
823
147
494
3139
1699
5384
1976
-1
62
4637
1453
3308
2122
4039
3057
-1
2989
3139
3080
4398
2082
3034
427
5333
5384
4197
1095
5733
5427
2206
4142
4079
-1
3712
1352
2196
25
1315
-1
2285
2043
2852
425
16
5271
3139
125
2572
3940
5671
4039
586
974
3308
2196
2016
3148
5402
5082
3139
457
588
1448
2196
3943
5180
1845
2196
3074
2095
3401
722
2762
4878
602
1809
1019
3139
3139
2876
3139
3688
1190
1157
4505
2953
3676
3139
2270
823
5223
3264
500
3139
3074
792
111
3139
2968
2200
1221
3046
1919
2196
1776
5081
4828
456
4374
3970
425
1379
-1
4907
1298
5402
-1
4045
3308
706
3139
761
1601
3863
4844
749
5028
1909
1283
4975
1635
425
3139
3985
1405
2462
1448
3641
5497
2196
1482
4497
3985
2196
1583
1161
5504
4072
4615
3645
2644
-1
4694
-1
1131
62
-1
1168
4353
2285
3139
3544
3067
4438
5112
3820
2200
3676
2196
2465
4840
3029
4563
2196
2196
5022
261
521
5148
49
3521
482
1465
3139
3139
-1
1339
3139
4209
2236
4761
3725
5611
25
3554
3139
5402
2886
2901
3139
2201
1780
3139
1452
1118
2989
395
3139
1183
424
4945
5745
4226
-1
3970
2414
5178
746
853
1206
5254
5616
2196
4654
2196
1230
2196
5262
1507
4039
425
1049
1699
3945
2457
5183
2248
-1
4915
5049
5174
-1
-1
314
4039
3954
3955
1750
2676
3996
2196
1429
494
1407
3057
1044
25
-1
-1
4073
2724
1800
2285
3888
1661
-1
3682
4311
-1
5062
1475
3510
-1
348
5028
5466
3289
2196
3991
473
1101
4177
25
3800
3380
594
4497
1185
3139
450
1684
1504
583
2196
1603
2081
5651
621
-1
425
25
4747
3800
1168
621
482
-1
1315
-1
437
2196
3018
5271
2565
882
540
-1
4654
4986
25
5402
195
2074
25
4193
3461
3139
2594
-1
5473
4966
1263
3069
-1
4454
5109
934
3027
-1
2629
5064
4438
5659
5402
5232
3068
3139
3139
3125
3318
1583
3808
-1
227
4332
2903
3246
2720
1583
3422
3991
3139
3037
4836
4945
4015
3139
2590
2638
1636
225
3370
488
2454
3682
5385
3051
