3038
1517
3115
834
1016
3139
1636
3007
3139
5402
4992
3007
1307
1429
5241
118
1307
4948
730
1307
1095
695
5319
-1
3139
2611
5402
4038
3139
5164
1178
2122
1821
3218
3543
5402
4998
3139
3351
5142
2531
3139
457
5442
4110
1313
2240
4373
4602
1307
5164
3240
5287
5164
5164
3139
1902
1307
3092
2479
3139
5522
2951
127
5608
1928
2982
891
227
3218
3139
2479
3115
92
4034
5426
5571
3139
92
3768
1640
5608
5402
3007
5608
5596
1955
3139
-1
5288
4793
981
4110
5608
1206
5587
4062
2634
3139
784
3303
2615
2777
4034
1307
3991
3856
5522
1339
3846
2563
3360
1206
2454
4626
219
1640
547
3139
3007
5415
5133
2454
3139
5235
2587
315
4034
5687
447
1594
4034
1902
5443
4402
2408
3924
3139
5094
3139
3530
3991
4972
-1
4034
1583
3139
4521
314
740
1824
4034
1044
425
5608
3139
-1
-1
29
4689
975
1371
2454
1448
3377
5077
-1
1775
929
3139
1206
2882
4039
4034
3139
3184
4110
4221
611
3838
4518
540
-1
3007
3139
1993
4368
3620
1639
4696
3349
190
5402
1323
540
4034
2454
92
2762
1480
3218
3996
3139
810
3687
5608
4034
281
4110
3813
2765
1024
3139
5512
3139
808
1994
4039
1024
2479
455
1300
3139
5608
245
1902
1313
284
3139
3377
4280
1863
5261
3838
4034
3297
3385
-1
3139
4859
1783
4864
808
1307
5466
5576
462
1949
4712
5431
1024
3377
2196
2762
3920
1688
425
4720
3448
4190
3308
1206
3139
2454
41
3377
5419
11
3946
972
3139
3139
455
1339
3074
3139
5062
425
3139
2164
3115
5180
5402
428
2724
1297
432
3800
1297
2454
147
4524
1024
2196
4070
832
-1
455
425
2196
2454
1902
3139
425
3813
1206
3139
4634
3218
425
3597
1902
3139
5699
1297
5101
3653
-1
1297
287
4982
1297
4171
11
5085
4070
2671
4034
1793
425
4034
3617
2195
421
4771
3377
3139
4438
602
127
2454
3813
5608
2269
5521
2339
1016
2833
425
3660
1475
4728
4654
3007
1206
3590
4815
571
757
5132
5509
2700
227
3681
425
1640
556
3297
2724
3875
3996
1307
2838
1297
3139
3297
4219
3621
923
1297
2328
2867
3240
3139
832
4232
832
-1
872
4736
5053
4966
25
2196
-1
1484
1863
1254
446
387
425
916
869
4548
5355
1297
3229
2762
1452
1297
5402
25
3589
1429
1304
3139
-1
1986
1024
-1
4935
5587
5164
2189
808
3863
2321
556
602
4283
1640
277
3556
-1
1086
3423
3377
4039
5235
4076
1297
-1
4221
5274
1184
2370
3110
4108
4034
4034
2503
4616
5239
872
3377
4070
-1
5524
2201
3875
2762
1688
1583
2762
3422
2762
2672
5062
2762
3712
3139
5587
4034
4337
556
3297
1690
2348
1292
4034
1297
4300
3110
3139
2615
3139
5402
-1
3139
4936
3996
2762
1480
1640
-1
1708
-1
482
3139
3509
1407
3136
3139
537
2196
4661
1337
5402
556
25
2762
3875
3136
5239
3595
3556
2196
2762
872
1071
425
5512
1297
1086
5432
1968
3110
1601
1304
5239
1902
3733
5228
5239
3139
45
869
2234
882
3991
2234
18
1777
-1
2575
5512
2927
1297
1383
4521
1647
916
5587
3330
571
556
2695
4966
-1
5172
2766
916
2196
2200
832
5333
-1
872
4039
225
2619
539
1297
1024
425
485
3556
147
4034
714
4283
2215
1206
-1
1297
3621
1307
4616
5239
4945
5644
5608
2540
5062
3621
1710
3139
1139
2874
4496
3066
4992
376
400
5610
-1
1601
5018
187
5092
3139
1209
4657
1157
482
845
5410
3139
3139
3297
3651
1206
-1
3330
2934
4039
3556
3733
2339
4615
2631
-1
3224
3716
3107
3330
3231
2973
-1
2837
4690
-1
25
5133
1583
2762
557
4255
2196
5451
3139
3139
582
425
4188
3782
4399
1583
5587
4200
25
25
1054
2196
5530
4997
4034
-1
4129
3421
2196
4561
3297
2890
241
5608
4593
5239
2196
2405
5254
-1
1044
575
3139
25
4986
2196
2269
4904
2610
2333
1297
1384
4603
2587
5185
1086
2854
-1
2332
3139
3569
452
4392
2967
3987
1974
5497
-1
3139
1480
557
5387
425
5402
2951
3875
5387
2196
2662
1510
5402
1262
4662
1297
2861
3733
3330
5018
5608
3186
3139
3139
632
5402
1681
3017
2285
-1
5164
3996
2762
3712
1480
571
3046
1575
4225
25
4127
5587
2196
571
2215
3110
2462
425
-1
-1
1297
3297
1793
3838
3556
4005
3139
3107
2619
5176
2087
4684
2523
3733
2615
5050
5433
425
425
3141
4039
3447
4282
524
5313
3139
5561
4713
3367
523
-1
5062
425
-1
3963
1160
-1
4025
924
2405
1160
2838
2285
3139
5670
20
-1
2479
1688
-1
1152
378
2762
-1
-1
4907
2338
1601
2454
1307
127
4373
2312
3427
5133
3269
3594
5608
4325
4713
3139
4907
2000
3139
4070
1688
4373
1304
3682
4846
5249
1629
-1
1803
195
-1
4129
4034
4298
5062
2370
3996
2762
1699
4110
4945
1054
5472
2459
5402
2186
5042
2294
543
2016
5018
1767
3615
-1
5518
2320
1349
5445
3240
1629
5493
4039
3974
1160
4039
3139
25
1480
2196
2285
4526
25
1931
5062
5331
4070
166
3733
1843
4373
2626
5402
3875
1436
-1
1516
3139
5608
3238
5155
4039
3139
2762
4039
1295
2196
2651
227
2339
2196
-1
2285
3377
1297
2931
1461
5049
583
-1
4497
1783
1702
1427
5249
40
-1
1461
4298
4188
1601
1928
5715
1480
514
425
1465
4717
2338
3556
3139
5402
2615
2615
425
816
5512
425
4992
3418
3382
1044
4070
-1
4040
5396
3139
1054
5487
4566
85
2200
5493
3556
2615
3139
3139
4802
1832
4484
5402
4662
-1
857
4713
97
5043
4554
3023
5160
3676
1044
3756
3139
3297
628
4373
4815
5062
1041
1084
1298
3724
887
5402
834
3136
5502
5608
3171
4482
2479
2619
-1
561
2285
5062
3297
1902
4019
-1
4329
698
3139
4922
458
5062
5530
823
425
3266
1044
-1
5491
1944
25
4907
3762
3784
3682
4553
2911
228
3884
1352
1255
3723
5384
482
1206
3682
4966
2285
785
1297
5491
3107
4862
872
872
5258
25
-1
4039
5521
5384
5062
1003
5124
3987
3813
2285
3139
1601
4327
5695
3840
3139
2196
3139
1323
1504
3139
5239
2158
258
3139
3733
5741
1800
4945
3238
1024
5402
5333
556
4593
1480
1240
5308
5088
-1
-1
25
4155
823
3586
4300
5062
3461
1199
2408
227
2838
3621
3110
5062
2285
5414
2070
3676
3985
3139
2350
25
3139
4975
-1
4264
-1
4703
2380
3367
-1
3107
5121
3139
4168
5008
5587
3139
3621
2380
2251
2196
1468
5062
3139
263
92
4168
516
3377
92
3473
4497
3139
5402
311
4110
1307
1313
1029
3733
3189
4795
3951
2323
4373
-1
4497
556
147
3139
3139
2408
4039
746
2149
1044
2531
4945
2164
1323
3985
5275
1307
808
4674
1699
1298
1699
3265
1313
2762
469
808
2454
3396
2724
3682
4497
2665
3636
92
2196
4603
2587
5402
5530
3586
4474
4006
3611
379
5375
25
3139
2885
5402
2762
1636
3029
808
-1
5049
1054
3139
5547
3139
2021
3188
4036
-1
1044
2285
1313
2703
2338
3033
1601
2454
425
1307
3996
4966
3985
4818
922
4373
4966
5426
2060
-1
2762
3935
4053
2200
1776
482
4330
4039
400
3330
3676
3621
5493
4890
1840
-1
4034
3139
832
5081
2501
2911
473
2762
1024
4231
3072
3682
5629
-1
1054
1588
515
586
1429
5153
5729
3630
5687
-1
-1
3586
3139
5062
4605
1550
561
2196
1427
1297
1480
4949
3996
787
4039
-1
4689
3917
4794
4039
-1
425
872
1429
5239
379
443
4287
4713
571
2982
2285
5594
2338
195
3875
4269
1541
5576
2535
5402
3875
5402
1588
2285
3110
1398
3813
395
195
5235
4945
1003
1480
2200
556
4622
92
613
4603
3074
1480
2196
2762
3139
457
473
522
-1
41
4373
2889
2285
5587
2957
1044
3507
3479
4158
3586
5049
1601
3139
-1
4400
3139
3156
1480
2164
3168
4373
2034
348
-1
1461
3346
2200
3586
4829
2196
1778
5248
5402
5497
1727
4004
3377
1012
425
3649
25
3113
827
1307
4397
4034
348
2196
5402
2454
2619
5587
2200
4242
2338
3621
2517
1044
5466
1791
1480
613
4553
319
1410
3107
2738
389
3875
2196
3139
4000
5587
2943
2587
571
5523
2982
5133
98
4311
3139
719
-1
-1
3985
3653
4628
3139
241
455
2762
4373
3139
1038
3552
5140
4168
4142
2196
5133
425
3996
1436
5133
5174
1054
2454
-1
1044
2123
583
1572
521
5608
4039
3139
5164
3050
5570
1871
-1
4121
5326
113
25
5439
5062
744
25
2370
5477
2196
1640
3110
-1
2196
2741
2435
1323
1297
1914
4373
53
3110
2196
2196
395
882
5282
4264
4929
1448
3485
3586
2841
4673
1699
3367
3682
1062
1269
482
-1
718
2974
2515
1770
425
379
425
613
82
1298
278
5686
-1
4125
5419
3139
1160
1849
-1
3204
425
3139
2390
-1
2153
3003
3139
4616
2195
1572
3139
2200
583
425
3139
2462
501
2269
5584
3336
4282
5402
53
227
4000
2430
4039
5512
-1
425
-1
3163
1300
5239
4373
2730
-1
2454
1629
4784
3139
2233
583
1298
4000
1481
3309
2691
1794
3651
3682
482
1779
425
4039
2285
1480
5402
261
3682
3074
1732
3139
398
872
348
5174
1160
1297
3139
2762
5049
1442
1427
1038
3139
2768
425
2196
4497
1298
-1
195
5574
4720
-1
2285
2535
3139
2292
1479
1700
5587
1850
1105
1206
2269
3917
482
1313
2200
3107
4039
-1
3308
2285
1307
1307
3074
1583
1699
1480
632
25
2078
2741
5040
2196
-1
3139
3086
5239
4845
3003
-1
3695
1681
1618
2817
583
1060
5402
3068
1636
11
5674
5078
1480
847
3130
5402
2214
1152
2019
2188
3297
5204
4474
872
1443
166
3689
801
2825
3870
1429
232
5402
5140
3139
4125
5043
1699
425
4129
1320
4637
-1
4862
2957
2911
5402
1054
25
1054
-1
-1
92
-1
1347
1460
4992
4287
-1
2196
2196
2285
785
1131
4217
4982
2200
4142
5210
2544
1033
823
5613
4039
425
2196
4142
3107
366
3859
3139
1206
3268
3139
1480
-1
5672
1465
632
138
4226
1776
425
-1
319
227
4598
1307
639
3816
3139
3331
4949
1586
2281
4039
1443
3330
3507
1282
455
4034
2619
1719
4039
29
1337
5062
3638
425
785
583
1405
1160
785
719
5148
3115
2454
577
5505
1699
1480
1498
3330
1427
5682
2079
1218
-1
2615
4945
1405
3374
3238
2285
482
1914
2825
3144
5608
-1
1101
5402
2660
5148
5439
4373
25
3116
3539
25
-1
1266
178
4559
5018
147
5140
5146
1821
2615
2755
3139
2517
3676
2619
26
25
443
1101
4992
4348
515
3107
4478
3072
5022
5203
5384
1368
3682
4034
4158
4713
1480
952
3072
-1
-1
716
609
5499
687
2196
594
425
4993
3139
4497
170
3656
823
1927
1480
5062
3701
4151
4949
872
5402
1206
3682
1354
1307
571
2196
3621
3139
3987
2195
3139
5387
2813
2196
931
1692
225
304
3985
5426
2910
3139
932
227
5402
1297
-1
2787
3219
25
3139
1429
1601
3377
4226
5655
1297
-1
4715
1783
4039
1703
3364
1429
53
1465
3422
1496
3930
3139
1274
3238
3139
1276
1480
1157
482
4559
2890
2593
5043
3878
1588
1480
4662
676
427
3003
4373
3107
2196
1480
1601
3703
703
881
3109
5402
1588
2231
1297
4169
1044
3139
2947
1303
2339
-1
3139
304
4039
3139
-1
931
3107
564
3650
4951
5448
3838
2196
1086
3813
1538
2622
3556
3154
-1
5530
2612
2360
2196
425
681
2196
4298
3194
3139
5402
5239
1286
3139
441
-1
1634
3107
1601
2583
4168
3427
1468
1821
4564
100
1185
5402
3074
3427
4039
2196
3113
5087
-1
5235
2647
25
2895
1498
4032
5239
963
275
3689
3139
5370
-1
5008
3263
5066
3139
872
2697
3139
1220
2164
2444
5067
3139
482
319
4298
3057
581
1129
5239
3673
25
4802
1073
4497
1636
3110
3139
3072
212
1830
831
-1
4311
5252
5648
1307
3050
3330
2762
3308
-1
3139
2164
2205
1583
425
3139
25
2778
5062
5473
2552
2196
4939
-1
2246
4032
5162
455
2828
2530
3308
783
4877
1482
3586
-1
25
2762
583
3167
3107
275
227
4328
4332
1588
1601
5249
3308
3139
5062
5729
4373
398
583
2285
3308
2882
2568
177
5402
2556
1668
5493
4616
1307
425
4770
591
687
5417
687
548
1765
5028
-1
2058
1307
4356
5049
1161
2400
2285
2762
1800
1206
1832
2196
1298
5082
3069
1307
4034
1144
-1
3625
2200
1129
1503
1401
3003
2762
4039
425
-1
1339
4720
2957
-1
872
1148
1255
-1
2762
2364
2196
3139
2535
396
1487
3867
4429
5062
3696
25
556
5017
4039
3110
2183
3030
594
2196
3139
4603
2380
1307
227
1347
2196
1054
2584
4039
2453
3139
4040
1298
3005
3139
3139
2619
694
-1
-1
4373
485
1583
425
1597
3139
2196
53
5249
687
-1
2196
2724
789
2269
594
1269
3139
425
3238
5304
-1
2019
1297
3730
2013
2390
572
1160
-1
2377
5062
3547
3987
-1
4226
4654
2200
1370
4552
5175
4918
3670
448
4226
556
5491
-1
193
2611
5018
-1
1945
1193
5497
1149
1044
-1
1601
2957
5720
2114
571
65
5028
5608
1601
2998
2439
2557
5742
3419
3139
25
4196
429
1119
4695
4720
5393
2196
5722
3074
4593
3621
4271
2454
1480
1185
25
4129
1044
3683
3377
1381
3139
2285
3139
2703
2786
3875
1914
3072
44
1185
-1
1073
852
4166
4334
1850
3587
2314
1323
3139
5133
540
-1
2566
3069
3139
2390
3456
1588
2227
4175
1128
5729
3222
1152
3139
3545
2285
5297
5402
5300
4200
3139
2615
-1
3240
3139
2634
3139
5239
1480
5088
4226
5497
2619
1243
4226
832
25
-1
3673
4776
147
4985
2380
2306
3139
3106
571
4004
261
3490
177
482
3985
5497
3044
4269
1640
2383
2615
390
4720
425
2037
1307
1922
1598
-1
3139
227
4619
-1
4419
3139
2142
4529
3139
1160
3139
1196
425
3367
-1
5330
127
3139
688
5402
1152
4606
1583
5724
4098
3682
3985
3730
3682
3875
3682
2276
41
248
5402
-1
1168
3613
1461
5530
1362
5402
-1
1087
177
5062
4937
4599
5062
3139
1082
-1
1101
1930
3139
-1
1697
1119
5193
4373
5402
4771
3682
4190
2380
4373
2764
319
688
2703
1044
5311
4666
5334
1044
4334
5595
5576
1405
2691
1397
2285
4305
1019
785
16
5587
1269
-1
3264
4188
2299
5402
-1
4966
3562
2439
2196
5402
1776
834
2200
3696
1429
3556
2615
3404
1044
-1
-1
-1
5602
1793
4396
3925
3676
-1
-1
3621
3139
2703
3875
-1
687
2196
4142
366
2615
-1
5402
2096
2285
3875
4972
515
4180
2292
687
2619
5049
3113
51
3621
4992
5402
1784
3888
3167
2565
5290
5441
3682
195
4373
4713
-1
5213
-1
3139
2517
5402
1892
5322
715
591
179
1307
3072
1776
2439
5062
1588
5402
1185
288
1542
2138
3656
3682
1221
923
4039
-1
1796
177
3139
5402
-1
195
2565
3621
1945
1724
688
4890
1480
836
4448
4132
425
-1
3107
3029
2874
5368
1776
3139
5426
3139
-1
4373
5140
2462
782
5497
1347
3139
241
5271
425
5206
5271
286
2479
5062
1858
5706
227
304
3308
2196
2196
-1
2082
4135
254
1429
-1
3330
739
2724
1821
595
1017
141
425
4150
1601
3139
1086
3682
1628
25
2285
859
1429
2741
348
3115
3139
-1
2096
3400
25
1992
3072
-1
2813
4907
5062
3290
5046
1044
3506
4073
3006
3139
2376
1161
2934
1286
2870
3747
4615
2196
303
-1
2196
2077
3139
4857
3869
3949
734
3682
4815
5062
2200
425
4887
4713
3838
2958
-1
3139
3830
3139
-1
1688
613
3684
3139
1297
5497
687
2100
227
2196
4373
2556
1606
4200
25
933
583
1441
5521
5146
1168
4000
4563
2601
2189
840
4966
5512
989
2200
2269
1867
2157
2196
474
-1
3271
227
1307
5402
2196
494
5512
1196
3003
395
-1
1669
2196
4966
5239
1465
1157
787
2948
3797
-1
2762
2196
3712
4082
4039
4032
1601
3072
195
1307
3986
2196
4606
177
2619
3875
1480
1044
5028
2724
482
-1
1193
5062
4949
5608
823
3875
1922
-1
-1
5402
2270
195
2378
2936
5491
-1
2687
4140
53
4373
5402
540
5133
3539
2078
5402
4513
5402
2196
3308
4396
5402
4287
16
-1
5362
1553
5399
515
1601
1796
4502
2517
5213
3280
1661
1468
482
3241
1183
1086
2591
1405
1157
5093
5081
485
1913
3139
3875
4032
5402
2072
5598
5644
494
872
4553
823
195
4654
1196
3933
4070
5497
1557
4093
4720
1832
4269
5473
2615
5419
3062
4334
3046
1800
2177
3139
3188
3586
4822
309
2722
-1
3238
3110
1739
1583
1902
5625
4110
5133
2886
5587
3203
-1
1405
3072
1867
2678
227
599
4992
36
3139
25
3072
3495
3312
2164
3467
25
1584
2177
3930
57
1867
2615
645
2196
3917
5402
3308
2164
5062
5419
1044
227
-1
2682
-1
3467
4720
3072
275
1004
1054
1155
3838
2516
3929
4053
1706
1157
4373
2193
1195
455
3733
2320
3554
1405
1320
418
86
-1
3296
147
-1
2997
1743
1172
1003
-1
621
4611
177
3139
482
2292
3139
782
188
1455
3592
294
2762
5178
4529
571
1669
2226
-1
4183
3519
1942
227
4110
4332
5128
5477
4166
304
3238
1706
5049
25
5477
1213
5062
3985
242
1848
2731
4772
785
-1
1298
5473
284
-1
2205
590
1461
2285
2703
5587
3308
4805
2790
3240
1553
4854
2421
5532
3676
4654
3139
703
379
1712
4373
1313
5402
5271
3506
3712
25
1298
1334
4945
5137
1730
2871
1945
2731
-1
3623
177
3139
3139
4707
2780
195
4337
99
443
4567
2285
3139
1661
5062
3969
-1
-1
2615
2351
4376
1192
-1
5402
5545
-1
923
3139
2196
5587
5068
3046
5087
-1
5287
3621
-1
1800
1313
4200
544
-1
2703
5383
4387
2868
2675
5303
2122
2592
3139
1168
425
1640
1269
1429
-1
425
3638
2008
-1
-1
4196
25
3759
2135
2188
1349
-1
95
2226
4082
425
-1
5384
3875
5468
1461
1743
911
3586
3139
1670
3676
1598
-1
3373
2489
5673
5062
4226
1657
1569
-1
4961
425
4949
4664
5112
823
432
2285
3794
4969
4226
1465
3621
2435
4158
5304
4812
178
4969
5402
4907
1054
3315
623
3139
4129
5429
2678
3107
4373
343
3298
3314
612
4555
2990
2443
5151
2302
4497
1054
4415
5526
3072
4242
3875
147
3139
2083
1480
957
5621
3139
4064
2619
4713
4112
4539
1168
-1
4877
2193
425
4603
5402
2183
1298
1429
5081
1168
3139
455
1844
4200
-1
1206
571
2008
285
1152
1776
5574
2454
3139
2724
-1
923
4334
3139
3600
4503
4403
621
3682
1230
2338
948
3777
3218
5040
425
1157
3139
3139
5521
1883
425
2196
5370
4576
154
1354
3139
3822
425
3141
1750
4556
556
5183
5224
3169
853
3929
3139
4681
1429
3139
3139
2435
1206
1160
379
2553
-1
123
16
2200
5082
-1
-1
4507
5062
1056
-1
3139
443
281
2263
1307
-1
5402
3467
425
3598
2724
3623
5712
5728
4371
5081
-1
695
4332
1185
2149
1323
25
2439
-1
425
3139
288
539
4910
544
2615
1482
2619
3586
53
409
5062
5205
5068
1178
561
4799
3586
3139
1199
2762
5706
1480
3999
1547
-1
3074
2200
3543
1150
3308
787
1097
3974
4720
1307
3139
5424
3139
467
1588
482
482
2779
3240
4348
-1
1753
3139
4555
785
3676
2101
-1
911
4513
51
2096
4890
482
5362
2383
5049
4593
5576
2377
2535
2260
834
2565
-1
-1
1756
1349
1168
2200
852
1699
227
25
3810
2765
-1
2370
1395
1313
5419
73
3962
4704
2122
-1
4720
3110
5213
425
4203
1750
3378
177
3987
3139
1161
4864
2011
-1
25
395
5402
1366
227
2535
1168
471
380
3003
1931
4945
1513
1101
931
5037
1339
5247
3621
156
3439
425
4422
3682
3846
243
-1
2122
973
3462
4720
3139
5062
-1
1572
2779
5402
1429
3814
1128
1258
3845
4582
3139
1919
2380
4374
4497
3242
782
4949
2825
937
427
425
1636
1272
5587
3556
-1
4142
-1
2813
1703
3139
2122
5475
25
-1
4642
3768
4598
-1
-1
1055
1753
4226
4773
1393
1699
4890
2122
425
2548
3600
3875
4827
521
1773
3160
3974
2196
1706
425
3139
2827
3593
3139
2565
2285
5414
227
4207
3649
1519
5540
51
5729
1601
2726
5077
-1
4598
1906
3330
5133
5200
1461
1269
5109
57
5062
3139
2911
1044
425
92
-1
-1
1429
4142
1601
5304
2164
2196
-1
5450
2670
2945
3139
2196
5022
1744
5402
2825
4114
1452
1723
993
3976
2285
1206
3708
5497
2196
195
861
3139
540
25
1804
5242
425
1405
25
3003
2096
5642
854
1601
1636
5729
4688
4611
4853
5551
2439
5037
4051
2200
4771
5062
1325
16
5419
2731
-1
2412
5587
2868
-1
2762
4878
556
4287
1157
3710
3388
3222
4188
425
3821
-1
4966
3139
1072
-1
1215
1945
53
4356
911
2910
3944
3030
3139
1339
5271
3505
3139
304
2902
3051
1448
541
3621
2174
4127
1875
1297
4208
1006
25
2345
1206
571
5085
4063
127
-1
-1
2565
5740
2565
3338
1553
3139
2741
4497
1522
1553
1160
2651
4142
2824
5002
3308
5151
239
1482
3308
3966
2233
4497
-1
324
2285
1800
3003
3583
1750
4713
2200
97
4142
3139
227
4941
4740
5213
1743
5354
1480
25
-1
3117
1354
5224
1298
2196
95
834
2196
4142
5094
3139
4966
3035
2972
3875
1662
-1
57
-1
1468
425
2762
1601
2619
1319
2196
2285
5208
4958
5362
4373
1252
2435
2196
3139
834
5699
-1
5133
494
1586
1168
1725
1044
1172
2572
1482
3139
1723
3887
3066
-1
3521
4541
3003
3110
1185
3139
2338
1598
-1
-1
-1
2551
4567
2954
3219
3623
25
1581
1172
4039
1722
3139
2243
3682
3929
957
3139
1855
3732
3139
3676
4298
-1
3139
1196
5402
-1
4039
3139
53
1826
1129
450
2882
5106
-1
2122
3046
-1
3398
2196
5062
3461
4438
4158
834
425
3539
2682
3139
-1
1436
3521
1425
4677
3006
1054
1073
4603
898
2616
4000
1513
923
3874
92
4528
3895
26
4984
-1
3621
4360
-1
5516
3872
1206
3139
1897
2196
3296
1482
3592
3885
-1
3139
4039
622
2344
25
112
5521
5532
-1
4572
5384
2882
-1
5156
2682
2029
467
2762
425
4810
4286
3308
1776
2096
5746
425
2621
1461
1777
4226
3450
3115
3139
3467
3238
1206
2911
3623
5497
2631
2813
978
1429
1953
747
556
4497
3622
3835
5062
1636
595
3543
2343
571
5022
4142
3507
2911
4184
4602
1288
3308
2762
1423
4555
2619
5232
1262
3456
5716
2965
1252
5238
-1
4034
1565
4458
3139
4367
993
5399
1230
1874
400
3297
2200
2825
425
787
165
5165
3682
3238
5017
3139
4082
4373
4237
-1
2619
195
3676
3875
5493
2135
3115
4777
3732
2285
1044
1429
138
3057
1420
4660
4168
5049
25
425
474
622
785
5362
5587
1327
3139
1784
5093
1297
3139
3139
5271
4966
1429
2350
3139
1168
5412
4383
778
2164
-1
602
1042
3711
1016
53
2196
348
5402
1405
3394
-1
482
1019
4445
4007
4782
227
5712
3139
2619
3308
1601
2196
5402
-1
-1
1307
4635
4460
5156
5419
2185
4497
3994
128
5402
4039
5402
2194
824
4497
2084
2325
4874
2266
3989
5551
177
1372
5162
3540
5412
4916
3621
-1
2675
4602
5339
3696
3107
2164
227
2164
4561
2016
425
5205
988
1699
2218
5251
-1
-1
51
3581
5402
1703
2813
4751
5362
1821
2439
220
25
3521
482
5587
4708
3682
5518
2286
648
5043
4371
1298
1538
612
2196
227
3139
3139
79
3257
1843
1168
5497
1044
-1
4158
2196
4654
4595
1832
1038
3006
127
4537
2989
4371
4233
1482
1252
1168
1338
3622
1636
227
3621
383
3682
3139
2882
3682
4697
2016
1354
1429
3139
2122
396
827
1830
931
503
4827
1173
2164
184
4615
2831
987
5296
3999
4884
-1
2020
5402
343
1736
5587
25
1829
4438
1465
41
1796
-1
5362
5402
5209
1168
-1
1157
933
3139
2663
1632
687
3725
3110
524
5493
1583
4226
4716
3676
2649
1669
425
1280
2195
2989
1598
1019
5402
556
2723
4373
3139
4993
5538
1168
1391
540
1944
2615
3838
590
3886
275
227
5402
687
5087
2619
5606
1602
-1
5497
1429
848
1086
4890
1168
5109
33
622
195
3592
2644
1703
2762
687
1405
739
5493
-1
3431
3139
1129
2285
-1
3050
5402
3495
3467
5339
5221
3139
916
3528
-1
2196
5270
4652
2882
2762
1354
354
4662
1168
3308
1384
4433
3586
3139
3003
336
3250
3308
3139
4654
1307
3176
3054
1945
3046
1307
1764
2046
1131
5402
26
-1
1265
5402
1957
3139
1650
586
2214
5049
-1
1430
520
1448
5656
2874
1101
288
-1
610
2953
4890
4142
2285
-1
1001
3371
-1
430
2320
544
4332
438
823
3218
1588
419
1919
2885
1956
5574
1776
425
3887
3722
220
3467
4862
425
1619
-1
5157
3965
3807
1998
4000
2462
4538
1480
4986
1297
4827
3623
2435
4014
661
5339
112
2122
5271
482
1290
3461
5136
4099
5132
3256
856
1601
2452
4039
-1
-1
1101
3115
57
1601
2103
243
2285
605
1185
3139
-1
3929
-1
2401
1296
3369
5390
540
1992
5049
-1
916
2206
2285
-1
3985
1095
288
3621
1608
425
1821
49
4373
2522
3139
-1
4517
804
2333
4949
3139
-1
4165
3552
1206
4039
2196
2447
3139
1321
4226
4603
1601
3991
3997
5373
2206
2732
3139
4612
4890
5171
5087
3113
1637
258
1980
1337
-1
3138
3729
4110
2762
2333
1800
1269
5497
1386
3028
2200
4129
2992
-1
3789
2465
-1
5199
3676
5587
1482
3139
4142
1152
4039
4614
4052
1692
2196
1601
5266
5491
2200
358
5477
2326
3726
1992
-1
3139
4814
2016
3077
2124
5402
4226
794
3604
5558
4559
4890
1297
25
4751
1069
4966
1619
-1
1230
3644
125
4373
55
4764
5043
489
1049
2195
128
5062
5551
948
1038
4966
872
5140
5217
1689
25
5164
4226
3308
937
258
2691
-1
425
4553
3600
5174
4495
5062
1465
959
4200
2691
2009
-1
3676
1225
1245
-1
2762
5296
1407
-1
3943
25
2064
4966
304
-1
2910
2285
1206
-1
2098
4713
1374
5475
4966
4896
4650
1650
310
2200
51
2413
2570
3521
1206
3139
1374
3506
1722
5062
425
5284
1572
-1
4763
3003
220
3676
2008
688
2675
602
1847
1619
3677
4373
4654
3139
5037
361
2206
3369
4771
-1
787
3943
2443
1264
5222
51
2838
4598
2552
1298
1636
410
2358
-1
3948
-1
4603
5077
3000
3308
16
1468
3376
5313
5402
195
2882
5288
1504
1723
1223
2882
5477
2615
425
4011
2196
1429
2863
1513
4890
-1
3139
-1
2885
4373
2774
5442
3461
2619
3822
1868
521
3467
4951
-1
621
425
438
3467
3838
1300
5623
-1
4986
-1
482
-1
1405
4948
547
443
3157
3317
3708
3560
2654
4226
3072
2911
2615
5402
5667
425
-1
1298
4159
3682
3308
3095
5378
4248
4396
482
4032
3139
4373
3388
183
3072
-1
2615
4845
2933
-1
4862
3987
482
1875
5002
1219
1754
284
3139
-1
3222
2435
225
1228
2787
1429
1042
2934
5063
25
3838
1699
5271
4652
1465
933
3131
594
4426
3139
5271
-1
-1
2285
-1
1672
3240
3964
2200
4881
3128
1972
2370
4986
4414
3435
1486
2825
-1
4767
1942
57
2196
1675
1425
1405
5402
4720
-1
3139
1429
-1
2762
4999
5402
1379
-1
5235
5062
25
3980
2189
-1
-1
1945
2675
2428
4168
630
4689
2196
5646
2015
612
1273
4099
4039
1429
1347
1681
3465
2871
285
1650
147
1307
-1
95
2199
5266
5037
-1
2128
4168
4112
3074
412
1429
1273
923
1172
4603
138
4200
195
1044
5085
2719
1116
3139
4438
993
4447
425
5133
4569
3521
5203
5702
3531
-1
4513
1691
-1
4087
4718
787
1172
177
4884
-1
1307
112
2565
4377
3139
1640
500
494
1681
5518
1168
437
5497
5644
515
2326
3985
1472
2620
3467
2196
-1
3297
4513
2196
1016
872
5234
-1
1298
4082
1743
911
3621
937
1919
-1
1379
2650
5133
3139
540
3696
4032
4517
3139
3139
425
-1
1297
3875
482
-1
-1
-1
1726
2196
5340
4039
2911
3139
3139
4759
2164
5062
5497
1821
41
1374
125
51
2285
-1
5442
2516
613
4662
909
2534
3072
3586
1501
2333
3696
2200
4438
4774
2200
272
4913
3139
25
2619
5349
743
4142
-1
756
3139
3046
1185
5466
2926
3467
-1
4779
3869
4019
25
548
-1
3539
4012
4332
5271
5151
25
669
77
3139
1054
2016
2882
5178
3115
822
3003
2702
4890
1374
-1
3139
5028
1019
307
3192
889
540
5402
2380
2409
3136
-1
2164
3887
510
25
4927
2619
5414
3710
425
2727
2220
1083
4966
3139
2762
1693
1273
2200
4039
1583
4188
5402
-1
3000
4164
751
702
2385
1874
3139
5058
127
687
4039
5085
612
2975
1480
425
425
5402
425
3954
936
3965
338
2125
4862
3279
2196
1407
1168
25
4654
5143
438
5266
5002
5133
482
3289
1210
1174
-1
719
2467
2724
3621
285
-1
-1
1297
3726
-1
673
1313
2388
2368
2782
1269
2691
4407
5064
4513
2122
3139
635
5155
5471
5625
1661
1307
1183
2196
57
5268
2196
2196
1044
425
469
1073
3193
3719
5252
-1
3240
1298
367
4444
3139
-1
1513
5384
2204
1945
3372
4635
2353
5385
193
5447
1307
2385
1252
2955
1278
2122
114
3095
1862
1168
5050
425
3139
5362
4226
227
2122
4142
3039
1076
5402
2724
127
1044
1462
860
2233
2724
1246
3139
5206
2135
4890
4024
5164
1921
1219
356
3800
5364
1427
2767
2098
1829
1821
-1
1480
-1
5077
1465
-1
3862
665
3657
3066
4598
1429
2619
1480
1206
3954
-1
5643
2693
1097
4153
138
3772
3222
5587
911
5310
1269
3741
448
3768
542
2196
5062
2762
53
4969
25
3676
1304
25
1919
1699
5583
2122
1692
5017
2675
2682
2701
4884
1307
450
5062
3139
1942
3139
5384
3139
4039
5402
1167
4349
425
1949
443
425
3113
1185
1819
1405
3311
4815
-1
1016
5245
2813
5195
5074
2435
3994
2159
3838
5508
3641
5511
3432
1042
2196
4371
1681
340
425
106
3943
4007
489
3139
3496
5337
4129
2982
4603
25
5137
5133
3456
1300
-1
5729
1294
2385
3682
4371
4660
3139
3139
-1
4598
425
3139
2971
1681
3985
3875
4692
5022
3368
1230
360
2196
2843
4603
3139
5399
25
1436
3200
3139
4525
482
-1
2196
5085
2679
594
-1
4763
535
3467
2196
5518
350
3377
-1
-1
4193
467
1637
3878
5077
4771
3772
1323
2196
2493
1349
909
-1
1374
3139
4900
5269
1178
5402
3943
4162
95
5062
2196
498
391
2196
3621
4595
3072
3139
-1
4981
1185
5471
4651
3678
1781
125
2813
1513
718
443
1371
1429
3813
4226
1672
740
5049
1750
3115
1374
903
4823
5028
3606
2127
3139
1323
4484
5265
3139
-1
4000
1480
3000
5402
2390
4834
425
3656
138
1254
4834
5087
425
1429
2196
25
4815
482
2196
3409
3139
1016
1030
-1
5671
1307
3107
425
3566
4143
1482
3817
5402
473
2762
2989
4082
2285
2615
515
285
-1
3555
-1
4018
425
3991
1692
92
5471
1452
1384
5402
2762
3046
954
787
5748
5714
1139
-1
5439
54
823
2196
395
1908
243
-1
3452
1288
3467
1374
185
2762
-1
296
1449
-1
5007
2762
3308
3139
4147
2390
2133
3139
1513
1769
541
4226
450
1161
1583
4447
5471
1750
1073
1297
-1
3467
1880
2200
3712
1601
1771
1160
1546
5402
1428
3712
1650
2329
5491
4815
489
4332
1113
4373
834
-1
1567
5351
5587
4497
1101
609
799
1482
787
2728
4332
4407
3696
1298
5309
2925
808
2202
1711
5028
1200
785
5501
5113
5384
3804
3545
391
425
473
3308
4987
3496
5402
376
25
-1
1273
5049
-1
4396
-1
5671
1675
2196
2440
3139
300
5671
3712
2164
2882
997
3999
2285
427
2724
5165
5402
3308
5714
5254
3621
3000
3222
1167
5269
4652
3994
1262
3139
5085
2825
4712
58
4114
3139
1024
3496
3034
3139
540
3139
2164
3139
438
1984
1601
2989
147
3139
1273
4142
3032
2806
678
4162
4371
2787
-1
3907
3712
2843
3641
2196
1650
713
3467
594
1207
3682
1701
2564
4698
2619
4082
1551
3682
4771
5062
5509
3139
5340
-1
2233
1297
5062
-1
5731
-1
4531
4890
4107
4269
3139
1095
5587
-1
2135
4226
3528
4373
3139
539
2200
5625
3099
5022
425
-1
1572
2200
5093
3974
53
-1
5177
3365
3507
3139
-1
5064
877
3823
-1
1168
1054
4193
26
3308
2724
2762
4060
4603
4945
3146
4162
261
16
337
1681
1073
808
1136
1884
2236
382
-1
3139
3139
4598
11
3945
4906
3440
1044
3485
3676
4792
1472
2285
174
2724
2196
1556
1300
2614
772
3719
1601
425
3035
931
3965
4848
482
4945
1183
556
1750
-1
68
5081
746
3139
5081
2751
4168
1496
4484
2196
746
4227
2200
425
4966
2615
4373
-1
1860
4348
3315
1088
-1
5402
3289
4188
5232
284
261
5255
-1
2196
1429
2678
785
4110
1699
-1
3621
25
2565
4112
4598
2153
3841
2147
3139
3295
5112
4802
5002
674
-1
1054
4763
5513
2285
-1
4966
2196
1464
957
1821
5508
-1
3139
2196
4181
1425
1572
4188
5512
4848
1307
957
787
16
4442
1080
5149
2911
1049
833
3955
5614
4373
-1
916
2600
1750
3139
-1
-1
4900
5521
1338
2196
1462
1158
2353
739
459
5671
2813
-1
3037
-1
25
1583
3139
3586
-1
3034
2882
4587
4720
-1
2196
3034
53
25
3976
4513
613
4896
5475
2645
2762
4226
1044
4335
4032
4884
4226
5353
3139
2619
4713
1571
-1
2122
4890
515
2189
3888
2129
4949
-1
425
195
4497
-1
4287
166
269
3429
541
1583
2624
3692
25
4966
1926
937
1168
4158
2345
2913
1019
-1
865
583
5587
5165
2848
2328
1168
1598
97
2200
743
548
5017
3139
1914
1538
2570
834
227
2682
5264
4226
583
5402
3855
1137
4193
4053
1573
4034
2122
4373
147
2196
3592
4598
746
594
-1
2285
630
3887
1699
2605
1297
25
2321
5466
1513
425
425
3621
1951
340
227
4998
1598
-1
3139
4689
494
2317
4896
1119
220
3139
4966
3062
2762
1683
1881
2174
88
1814
4168
4287
913
2443
1830
3160
5225
3139
4945
1090
5364
2085
5512
2285
1206
57
2556
4082
4493
2383
5471
4718
3621
1480
1953
3046
-1
4039
3887
808
1680
5508
2044
-1
4602
2615
3875
586
2615
2189
955
2813
2762
4476
1448
3879
4978
3308
275
2950
3955
2565
2179
1551
1689
5074
5215
4356
2269
-1
1337
2826
3139
4763
3139
300
2338
5362
272
852
5333
1681
4352
3733
618
1466
4654
-1
2524
3139
473
2196
25
2148
1339
1429
4085
1230
-1
227
3139
3057
-1
2762
5394
2511
3382
1307
-1
1985
25
5049
-1
4332
3139
4142
4626
-1
1432
1637
3581
539
5152
-1
5402
5239
3139
1307
379
3071
3139
1168
4544
3714
4999
2279
509
3046
1152
3139
425
272
1712
5170
319
1928
3933
931
5154
4590
448
5266
229
3057
539
752
4660
3752
3139
5288
2399
1916
-1
4792
4667
4007
77
373
3623
1529
688
1298
193
3662
4713
515
3996
4444
485
2105
-1
687
3095
1054
2045
4598
2612
1298
3289
1025
494
2989
482
4039
4021
92
3139
614
4373
482
594
1601
1434
2135
2958
3308
147
5359
1422
1530
3139
1480
3064
1185
3202
3445
1003
2364
2189
5138
5402
-1
1601
1185
1874
2200
5077
-1
2027
1653
5671
4718
327
1044
5457
4039
2728
4125
3139
1601
2200
1190
2234
2954
3139
2009
5062
5118
4626
5254
1183
3316
3139
1465
2741
5474
1405
1691
311
5617
3025
1178
-1
5683
1722
1206
4039
5399
4945
2376
4856
2565
808
3091
5444
5340
5551
5203
1699
4892
2196
3962
-1
5473
910
2919
3139
1168
1791
1437
1601
1210
-1
-1
3027
2813
304
1279
1583
1820
5725
4764
3003
4778
3389
127
1433
5509
4593
4893
695
5295
1077
3139
2133
1183
3139
1273
823
4158
-1
5616
3139
5671
2762
1465
5402
1827
1297
715
1379
4986
1255
-1
1681
1049
-1
344
4396
-1
3586
1331
1297
526
1686
2196
5493
4986
503
124
193
4387
481
425
425
5062
147
1760
5017
5271
-1
3158
2031
4815
1598
2164
4248
4605
402
3904
190
3139
1433
4122
3710
3996
4407
1905
3980
2240
613
1307
3222
334
1018
5479
5095
1538
4034
-1
4443
5576
2383
4323
3139
-1
3580
4039
1054
4984
2825
757
931
1433
4484
2146
645
3030
1558
1313
-1
1507
57
5133
3677
-1
1206
1527
1349
3733
3725
1624
1636
630
1750
494
4998
3347
2825
-1
3943
5491
3139
3299
1327
4190
5576
2122
2196
2095
5107
264
1698
460
1914
4125
4039
-1
473
1185
5518
3596
-1
5545
2183
4226
4817
4142
2285
1528
-1
5082
3337
1800
4142
1073
183
2393
57
-1
5587
3378
-1
5151
4407
4966
3615
3139
5402
3072
3276
3296
5156
62
1842
1407
2196
1482
4635
4603
3395
4598
4311
2196
3139
3095
4720
1044
2196
1003
5662
5402
1315
-1
1465
5586
3139
-1
1003
2695
5387
25
1196
1636
4960
3880
1636
1465
2196
1429
2619
3847
3247
2611
3985
2200
4082
1706
1501
5402
1044
3314
760
5402
986
3139
425
3980
1415
2285
4079
2215
3780
5087
-1
930
3999
4110
3035
4787
3139
2164
2196
1037
3098
1307
3676
1647
2196
5404
2872
4912
1172
1154
3621
-1
5064
482
5551
4039
482
645
2220
3003
1119
3139
1044
4718
-1
5530
1513
3072
1429
2200
2196
4443
-1
2565
5714
834
1429
5402
1119
2565
395
25
612
5402
695
5503
1216
662
4396
3996
5077
5569
2615
1241
2250
3215
5654
2724
4717
-1
4595
3422
1636
5036
-1
2247
1480
3308
716
5578
465
1197
-1
1313
3139
-1
3139
2165
4226
3222
2333
4569
3377
5650
2714
482
1448
132
4497
3056
5402
630
425
210
2825
693
2122
785
482
1215
1157
1723
4079
1486
3000
2748
1298
743
1429
2921
1601
4530
3711
3136
2196
-1
5402
2227
4497
1054
4945
-1
2196
2196
1624
147
2078
-1
1506
3770
4489
3139
3315
1616
3136
3139
127
2627
4598
25
5714
1504
5062
4032
839
2084
4689
2689
1693
4332
1829
4471
3139
300
-1
3978
4683
3139
5271
1405
1428
3299
787
2243
5704
1465
3139
24
2364
482
1398
4784
41
1119
482
5062
2196
4507
1800
2096
5156
2196
-1
2200
3098
-1
2638
1049
3964
3139
2164
1205
3139
1588
3139
25
5551
2155
1469
1044
25
1298
1244
630
2097
5630
2196
3498
4998
2850
391
195
1196
4645
25
769
5254
3139
5049
2196
3539
-1
-1
5049
931
634
850
-1
5518
5239
2200
5017
5405
2319
1699
2345
53
3837
4969
1230
2191
1816
-1
425
4226
2200
4966
4070
5156
5661
687
-1
1821
4914
2876
5170
5087
3308
2678
3730
494
3297
-1
1206
-1
4348
2122
1353
1629
5587
2196
1307
3139
5302
5062
5402
669
957
1307
2974
214
657
-1
594
5745
3139
-1
5495
3139
3139
2364
1323
4755
3030
3943
3139
5402
1429
97
4188
2340
3638
2200
5491
1429
153
41
2943
438
542
1826
-1
5402
-1
1098
2122
1339
2578
1475
324
-1
3378
1178
1929
3970
2196
695
4771
2233
180
2882
2635
2615
4562
4482
3592
-1
10
3528
-1
3550
5518
3331
227
2959
3139
5731
2778
4665
642
3139
5644
1636
3030
25
985
1269
-1
5413
3139
1692
3865
1284
2850
2724
1269
-1
4750
4255
425
1573
2519
2762
5260
3496
4074
-1
1298
923
3139
3000
348
3110
3467
3401
5402
3999
1183
3878
2196
4473
4694
-1
865
5062
1741
650
3140
4949
3035
4428
4541
-1
787
1166
2464
4484
2548
-1
51
3888
4689
3946
3003
5402
2825
4107
5616
3139
-1
1298
4287
478
1780
5471
2164
1429
4443
1012
787
2184
308
583
482
834
3139
3139
1283
3996
681
2440
4032
2762
2146
-1
1796
2958
5671
-1
2961
1752
-1
1681
3139
5062
5419
464
5239
315
2762
4598
4720
25
1339
5402
3139
1044
3085
3139
2196
176
227
5402
2196
195
4111
2196
455
1168
4907
1492
5340
2969
1268
916
1635
716
2196
5731
1429
2825
482
3030
1465
4890
2454
25
3976
131
2122
1596
540
25
319
397
670
916
25
1147
127
3139
5587
5731
853
4771
127
5093
2334
3521
4064
-1
716
2085
2196
2867
-1
-1
974
1608
4830
2535
1520
3034
4397
3813
4393
1003
2019
3733
16
2455
3468
1583
5203
1014
1766
2200
425
2036
2689
5385
5433
3955
195
5402
1601
1297
2619
-1
5267
1475
1230
4841
2451
-1
-1
3367
2196
-1
4720
3139
1288
3648
2285
3628
-1
4614
5616
2661
4082
147
482
2766
1480
-1
3999
5362
3095
2245
4298
5402
482
3397
3495
5226
2762
1636
2383
4228
2164
2105
1185
3481
5436
3682
5133
548
805
5587
2314
2189
1407
2221
227
3139
2105
16
425
5003
1589
147
4845
4188
2195
4039
3976
1503
3512
1650
630
3943
-1
-1
4877
4190
4018
3691
2464
4442
3959
3072
55
4039
4079
473
1255
3953
2885
3708
-1
3586
4978
2675
1534
2958
1183
5191
3069
5402
5574
2146
2761
1313
4226
1044
594
177
3139
5230
4825
551
3676
1038
2148
473
51
1637
3139
4847
4226
5497
4926
-1
3139
3956
1502
25
4111
2959
-1
3395
2826
114
4181
5242
4994
1941
5271
185
5213
5037
4945
2206
441
1161
4000
4021
-1
3061
1339
4603
4995
-1
154
125
1347
4373
3974
2271
2513
4909
-1
3682
220
5062
-1
4039
1289
331
-1
5154
1465
4855
-1
5685
1465
3182
109
5062
1583
3875
3308
5308
3139
2178
4717
79
425
-1
473
3353
3401
1482
1706
167
923
2193
4396
482
3880
425
-1
2619
2196
2827
4713
3071
3875
5497
4005
5674
719
1635
5227
4226
5524
5499
2200
5402
5062
1273
5471
1101
5486
1479
2619
2196
5402
4327
2113
975
1429
3808
5162
-1
3308
1405
541
2762
1313
910
1307
-1
1518
1716
5587
-1
227
5322
1546
3992
2226
2869
4771
482
5108
4171
2196
1379
1168
3139
1734
1415
2507
2085
-1
861
5049
4436
1230
2638
849
1809
-1
1413
-1
497
2133
3139
5029
-1
-1
1800
5062
2196
5471
3712
-1
931
3239
3139
4873
2137
4513
5497
4808
4771
5125
1298
2590
1475
4188
4836
5062
41
3578
4350
3139
4998
-1
2122
5402
248
4373
4497
2649
4089
2383
2562
750
5292
1482
5731
227
4890
5571
3467
3710
5028
25
1601
41
1861
4075
4276
3768
2762
1636
5673
2111
2762
3621
2022
3767
3139
5497
3139
25
-1
1888
396
4663
3676
-1
-1
5435
-1
3357
2971
5085
1307
1414
711
425
3317
1583
1823
3771
472
1930
701
1178
-1
5402
833
3003
-1
183
1538
2018
5087
1699
3422
425
301
5151
41
2505
5397
285
602
3326
4921
1297
3003
2196
-1
5049
517
2196
2112
2153
5696
1583
-1
25
1769
3592
-1
966
1475
51
5280
3139
25
425
5402
311
3139
5273
937
227
2196
5013
3035
5064
1022
951
426
3221
1168
3139
3003
3139
1016
787
-1
3391
4713
1829
2236
5021
4302
5497
583
4720
4373
5177
2850
1307
4048
4226
5191
3139
145
5062
5402
2839
834
5325
5550
-1
630
1339
3291
25
3139
923
4438
1759
3815
5402
2196
4332
3139
4771
4265
1601
5402
4001
4223
1339
1281
1754
5546
823
5146
3378
1480
3879
-1
3192
441
2619
1796
1405
5017
324
4226
2883
1063
303
3366
53
3308
3682
1206
5402
2673
5471
2724
1023
1689
2285
3139
3308
4497
4507
-1
4830
5402
5326
-1
2619
1798
3708
-1
195
-1
3139
1793
3042
2196
4115
1168
1429
2763
4082
2085
2516
2200
1601
2016
2445
1461
3067
5062
425
1307
4226
2517
376
-1
482
5402
-1
3272
1878
594
5576
1042
2825
3139
875
1429
1636
4608
57
1452
-1
3139
3469
1953
145
25
198
4713
2826
2872
2063
425
3139
3051
4373
-1
-1
3139
4502
5330
3449
3621
1588
4878
4682
3317
1608
775
596
438
482
1691
1453
4287
5093
318
-1
-1
1405
-1
4945
3682
25
813
5518
3139
2904
4484
-1
687
3892
3067
2733
-1
4398
2285
5595
-1
-1
2619
2243
2772
1583
5402
2615
-1
3651
2762
5576
613
823
957
1429
3401
1313
4000
3139
4162
3838
1168
5216
3641
5272
1404
2790
1425
849
5062
3461
1852
5062
5146
2640
-1
1161
3887
3139
1429
70
2825
1269
41
1104
3139
3315
4667
4966
681
3113
-1
1480
2439
622
12
5735
3003
2277
1206
3139
2124
5621
1152
3763
1636
2435
2085
5062
4252
4353
1672
719
-1
3800
1283
1945
2877
1903
-1
482
4907
4771
3682
594
1601
2715
905
1601
1178
3691
5402
175
4397
5052
1307
-1
540
1168
304
4158
2849
414
51
1527
1429
785
1873
395
1601
1583
4437
3338
2384
3410
425
789
2385
2651
3616
3139
460
4197
1339
3650
5437
1992
2724
391
2724
473
3985
304
4995
5132
425
3875
1157
-1
4373
5327
1583
1009
4631
4142
3539
2196
1619
-1
147
1931
4713
5471
2164
3954
5254
624
4373
3139
2196
1044
5507
1273
2153
5402
1583
3139
1699
695
2724
4555
1427
4952
3672
482
25
1007
3003
3793
1460
1313
5044
1307
4110
5247
2478
2196
5232
127
2956
5254
1168
425
-1
1353
4406
5671
4000
654
1405
391
2196
-1
4032
4007
748
-1
2196
2196
4079
3324
1910
4097
3069
5402
443
2440
5384
2196
4654
4158
4966
3294
1659
5064
373
-1
2674
3139
-1
2762
3722
2793
5687
2898
3139
2793
25
5356
4888
5650
3682
3621
-1
2863
5022
425
25
3139
3601
750
2174
3113
-1
687
5402
3696
2959
3053
2069
258
2200
3139
1429
3308
408
1168
2762
3621
177
3467
3113
2206
51
2122
4213
1706
-1
3676
4801
425
5512
3139
1890
5093
125
5687
4787
1207
3341
5729
5389
3996
2638
5712
1408
4945
1298
5582
3139
3510
3991
5401
1168
-1
5402
4048
5285
3139
5087
5331
4888
5140
5112
4158
2285
3057
3573
1210
5748
5062
1081
5497
-1
2337
5062
937
5402
1285
1429
3629
-1
5402
5473
3888
1405
1409
1141
-1
833
-1
391
3863
3887
1983
3570
3581
632
5402
3139
3507
3875
2939
2751
810
2097
2374
1354
5402
1850
3139
127
2850
3748
489
1206
1429
3103
53
5748
-1
1303
834
2308
2762
3103
2146
4580
2241
5074
3057
1459
1269
1601
2164
3511
3139
3041
2615
3584
1928
4240
3139
425
3501
630
806
2762
5582
2196
4039
25
5140
1909
5156
1320
288
353
5413
4945
24
3139
4718
947
3580
1452
2170
1016
4808
1561
-1
4777
1943
425
5402
1636
-1
3592
3317
1469
2413
2594
1695
748
3022
5254
415
4355
2724
1532
1044
3139
2285
870
3735
2395
-1
5433
-1
5700
3944
4689
5616
1681
928
1131
3621
5402
5510
541
1092
193
4995
3139
2524
-1
4226
823
3308
4209
4823
3496
3139
2148
25
-1
5508
2376
3046
3139
5272
4720
5412
2879
4569
1324
3308
763
4332
1475
3887
4891
1940
3139
2882
1405
1845
25
425
-1
1297
-1
-1
3139
5587
427
3749
2749
1044
1902
1750
3507
2554
834
3139
2959
5287
4430
5284
2196
3875
95
1650
2619
1298
3139
1759
3139
5419
2390
5530
5597
504
2189
937
1298
1429
834
1681
2200
2156
-1
425
4478
1168
4226
473
1706
4949
5402
-1
1729
4358
5130
5402
2385
3847
2825
1300
3006
1905
1943
1881
4771
5062
92
3046
2196
1230
2443
2877
25
3820
3682
1909
3520
5609
2414
3630
3139
5362
1275
-1
3676
3296
3621
1603
872
1611
3875
4371
4469
3887
4129
2196
-1
4197
-1
1601
1465
1054
4373
1785
3139
1200
2200
425
5062
2958
215
4896
4567
5419
3955
4276
1832
2762
645
5402
1230
706
600
3139
5182
147
2196
4747
1453
4153
5224
-1
747
1583
1298
3072
-1
3132
16
-1
1777
1850
5213
425
4589
403
4505
-1
2196
3880
473
5465
1588
2762
3139
1945
4945
2279
4598
5062
4129
2200
-1
1681
2377
1206
3113
1867
3139
1727
3862
3623
1197
1475
5062
4942
3921
3139
4513
1081
562
4497
149
1315
53
2200
2146
3139
2762
2762
797
4890
-1
-1
438
3317
96
2285
3139
198
4511
5671
25
3139
4713
1507
2187
25
4815
5402
475
2196
2164
-1
3139
3139
933
1699
2189
443
5205
5737
5485
1650
3139
316
-1
5411
-1
29
1429
3139
3467
2724
508
3875
3467
3980
258
685
4945
5148
1196
1429
16
1625
314
667
3308
2189
3696
5426
1699
3943
3641
1634
444
1307
573
-1
3838
-1
4014
36
3139
5631
1429
275
5062
3641
425
5164
193
2196
3970
3858
722
2722
1206
4316
2016
-1
3621
583
4270
1161
138
2189
4492
1465
25
-1
-1
-1
92
2567
2390
2711
3977
1616
2196
2285
77
5050
1699
5625
-1
2196
5068
482
687
227
5370
1740
4082
4007
3641
5049
4451
2794
258
1427
5062
4924
4201
1681
3139
5370
5473
4668
3139
3453
5237
4945
-1
117
2689
3813
-1
5733
1809
-1
5518
1468
-1
2762
1976
785
704
4763
1636
311
4042
2864
2798
985
195
2060
2976
5409
2016
2466
2724
1379
2200
1240
792
425
5511
285
3719
993
2722
3676
2196
3139
2762
4938
5587
1769
910
4401
3139
3875
1800
1826
4103
1475
2390
3621
3139
5267
1601
3937
2051
425
4225
5387
468
823
4190
261
792
5402
348
666
-1
-1
4079
3621
5183
717
3037
1588
160
4426
2206
1184
1681
-1
2602
4188
3641
1606
2200
2269
-1
1945
5587
5085
4188
5304
1307
1706
-1
1800
2678
4993
3770
1793
1409
2385
5402
2934
1458
1452
4082
178
961
2465
2047
3610
2891
1263
2556
4432
2196
177
5744
396
185
4193
482
4834
3228
2762
3449
-1
1486
3575
285
2435
3100
882
-1
-1
-1
2615
5165
4853
722
787
369
25
2882
5330
1016
4847
2196
3964
2135
1458
1362
985
1429
1347
5475
3139
3610
1362
303
1800
3283
4792
4226
1129
5648
4373
1374
25
5062
2196
4148
-1
25
1931
2813
630
4595
3770
695
1467
2989
3690
350
5506
561
275
4064
425
3139
1226
25
2043
3838
1044
1583
4544
5402
2762
53
3676
4718
1814
4945
5700
261
-1
2196
4921
4126
2867
-1
2122
4185
5110
5587
-1
4777
1054
540
2016
3526
16
1428
4890
1307
304
-1
450
2850
1961
186
5633
3066
-1
-1
3148
623
3139
2196
5497
425
4226
482
482
3018
5074
1670
482
3676
3467
1178
1699
4771
4616
4226
5402
787
1360
1917
1234
-1
4356
2326
4784
2958
2724
3537
425
3139
5402
1307
1255
3123
236
4733
1307
2439
4836
3480
2196
5034
169
1313
3139
2196
4079
2009
1168
5362
1183
5264
5402
2265
1003
4558
2308
3148
-1
5049
2435
1099
5071
5527
-1
2882
4323
2196
25
1874
5183
1095
2084
2196
-1
916
2196
3139
134
3480
1313
1692
4142
1153
3621
425
3139
3805
4945
4304
25
3139
3071
5695
-1
3477
1297
2196
581
1636
-1
2505
4298
425
2196
4127
2998
-1
916
4371
3783
1307
4720
-1
482
556
630
4993
1564
1185
4945
5688
4511
391
2662
5667
-1
5547
1854
-1
1969
5333
1601
4746
5471
2225
2619
3240
-1
3139
630
2467
841
4529
2164
957
4226
553
3283
2954
1465
780
4975
4830
1229
1619
5402
3854
787
3238
1016
1168
1821
5142
4932
-1
1309
-1
808
1307
25
4408
2109
3139
25
539
4949
2788
2724
2762
2200
5671
4226
2124
3323
1793
2196
3270
3916
3822
4373
3139
2741
1914
-1
5039
425
4815
1079
3139
125
3136
25
1480
244
2705
3549
1521
3139
3771
2619
3954
1178
716
1185
425
1323
2173
2196
4177
2535
5362
1046
519
16
3113
5402
5323
3030
1017
-1
2825
3238
5028
2196
5402
2850
3139
5151
5362
3139
-1
719
1210
3072
5683
719
57
3328
4945
5737
5402
5366
3875
1813
3369
4111
2285
3308
-1
1513
-1
3749
1537
2196
812
348
4654
425
5574
2615
850
425
391
3703
3317
3134
5731
4598
-1
4453
2122
4986
5362
-1
559
3139
5619
2956
4338
4654
-1
3226
25
5100
4998
4106
5402
4890
3621
3139
2781
2122
1452
4226
494
25
590
3699
5665
-1
746
3139
5313
4404
3875
3139
2045
4413
4188
-1
-1
1230
3563
482
1601
3139
4110
3907
4713
-1
1307
4107
2200
2160
2196
4332
2420
482
4945
1273
1448
4757
4458
540
3113
2196
-1
5587
4845
3190
3308
1465
2285
3218
3139
5132
1638
2285
3139
4826
2435
2196
3139
156
440
1465
4740
-1
4990
3352
3869
2420
5077
4801
2090
1210
2911
25
1429
5218
4594
-1
5271
1269
748
4579
2146
2445
5731
4287
2196
4179
2385
5402
5747
2383
4880
4313
541
3571
3139
4188
321
-1
482
4142
1907
162
275
521
2267
508
5345
3074
5086
515
1672
2953
25
5402
1776
-1
482
3139
2196
3577
3000
4784
4039
-1
1453
3672
319
4030
4576
3139
3507
2850
1465
-1
3003
5545
1429
-1
147
-1
3308
4815
1206
3581
4811
3768
2331
3637
3123
2285
3148
147
-1
515
3822
2882
114
227
2821
1831
-1
1396
4142
3456
1269
127
5304
3638
1945
5133
4497
-1
1793
802
25
1196
2968
3676
2196
4200
1800
2877
5062
1230
1675
2133
5402
2285
-1
16
4919
425
4408
1439
4356
2619
3003
-1
591
2873
97
3813
1307
4438
4438
1522
5502
1298
2441
1315
-1
785
2901
4036
2213
3139
2090
3370
1307
3707
195
1352
3761
1583
3573
3348
2196
1117
2662
25
1722
-1
630
2825
755
3062
5402
4141
1193
1003
4315
5297
4945
4032
-1
5656
5385
2895
2216
482
4784
3109
311
1122
4581
3676
185
3694
4718
853
2200
4027
2383
4718
5223
1859
650
4923
5384
-1
227
-1
2196
1681
1016
3308
5174
252
1551
2196
2339
4484
3733
-1
2396
5402
5326
931
425
3997
1298
957
-1
5278
1776
16
25
107
-1
3380
1298
1938
5061
2811
1073
2454
5111
1499
5608
5402
4142
4447
3875
4611
583
3139
669
-1
1653
3800
4949
-1
5049
890
4384
2285
425
5142
4053
3682
1178
3057
4471
2285
4129
-1
450
-1
630
-1
2473
578
482
482
937
5226
395
-1
4200
3139
4933
2943
5062
197
3182
4045
2156
3577
687
3880
4287
265
5678
2692
425
2591
1405
3756
2160
3139
4718
-1
5059
425
3139
4397
1796
195
5664
2122
2200
1931
3139
785
1428
1465
4916
5174
4784
2169
2200
5011
1297
1168
391
4568
3059
3549
25
1253
1533
3610
2189
630
425
1315
1286
1095
2255
3123
1619
4965
2200
3738
4067
5378
15
3072
937
227
923
1185
-1
2122
4373
223
3139
2122
4966
4966
2762
4906
3215
2993
3046
10
3809
2762
2954
3072
1576
2615
4912
55
1322
4878
5587
425
2174
3456
3139
5139
4667
5737
5129
2285
2463
3721
2285
3000
3876
-1
-1
5744
3483
5426
4226
3495
3003
425
5402
3924
1044
-1
3844
5595
3139
3707
3274
3107
923
3792
5419
1480
4792
-1
4142
3139
639
4555
1650
2762
3139
3916
3943
2196
3139
1480
1298
177
4026
5104
1692
3139
3139
791
4294
752
1461
4226
2939
25
4936
2573
4371
3862
5742
3139
53
3549
2443
5171
5345
1800
411
4162
4611
62
2457
5491
4561
2642
3072
1116
4654
3139
5385
-1
4984
473
1925
1636
423
1056
4092
644
5508
5651
3333
5087
-1
833
1513
2196
695
25
1255
3648
2762
3139
1194
3732
-1
3139
3967
4966
1618
1354
3139
4332
3139
583
4792
1016
2435
2243
-1
5667
2200
405
1047
4798
5402
2975
-1
451
5738
-1
4391
1168
732
3006
601
2615
3139
3839
5671
500
1895
3728
4908
3055
5035
917
1210
4188
3139
2389
1673
5002
602
-1
2196
1313
2196
5733
4966
5118
716
2313
1872
3139
57
4983
1800
3308
1564
1480
1044
985
3139
3916
4287
-1
5699
1007
4513
25
1122
-1
3094
1465
3139
4801
2294
1949
4945
1178
2656
152
3139
1017
4993
5292
25
25
5402
1813
2462
5239
2085
1385
4890
3634
5191
-1
2591
1313
3506
3291
2939
3610
34
2196
3060
1429
25
1651
1016
4142
548
-1
4276
482
3495
2693
2825
5121
2200
2306
399
3139
1577
687
4945
2930
4998
3072
4286
3139
5050
4287
-1
680
425
1238
4136
2473
4878
1016
-1
42
1619
3308
2587
4753
4039
823
1598
1152
3071
3875
5490
4075
5695
3139
1168
-1
5624
267
3965
4966
1829
632
4039
2467
4695
4266
3139
4213
5123
2449
1588
59
3955
4508
4802
3974
1429
1780
3003
3979
1044
482
-1
2333
3696
5587
4497
3323
1206
3321
-1
1012
5074
5062
468
-1
3532
391
1057
1313
2825
1006
2196
2196
3400
5576
1019
5049
4189
2957
5402
77
4373
4966
5469
5062
1853
542
2515
-1
4107
1640
4497
2196
2706
2467
4611
1538
3139
3139
2196
-1
25
1429
5472
2285
1269
-1
25
1405
2206
1814
177
4209
3139
-1
2724
4188
3015
5362
4007
3353
1335
4110
-1
3450
630
1313
1716
3057
1465
1354
3582
1429
5264
425
391
2595
4176
594
5191
1583
4784
195
1178
2164
5011
821
4373
3651
615
540
882
1403
3139
4733
451
4000
1480
3074
2135
220
4331
5406
641
-1
3768
5714
2691
2285
5107
3246
1416
2196
5062
1781
425
1240
1333
5231
4037
3916
5002
3139
97
610
594
2205
366
5521
2776
425
3182
3800
5385
2457
5362
1307
3676
59
1831
1161
5271
-1
1307
3378
1568
57
2196
3139
5049
5002
2196
1504
256
3676
4801
1185
1044
2911
908
4039
5477
1016
25
2236
4018
1902
4792
1821
1919
1436
3676
25
-1
1208
1354
3647
2825
4513
5133
1405
-1
-1
2122
5003
1722
4689
2196
957
5049
2109
1291
1118
2549
813
796
3621
4276
4878
878
4713
4096
3332
4611
-1
1886
99
1586
5472
4137
-1
2200
3449
4039
4210
2591
5712
2954
550
1468
3301
3172
2882
3753
3339
4718
5392
3710
1127
1699
4000
-1
2489
-1
2189
5402
2762
3403
4830
1680
4396
3139
3838
5362
5062
2655
1313
275
5163
2195
4421
3352
1384
72
1843
25
5497
2754
3075
3685
547
-1
4226
3291
4188
1273
5402
1303
3139
4226
5638
3680
4123
4784
1706
1016
-1
2196
2192
1809
4185
4991
25
5671
2200
3668
5587
1699
1601
1601
2059
5049
2825
-1
3565
3003
4373
1016
425
3003
5062
4023
2195
3093
1861
1210
4188
3139
-1
1429
3196
3974
908
2645
5411
787
1297
-1
4287
2285
3139
5133
16
-1
1416
4105
26
1572
1264
2462
1374
2390
1722
5043
738
4071
4945
5140
3731
-1
1692
5155
2484
3495
3139
482
3996
3308
25
3441
4276
1168
5609
227
-1
-1
757
4784
3139
2285
2196
1699
2771
3139
2953
2122
1433
1798
3570
5518
1183
5183
1086
395
3996
1016
5362
5140
2189
833
2762
1016
1465
716
1805
2969
4375
3153
3139
-1
2121
1659
482
5062
521
5183
4111
3139
3110
658
3139
4890
4226
5312
539
425
1465
2196
1019
5748
5218
2200
2439
-1
-1
993
1085
1945
27
427
5207
4513
4490
4654
1429
5062
1800
916
3139
-1
548
3390
1751
4713
5426
-1
3139
3696
1475
3887
5402
5082
25
4513
4772
923
2762
2598
5698
5502
5729
1427
5402
1498
2345
2704
923
5271
-1
163
5453
5402
2825
5028
970
5132
4039
255
4799
3018
2895
1095
2378
722
1044
5362
2981
2113
5593
3105
1298
-1
4060
5402
5385
5213
5028
4890
465
3139
3682
2959
1909
-1
3071
1298
5062
5049
4720
4896
1229
-1
4226
3225
1206
200
1206
3182
622
5504
3875
4406
2200
2164
5698
5364
1206
4929
947
-1
-1
353
18
5313
25
540
2825
799
3847
5362
5271
3139
1250
1297
2196
1341
5271
1475
2356
-1
4497
3880
2085
4356
804
2443
-1
5200
3297
2750
51
3317
2717
1886
2164
1178
2736
1829
63
25
3228
4989
792
1210
2449
1298
1452
2901
-1
3999
-1
2285
79
425
3139
1709
3145
-1
114
3139
2122
2439
4647
2285
3139
3387
3623
3914
5582
3531
4521
1178
3461
-1
1452
2842
1307
583
53
2084
3566
2762
1057
4763
2615
4497
3288
2200
2066
3139
1350
3076
5707
3139
1298
1367
3943
1359
25
126
482
1692
3343
2083
634
2435
1298
1044
5012
3226
4112
3420
2160
5009
220
-1
2503
622
5139
1472
5714
-1
1429
4373
3057
2435
2211
1722
515
695
-1
-1
3139
2729
5673
57
494
41
4591
-1
5062
650
25
25
5402
5518
3495
2749
948
2615
1178
1433
425
1361
5254
737
5402
3568
-1
4890
4966
882
3862
77
1101
1895
3980
1777
5133
-1
473
3791
1298
2385
-1
1475
3880
1664
1389
2386
-1
4771
4820
3139
3015
2285
2750
5477
2308
2008
3528
-1
2880
31
482
-1
4921
881
-1
5003
-1
3107
1601
931
5125
3139
1562
2911
1853
1185
996
2345
391
5049
-1
-1
2762
1692
1501
4039
4784
3711
1583
4784
4158
-1
987
3485
3602
304
3139
-1
2196
2189
-1
4784
4513
25
127
195
4185
3057
5061
-1
5061
1588
733
3139
4145
485
2200
3550
1254
2895
5221
-1
3974
4147
3820
-1
4039
5502
1168
761
-1
52
556
5402
223
2196
2154
5062
5151
1993
16
1885
4476
2189
4878
1452
5064
3672
1024
1809
1112
1780
3071
2172
4820
2762
1853
33
-1
-1
3931
4966
1482
4792
220
798
876
4078
2531
4443
1297
2365
1681
425
2911
3873
4843
630
4825
4015
2200
5049
729
3664
3308
425
1935
-1
5323
5146
407
3139
808
1307
2813
2085
-1
-1
2285
2954
4226
1777
1830
1792
195
1652
3003
5499
195
1003
1047
1821
3040
785
138
2648
2196
-1
1931
3595
425
5018
3882
4578
1776
2195
1172
275
5497
1776
473
1379
-1
4276
5171
2619
3352
2193
3139
4144
720
1722
3139
1374
3139
1869
-1
425
1200
1601
127
515
1583
391
4331
5312
1405
1472
3287
5402
482
425
3676
3946
2615
2154
3254
4658
3621
951
25
3869
1429
2517
1912
-1
5313
-1
1058
425
5205
3696
1350
2482
1429
5062
3139
-1
1095
746
-1
1031
425
4744
2196
3018
1800
3066
3110
3838
2135
2863
1313
3113
2248
2339
4903
4195
3139
25
1185
2292
4265
3107
5402
4945
2724
275
3946
1339
4082
2196
5587
-1
1619
196
3088
2245
1429
5534
4243
4082
4482
-1
3039
5062
4156
3702
-1
5081
2196
355
3719
2257
2825
2697
1178
3003
3308
2857
5089
482
3139
5619
4371
2208
227
2285
1313
3165
1007
1480
4364
823
3330
5651
2196
-1
5384
1045
4670
4865
594
3067
4295
1458
3139
3139
1692
348
3003
5587
4555
5146
3800
25
3139
1619
2160
4039
2338
1658
3139
-1
4039
3380
4890
5062
3139
1699
4662
882
3824
-1
3139
1249
3139
3139
2160
835
3139
3950
4815
5582
3994
3401
937
5176
2196
2195
5587
-1
2615
1465
5087
2502
5402
138
4484
653
15
1681
5744
5412
-1
556
4945
3139
2243
2475
4771
4039
177
1809
2494
5320
2619
1429
3051
7
3139
2619
2882
1465
-1
5297
3675
425
4111
4371
3515
346
1351
3139
3062
3497
4226
2669
784
-1
5062
1433
1919
25
275
5264
486
1166
1269
746
951
2196
-1
-1
1961
5190
25
4226
304
1584
411
868
2196
3139
4191
4287
3495
1407
425
1538
2165
-1
2762
4000
4335
5402
2999
425
3139
5500
455
719
4833
1112
-1
1300
3139
2285
4998
3136
810
-1
1925
5426
1932
2762
541
5384
3017
1216
4466
-1
2236
4990
3139
3325
2376
2849
25
885
5473
1493
1931
2638
1776
1273
5731
5598
-1
1019
5127
4896
1504
2285
3991
291
482
5700
2273
3411
2820
3308
25
2807
3339
1504
4820
5499
1608
25
1627
2285
4513
5608
785
695
-1
4195
538
3770
4998
25
5576
3848
5293
957
4771
-1
4718
1776
515
1298
473
2074
4200
5419
1433
-1
3609
3830
2838
4968
2719
3139
425
425
3139
1016
4254
5466
3139
2874
3688
1546
1269
425
4945
2724
4584
3996
985
-1
-1
5731
4771
482
-1
3139
3392
1583
1465
2812
-1
2724
540
2566
5587
3750
3084
5200
2671
934
2795
-1
5681
1867
5339
5402
4727
450
482
5344
1172
4564
147
1178
2762
5062
3864
5075
2476
3062
850
5419
5049
1307
5402
3139
2993
5463
2196
3160
2429
869
30
227
-1
2572
1183
4298
-1
731
3996
4211
4574
4158
1405
3218
482
425
-1
-1
5547
25
4629
1083
1888
2816
2838
594
2515
4517
455
177
2603
1583
729
3822
2574
1016
1821
2200
5336
3386
2285
1116
5061
4070
787
5062
2023
5402
4378
1185
3289
1672
600
-1
5233
5062
1354
649
1185
4354
4945
2104
2977
482
4890
2135
474
3139
5502
3139
3003
195
2285
2383
4287
722
920
934
2306
669
2948
1809
-1
4900
222
3011
3788
3057
258
4486
2615
2067
2196
4050
-1
3403
1339
5387
3499
1215
1821
5587
5619
1012
5402
5062
742
3363
4890
3210
1448
2377
3139
5731
583
1145
5402
683
3139
-1
3029
1528
2615
3007
2709
1016
-1
3643
5419
4405
4986
2196
1465
1629
1879
5402
3139
2776
1706
1061
3696
5352
3592
5163
1681
425
4039
2748
1385
5049
1601
2724
1496
2619
3139
1636
-1
3015
606
2333
4718
3913
2825
890
473
2762
-1
1452
4740
4718
1452
3295
2200
5405
2787
2670
2914
155
2615
612
1076
1044
4280
615
739
4054
270
25
3424
2196
147
92
1634
4513
2691
5326
25
4049
1151
25
2674
1433
964
4771
2438
3139
2938
1157
1504
5236
1429
4970
2196
-1
1800
1601
1504
5028
5062
4884
5071
4667
1185
2196
1716
1616
4890
4532
5402
4513
-1
391
4998
3293
1101
1480
5648
10
227
2214
4400
-1
1083
196
5384
127
473
2200
1374
1044
3479
5310
5237
1759
2769
3654
3813
5712
5695
5122
4993
3813
5049
2196
5084
4672
4966
4497
5122
3682
-1
5512
2722
4396
2285
2390
425
5426
4626
1777
4863
195
3293
2863
3139
-1
2160
-1
1699
-1
4280
2376
4331
5402
5714
482
2390
3946
4188
-1
2688
4784
5016
425
693
2879
275
1320
5467
5431
1468
2196
1283
127
2196
4654
787
4497
2570
3333
1506
1650
3139
5466
2350
3182
2998
660
2516
4123
2285
3492
621
5085
25
3139
3139
5604
2762
2200
345
3544
3720
1601
5125
3139
1874
1313
1101
5304
498
1611
5435
1255
4073
4471
255
1073
3800
3139
1095
3139
3489
5587
3676
5028
5714
450
995
1786
2236
1313
1624
-1
1322
2285
1269
2662
-1
5000
4966
25
275
1636
1601
4555
2754
4529
932
2748
1155
411
4181
2634
3446
2102
-1
1962
422
4497
3018
1152
5297
2713
2191
147
5062
4713
3139
2449
2591
725
1313
425
25
3658
5232
4890
1019
258
763
2196
3139
4915
3113
2196
1044
4110
362
2993
5402
3139
4039
217
147
3812
4832
2741
-1
5164
-1
25
3738
441
36
3284
5405
-1
5183
2196
1880
3301
1462
-1
427
3875
-1
2989
425
1876
2599
1307
630
1821
2292
3139
-1
5587
3985
5402
425
1298
4082
1627
3968
1664
2565
3308
5433
-1
4064
4079
621
5619
2615
3615
5402
-1
5112
4298
4497
3103
3875
2200
3139
-1
5313
1307
5031
4611
1095
-1
25
1003
3943
5491
1307
2146
2196
4298
-1
3676
1853
-1
3003
-1
1656
934
-1
690
3035
4226
4497
5340
5402
719
4702
3197
4276
-1
425
1185
3521
1616
2476
1036
298
427
1304
4286
1717
1763
4763
3348
25
3462
-1
3095
275
3934
3591
4713
1185
3008
2724
2789
3308
2196
2826
-1
-1
2257
2285
5410
1792
325
600
25
1650
1075
1153
5402
5616
3629
4401
4078
1617
2196
5413
4469
5402
-1
4772
3875
-1
-1
-1
4943
1832
5049
3139
4890
4890
-1
214
1841
103
1897
3308
3139
1458
3069
2724
3139
5170
4945
3682
4226
2365
3623
223
3139
3776
3480
3621
2164
53
2902
906
5402
-1
3781
5012
5210
111
3318
3139
1215
4819
3955
2390
40
3308
227
-1
2524
482
5491
1453
12
227
3201
3863
5062
3139
808
-1
438
1116
2269
482
3318
1181
5587
4912
3470
-1
366
1230
-1
2196
482
1044
787
5132
4742
1521
5362
3318
5092
1194
2691
2830
823
1171
258
3139
5354
5213
3621
3640
1776
-1
25
2619
2829
2196
3139
5085
3160
5744
-1
3046
3139
-1
2169
1307
-1
2285
425
425
2196
3113
960
5611
281
1608
4226
425
4034
-1
2901
2364
1058
5271
3495
1315
2964
2383
-1
859
1152
-1
2285
1480
4407
5028
4720
938
782
-1
2285
583
3779
-1
5011
1426
402
2630
-1
2196
5714
5049
5587
4224
957
1727
482
5049
2189
1546
3101
3306
482
1156
3621
3822
1433
41
2154
3139
3248
2390
4158
3591
148
1058
1559
5496
4438
923
5343
3074
2364
2636
1583
2285
1588
5243
4998
3945
3308
1407
2762
1185
3427
1230
1095
2615
1853
147
-1
4072
3908
2196
4226
3744
57
957
1194
489
4177
1723
4066
2545
1583
2196
3549
2149
2762
425
5603
1452
1928
5493
3738
5049
-1
5528
340
2393
667
787
-1
1619
5254
823
1623
3000
4772
-1
-1
4720
3101
3697
1661
2882
-1
1206
630
2876
3190
787
64
1571
729
1749
4485
1619
3139
4226
3458
4733
223
5068
1956
834
2762
671
3838
695
425
2196
4287
1119
741
1468
-1
1632
1269
3308
2724
1047
2085
482
1480
3426
1429
2881
1082
628
425
492
4802
787
3994
3139
5714
2863
2516
3066
5156
3308
5313
25
444
1016
4092
276
1601
2109
2285
4598
1699
3057
3485
-1
1624
5247
1016
4555
1681
1379
2532
-1
2978
1427
484
475
1307
275
3507
177
1699
2196
3139
2432
2196
2196
4784
-1
1814
5595
3696
1313
3139
1475
1681
3139
4251
1480
4890
2998
425
1699
25
4689
4580
25
2332
1204
341
275
5362
1790
2243
1650
3139
5049
1699
1980
3139
4039
3004
5236
1465
1106
2748
3955
4998
5384
350
3139
180
343
1945
4777
5050
540
4287
2084
2994
1583
1210
4877
2652
385
2440
5695
2630
4478
1583
199
2673
-1
16
937
1405
3072
5587
1468
5195
2689
3264
2349
1315
4611
5402
90
-1
3595
2195
3569
3628
5062
3139
1044
3046
4945
4615
4807
2198
5402
4111
-1
5107
3139
3916
1119
1313
3645
3980
993
4071
5172
2021
5022
4535
4513
25
4366
425
258
2420
25
1991
4792
3074
4944
1006
4945
298
3592
25
2697
3139
3466
147
594
4570
4356
3308
5318
5269
2106
3113
414
1516
1255
5491
1627
1160
3242
5402
1463
5587
3301
3139
4982
2366
1472
4787
1459
1470
3139
-1
2285
2619
5468
92
356
5656
3488
4437
425
2863
482
2019
1901
3712
4334
3711
4720
4250
-1
3621
1429
4415
2196
1620
-1
1777
3954
1699
1119
1632
2338
1285
3621
787
5703
2314
2136
4802
-1
1836
528
4158
5587
5493
57
2364
4373
2424
639
2200
2734
5062
4039
-1
2762
1705
641
5100
2383
1814
810
1058
1919
5263
4373
3711
1095
3308
4884
25
3139
238
5062
2876
1095
4255
-1
2285
4438
758
2089
1465
25
3139
1692
3139
5019
16
2055
1405
4363
540
2233
2335
3139
2376
1012
833
2269
3139
5471
5362
-1
2946
1298
2762
3308
2382
1082
4945
4226
3841
-1
59
2736
1298
1551
51
5056
2949
1405
3087
2196
1465
2905
25
2828
2598
5002
-1
4497
5109
4226
5073
1653
524
4373
1054
2394
1180
261
1482
5280
3929
2619
-1
482
99
800
4226
482
1019
102
4192
729
2133
4760
1879
-1
2435
1294
5402
-1
3391
2269
2195
1480
844
5278
4830
1095
2638
4039
3633
645
485
4142
1294
2196
4497
1200
5427
2023
3139
4784
-1
1013
3836
893
5402
5062
2285
3139
-1
3139
1300
1003
2058
4226
1271
5062
2860
2999
25
3323
827
5214
2381
1180
1405
1581
2638
1016
213
3946
2462
1692
25
4534
2315
2290
376
4865
2956
817
-1
2352
482
4713
5142
2196
3308
190
2903
4945
3009
3139
3749
3139
-1
2882
-1
425
2884
5497
1350
2948
5402
51
1019
746
2882
3395
2934
3976
5013
5473
2454
586
1390
1452
2578
1252
3566
4075
156
1699
5081
3057
276
5577
4463
2383
3139
5576
5402
177
4128
2703
4226
1307
1831
4764
2743
5400
825
2934
861
-1
4373
2615
-1
-1
38
2245
4468
4299
3139
1180
102
4226
4969
3261
2565
5051
3028
1273
3768
1650
675
2196
3139
923
4332
4705
195
99
5446
3139
5648
4784
3139
-1
3139
5122
224
2852
-1
3107
4784
4836
494
4026
4611
3278
993
-1
5402
12
2778
1160
5192
3191
1601
865
140
1157
4990
2629
2630
2825
2122
1759
3292
425
2449
1699
4443
3392
-1
1277
5279
4044
1453
482
1583
4080
-1
4578
1538
2911
5062
451
2196
3838
5402
3432
127
2333
4188
5402
3495
4884
4853
5671
4828
-1
3621
2619
-1
-1
3139
3946
1044
4127
2461
3139
5402
56
621
254
5587
1326
4772
5744
3565
-1
425
3139
561
5657
538
4040
1459
1095
5162
1707
1044
4621
227
2196
2196
5336
-1
2269
25
5671
227
-1
1384
3278
1462
3682
3308
2196
-1
3139
763
-1
4890
4513
1997
3887
1044
3240
-1
3035
1059
741
2422
5022
3139
1352
666
5671
473
1452
3344
3939
-1
3139
2397
3308
5576
1380
4875
5384
4185
3584
4890
1101
5587
766
2390
1313
3754
1168
5505
5
4034
1230
-1
1872
1636
3139
2196
5213
4193
-1
3139
2004
2103
3833
2200
623
25
1692
425
1475
5362
1352
524
425
540
3340
5557
3890
1017
1168
1095
4945
5238
-1
5545
-1
2989
3308
5022
1269
298
2415
5671
2243
3139
3164
-1
630
709
2882
2097
2196
3875
2122
432
5183
3554
3732
2153
304
1601
2492
3139
2998
1409
-1
3760
2724
3468
593
4047
1044
1157
1811
258
227
425
5525
1891
3832
5122
2762
2243
2200
729
1056
4158
25
2016
4084
25
993
1244
3676
2096
850
716
3139
450
5077
1252
5061
3729
5031
425
4718
5587
2470
1283
3843
4629
4890
1405
-1
643
1269
1898
1876
577
1699
4650
5678
3772
4675
923
5239
-1
3139
3828
2420
3197
1244
2742
3139
630
-1
4545
2268
2122
4890
5062
4247
2774
1311
1539
4659
3071
4860
16
5402
2989
2570
1429
24
5139
1178
4884
-1
53
899
5239
514
4477
3761
1307
2882
-1
3139
2175
2196
146
-1
4844
5402
4222
3875
3240
-1
1465
1012
5032
-1
425
3989
834
3712
5062
4836
5475
2911
1588
1949
2773
195
687
3931
2200
5062
2285
3139
1511
1480
1601
2285
2411
5129
1313
911
16
485
561
2882
5062
2749
2164
5099
922
4369
-1
4118
5295
4836
1979
4266
2350
1307
-1
1601
937
1914
3833
285
5271
2227
482
3539
3139
1470
4966
823
425
323
4713
2676
2383
2454
2167
3406
688
2838
4890
3139
43
3139
4771
861
-1
785
1680
1255
2285
2638
1116
3528
5587
393
303
995
-1
1583
1185
3946
3139
5706
2390
5062
4598
5690
5693
632
4158
243
2196
3363
4790
1269
558
2333
1083
5082
5479
790
5402
425
635
5194
1298
-1
127
5402
425
3943
1429
1195
834
5122
1298
-1
1506
4226
482
1230
5384
2381
1201
825
1095
4226
1307
4491
835
4276
1416
4890
5266
3641
4484
3991
283
1185
482
5043
-1
630
425
-1
2200
540
425
465
3943
5055
785
1823
5210
62
4226
809
360
5651
2989
3115
3645
5695
2196
4966
1258
746
5026
53
3107
5362
3139
1948
3495
261
5402
4890
2385
1588
2813
5677
5062
2240
2698
4911
1297
5022
485
241
1044
894
5402
4884
2189
425
3139
1201
-1
4638
5213
2324
1307
1294
2009
-1
4000
2196
4890
5671
2958
1000
3125
2408
4090
594
1959
2019
4970
3682
2200
3748
838
5062
-1
47
2096
713
3249
3401
2196
485
2390
3139
127
5712
4945
5713
1601
1478
5061
1313
425
5049
2196
5198
3696
2200
3293
4282
3965
-1
4787
5576
5062
2762
-1
584
5402
3761
425
4037
4145
3974
3139
3800
1405
2517
4272
2196
-1
2364
630
3862
3139
2196
4513
452
5195
-1
2164
5061
3994
3549
425
425
1453
5285
594
5402
3101
4768
-1
3339
844
3586
2390
3139
2122
5402
-1
15
475
3182
806
4142
5402
-1
