4804
334
25
5684
4615
2226
3466
2333
5683
3224
5110
1323
4373
4617
540
2615
5333
5362
1338
2530
241
3676
1719
5587
283
4328
2755
4511
2267
1496
2196
716
3218
92
1588
5235
3396
2838
425
3086
3327
4397
3139
1119
628
4900
-1
3026
5570
4966
2364
3315
3946
2762
3328
5644
4902
1429
5402
3711
2167
3552
4303
1095
4890
4915
1313
3136
379
5048
3870
1919
2122
5031
5433
3251
2872
5467
2285
5499
4039
2762
62
4484
82
3427
741
3192
5432
1793
5241
400
5607
1101
576
4082
5349
425
5644
672
1699
5196
2632
16
1300
16
5526
-1
2907
4332
3598
3418
3499
1902
5133
2189
1842
740
2195
3308
3887
912
5491
3755
2751
3651
5062
1178
2158
746
3958
925
373
5576
465
1300
5049
4226
1408
3139
-1
3139
3955
2196
1806
1650
3245
1673
5218
510
2308
838
4221
4899
2383
1010
2154
2017
3251
3799
1778
5636
3769
464
4059
945
16
2196
195
862
4700
3160
4250
57
4689
1504
5587
1781
3487
5402
3308
2196
4369
5502
1800
2062
2200
195
657
5324
1778
3309
425
2002
4673
5518
548
3139
3647
3730
3240
5402
5343
2828
639
1460
2243
3139
2374
-1
1429
4251
3139
2748
666
1479
-1
3308
4444
5028
3278
3489
2231
1821
1313
425
442
5135
1273
2285
3013
5402
5402
2337
2934
5402
2196
1902
4177
3418
1374
4652
5030
-1
242
4337
4471
5402
2200
4654
2196
482
322
4929
5049
1334
1230
3139
5386
101
1908
3271
695
288
1307
431
4497
4901
695
835
1934
1546
957
873
1706
3257
227
5465
2779
4406
3988
1429
2920
1298
2190
1639
5412
-1
2435
3246
18
1083
3139
695
4720
227
4204
4028
2356
4600
1429
5595
4327
3410
1429
3966
5269
2010
835
485
594
825
2863
-1
5068
195
3923
227
5633
3422
5712
3462
1019
5414
4479
365
3367
1353
4693
5402
2743
5140
4445
2619
267
3843
1713
-1
2188
5479
1939
425
2778
2285
213
16
2974
1054
1867
5706
1215
3502
3966
1011
5322
1384
-1
4559
4226
4142
1591
4220
1005
3033
4330
5115
1101
4395
1465
602
685
3395
-1
1960
2655
3501
3098
2122
2786
1427
5714
591
1636
25
4707
1789
4084
1882
1033
3675
984
3084
3054
3402
485
3139
2196
3139
227
350
304
1369
5616
2160
430
2793
3008
1610
5535
907
2845
5112
630
5410
4415
-1
-1
207
1601
2196
1681
2656
4054
154
3753
4956
4413
5309
482
3401
3139
3139
2621
3308
5293
1300
1281
1757
2098
-1
5214
2169
5097
2593
3437
4489
1691
5576
1152
-1
1833
4016
1410
3152
60
339
3043
227
2167
723
1092
3965
3280
4158
3139
1909
2348
3375
4916
3407
5131
4114
66
2196
4462
1966
1313
2825
2196
25
4792
4352
3227
937
3139
1313
5292
536
4226
1878
1586
2084
4492
787
5491
3168
2196
1465
2330
1480
5129
2016
649
1468
5557
911
1339
4307
3139
4175
1821
4537
-1
3592
4925
3439
2975
3676
3291
1916
1029
285
3966
1998
3676
116
4950
5271
428
41
5587
1781
5132
591
3139
330
2123
4978
2591
4158
5210
4762
5062
3046
3188
5238
3723
1240
4699
1953
2724
3435
2364
4718
95
3496
2691
1578
509
1427
1772
4238
1510
3139
2196
23
2164
2935
5507
4311
4913
1980
815
1116
5472
2691
-1
3869
763
4890
3900
1044
1157
482
1385
1185
2958
1595
726
5241
3877
1957
2269
4763
3142
4255
3139
3784
2017
5511
3072
3308
3690
5402
-1
1405
4736
348
1371
4627
739
3091
2961
1174
583
1777
2584
3713
826
-1
3139
4535
3937
1554
4983
3170
1152
5094
12
-1
2084
3000
3139
2882
273
918
4371
4998
5738
1579
3711
482
4718
2762
1313
4331
2868
1906
-1
25
543
4989
5332
261
1730
3301
21
1910
5156
3313
229
1450
1479
4626
1583
4771
5687
5142
4890
4299
4219
2122
258
3139
993
547
4335
1675
2951
-1
2195
2685
2548
1309
4639
499
3139
-1
2986
3072
-1
1465
3485
3046
716
4400
3139
2390
451
52
4633
3077
1405
254
5671
3682
2645
3822
932
3830
3591
2814
4252
1307
4871
858
1642
4002
2965
3862
5122
2411
5671
25
5094
4458
2196
255
4497
-1
4453
1420
1131
25
2548
25
3141
411
3247
1420
2628
425
5155
482
5587
1054
1143
1307
5256
1463
1961
4720
5087
99
4720
4131
-1
1480
3448
540
4612
1297
2183
4305
4226
2626
2738
570
2762
4080
3737
11
1218
2376
-1
5474
5009
5166
3621
3838
3970
4252
1846
3521
2880
5062
1275
-1
2313
984
25
3875
2192
2527
4088
327
2390
2122
2210
4136
450
5550
5461
4022
5159
166
2133
3436
3266
5621
2156
1858
1152
-1
1681
1108
515
3587
1095
1598
947
2285
3370
5426
3621
1889
2196
1672
5062
873
4158
1132
2146
4778
3316
1399
3933
4658
-1
2148
4405
5602
275
1307
3205
827
441
5387
482
4427
4602
2189
4990
4226
4287
24
5402
314
1636
-1
5049
1793
3349
3899
-1
548
5655
4827
2154
-1
1636
3778
5616
743
2241
957
3139
5362
4373
3959
1925
1800
2615
1800
1844
2196
1465
5094
3589
-1
2430
1178
-1
4039
301
3214
162
2768
4493
25
2233
5062
3803
3641
2122
1615
3507
171
3199
1699
5576
3139
-1
796
2838
5373
36
3308
4927
1553
4238
4808
4294
5288
2365
2196
1902
5049
5367
2518
3833
425
4426
3015
1647
3139
4225
3072
2825
2440
425
5218
4373
1019
567
2990
5213
3139
4998
1949
4569
1313
1016
4199
3054
485
-1
-1
3139
402
4494
3958
5396
2184
2964
-1
5247
5448
2168
2516
695
3308
2200
3800
-1
3887
3621
5133
258
1914
3422
653
2285
3051
5587
3139
249
2085
425
4878
2069
-1
5074
5497
3028
3401
2024
4226
695
2762
5053
2200
3115
1147
241
-1
715
2698
4158
3725
1992
2350
2196
4232
5587
2420
1650
425
3369
405
3254
3174
2122
425
3139
3975
2153
-1
1240
1383
3935
1765
5284
123
3433
288
482
554
407
2008
2516
1506
3838
717
2847
25
1215
2195
5099
1307
425
5122
5466
4858
2377
5119
1304
4959
3584
4158
2025
3139
4771
1479
275
-1
4202
2196
24
2428
2882
4060
1442
1620
25
482
4643
1169
1448
373
4934
1616
4615
1178
52
2531
3531
3139
5254
5353
2166
5402
2097
1881
2777
458
1429
482
2160
937
581
1153
540
2561
5218
4497
4494
3131
3377
-1
1725
-1
2915
5475
4772
4446
-1
5419
-1
1083
2131
3170
5382
1024
4188
3139
5496
2919
356
4890
2196
3594
2164
4687
4851
4910
2505
5384
3840
5073
3630
1534
4268
3128
1780
1205
30
2697
2122
3838
3139
2104
1044
5475
5431
-1
4740
1044
2196
2963
1601
5302
4132
1491
2902
1376
5062
3986
1006
1636
3238
940
5499
275
1894
1193
5562
4826
1612
1233
1922
5233
3139
556
3139
74
4584
1434
2565
4373
1480
32
448
280
1121
633
2122
1722
1231
2615
228
3863
-1
2196
1897
5062
2844
2465
425
1660
5340
2196
4567
3250
193
1571
5699
5294
2450
3629
3003
3814
5015
5525
3875
4158
2549
1865
5502
-1
3139
-1
1233
3652
746
2187
1977
5449
1319
5624
4007
1003
2200
-1
3667
1601
983
4780
5384
4975
2164
2258
2605
1016
5066
1831
1328
3409
5491
2196
4657
4373
4720
2122
177
2285
3282
2489
4127
2526
2944
5022
3139
754
5481
2164
3696
3139
4951
787
848
1071
4033
1112
2285
490
2426
5744
4794
3308
5028
301
1465
1345
2989
4302
-1
-1
1757
3478
5497
1313
1124
5221
220
3308
25
425
5244
2962
926
749
614
1429
1800
1307
1769
3139
5062
5402
5487
2007
3195
3559
3939
-1
1955
4032
3139
3545
4906
482
4010
3507
4272
1071
2196
-1
2882
1193
3760
2200
-1
1793
-1
1316
4249
3535
81
4902
3269
5512
2122
-1
5402
1429
1742
5552
2196
923
1046
1218
1571
4323
3474
41
-1
291
3003
2285
1199
473
3696
5253
5370
4000
1300
188
5062
534
6
5255
3360
4708
3139
4808
2239
5587
623
5570
4281
2196
4142
4912
747
548
3139
516
1352
4588
1601
326
594
3556
1665
3650
2435
75
3592
4998
-1
2619
4764
4490
3788
4004
378
2442
5663
2995
25
2911
4984
4826
861
1701
281
713
3591
3137
5049
4664
1321
1152
2017
1661
53
187
4902
1060
4435
4559
3982
2998
4151
-1
-1
5574
4162
195
3924
3156
1197
482
4188
5062
2837
1429
-1
4959
25
539
-1
2200
652
4998
1291
3735
1436
2724
4123
2619
3065
3977
1168
425
-1
5062
-1
425
4945
3621
5076
3386
1069
591
-1
16
-1
3831
1452
1501
5456
3617
3707
5254
3821
1282
2196
-1
2157
3242
3581
1494
1606
3139
3000
3139
5515
5625
1203
4945
-1
3139
4064
620
1050
146
2825
4713
3808
5062
3592
2829
5714
25
1336
2895
1527
1166
3139
5156
3000
1738
147
1856
1611
5313
778
4998
1985
1058
1692
-1
3923
3964
2311
3936
3454
5551
-1
1359
-1
3308
3032
2196
-1
5595
3620
5402
2196
2196
1448
2589
674
5318
1178
5152
1636
425
269
3849
5191
318
1831
3308
258
368
3139
-1
2531
5077
3563
3974
1655
-1
1235
4771
3399
1307
97
18
2236
5402
62
3510
4585
2385
425
3963
4966
3621
118
425
2838
5351
3462
3952
4257
3928
2934
4484
4569
1796
5159
810
5664
2780
3756
5198
3369
484
5278
1324
2191
2762
3190
561
3461
3332
1429
4373
1767
4178
2724
-1
3107
5627
4880
684
-1
583
1405
1898
5402
630
2248
4740
841
5085
4078
1502
1178
3396
2744
4483
2932
1480
3485
5285
50
-1
422
5546
5062
1016
2619
4814
1512
630
2269
3256
2652
4298
4860
149
5426
1857
4106
4497
4485
5164
195
3250
1430
758
2945
3800
5049
1744
5402
-1
5062
1703
4915
993
4698
2948
-1
-1
2306
2794
1405
4381
1482
2966
3149
593
2724
785
686
4898
4039
4914
3382
3139
3139
-1
943
957
5339
3139
2321
526
1500
5252
5217
324
5112
1178
1238
5354
1283
1476
-1
443
2124
-1
3240
2267
1958
41
1465
548
4032
3126
2911
5497
5267
-1
3509
2200
5028
883
1608
1558
1699
1405
5062
3994
3653
2435
4792
878
3139
1405
3003
3682
5544
3785
303
2884
1482
3353
3194
4728
5434
4926
1601
4039
5203
5062
5049
3882
4929
3010
1185
2364
4777
195
1177
5450
613
4147
1300
3887
3138
2390
2423
2195
2619
857
3366
2055
3139
2344
3780
3945
4564
-1
5530
-1
1452
1429
1722
3139
1101
4611
5232
2196
425
5433
4156
5318
346
5510
4482
3079
1556
1840
25
1777
3876
1465
156
1588
2009
1424
4384
5132
2122
1178
3139
-1
-1
2369
3991
2196
2608
1722
3046
700
4007
3377
3946
4915
3996
695
25
-1
1429
650
4438
-1
4674
3528
5272
5062
3023
2934
4158
3139
4158
603
5059
1178
3886
661
3113
3393
1178
284
281
2718
494
3925
665
4992
5616
5029
3284
5299
961
3139
4534
1405
-1
2409
5323
4891
4529
2857
4188
3915
5580
5545
1107
1830
1619
3932
3036
4062
1342
2911
4201
5592
1776
474
1483
1633
3139
1313
957
3996
3139
1405
3139
3889
3966
2996
4720
1323
-1
3592
3308
4825
1588
425
4158
541
-1
4921
4720
2326
1061
2615
1206
1288
3289
2549
165
934
1240
5049
2690
3920
2763
77
3848
1210
3536
25
957
4991
4504
5123
-1
2435
1072
1902
2196
5547
3629
2052
3887
5640
1335
4041
1053
1664
1405
-1
5744
2195
1744
-1
2196
5218
1282
1836
28
3564
-1
2615
5133
3675
1219
5587
4723
1636
4394
5272
1171
173
694
4158
-1
5003
3051
425
1583
2196
3139
4690
-1
-1
1702
4018
-1
4429
2200
2637
886
1699
2474
3641
1410
3457
3391
4171
3495
3971
137
-1
4188
3377
2724
739
4562
425
1636
4188
5506
4877
2196
2421
1583
3356
519
4491
1596
425
337
4722
978
5254
425
2196
5402
3277
4226
2691
53
311
987
2943
3731
5472
2061
4125
860
5717
5491
-1
-1
1707
975
1480
5126
2416
5587
3682
1757
4032
2647
2895
52
5113
1480
5704
652
1178
3585
4032
227
2809
1636
3456
1861
4965
324
1801
1722
-1
5687
3072
3734
1967
2523
3800
3139
3752
787
177
1245
1066
4718
2367
2762
3139
1366
5583
1883
3771
2196
4822
3887
4368
1809
285
4110
4966
4732
1926
1067
4966
3676
1307
-1
5087
482
4763
3948
1167
4332
967
425
4014
1543
3139
5697
1244
3923
5247
2164
743
2374
1659
3621
681
511
2937
-1
4094
2200
406
5402
-1
51
-1
5742
147
2153
3418
1751
2449
-1
1976
1150
2397
5584
3738
2213
3201
2189
4713
1504
4226
2615
5647
2194
1405
3139
5271
263
4884
3308
5049
827
496
-1
3139
425
5501
4799
4815
3584
425
4421
-1
2196
15
1800
5409
2285
4945
1601
482
2724
4158
5319
4373
5062
1157
3361
4650
4408
301
930
1899
5497
2195
-1
2999
4027
227
3124
3369
3419
1446
2333
5429
5035
1116
630
5701
1429
852
3913
1299
1234
1568
3875
43
1775
4227
3541
3139
2196
2615
3989
5258
5587
5344
506
617
4748
25
1240
5714
1997
5402
5440
4287
5051
4497
4629
2364
1384
1986
1521
4226
1168
5667
1294
-1
1583
4903
1791
1429
951
2196
1956
4082
4226
4713
2249
5435
2454
5062
1901
1636
14
3139
1298
3162
2036
2633
4945
1183
5234
1601
2468
1406
4148
4547
2196
693
1480
1014
635
4235
5287
-1
1186
4471
1170
3817
3533
276
4757
5662
552
5271
3139
4814
5451
2305
4784
2182
3139
1300
258
293
5183
1636
1996
232
2893
1796
1549
2762
3158
1610
610
41
1044
2290
3961
3139
1221
-1
4007
1295
1269
1588
4972
5435
1452
1427
676
1405
-1
3069
2051
3046
1395
425
2196
221
3781
1343
-1
1185
3883
25
3880
111
4720
16
5087
400
3139
5547
640
793
2380
2016
3574
5370
4007
1666
4829
1397
5155
3168
1754
3139
4966
104
4348
-1
2950
1240
3496
2196
4900
5313
5149
4584
5111
2285
833
1429
425
3689
25
5211
3139
763
195
2243
3139
1971
5151
3057
3132
-1
2619
5473
4200
2200
1184
474
3517
647
4280
5178
3038
425
25
1480
2498
937
5402
2138
4810
-1
4559
3428
2179
5586
5156
5582
-1
1077
2196
4945
3639
2390
4287
4213
5695
5122
1504
3303
1405
1608
47
482
-1
4039
1206
-1
3557
2285
2757
4614
4457
4616
4993
-1
628
-1
3554
3522
446
1565
2502
444
4146
585
3139
3139
4497
4044
1016
695
2882
5402
4142
3777
992
5155
882
2090
1142
3139
-1
1298
746
3456
2214
-1
3623
1178
1387
5363
3139
195
5280
5085
1454
1601
3137
-1
1652
3139
3308
425
540
4259
5426
4685
3315
2998
1945
3139
2842
2619
936
5497
4501
4107
1081
3696
4188
3676
425
1016
3139
1243
760
5313
4709
3392
5491
957
1791
703
2667
1307
147
4724
2567
3892
482
1811
1244
476
-1
4005
3720
3003
2006
3139
4945
5028
3608
3139
4531
3388
747
-1
785
-1
3113
502
4310
1826
3530
230
4478
2629
25
385
4943
2703
1310
747
2708
4494
2285
4607
5671
3289
3139
2825
3414
-1
-1
425
5671
482
1781
1216
-1
5062
3139
41
3139
1703
716
5692
2769
284
2826
-1
1016
275
4875
5062
1982
4226
2383
1417
1270
3740
3650
2135
1903
5415
2241
5402
1307
1583
3139
3139
542
1168
3869
2823
-1
4995
5551
3380
-1
-1
1738
5491
1405
482
4869
4770
2199
4244
99
4437
2196
256
2954
5673
2186
2892
4231
3308
5265
2196
2378
3139
3837
5426
4587
4320
3586
4453
3114
1429
3147
1752
3308
3317
5310
3469
3139
2196
1850
2227
1709
1626
4498
4813
4945
787
5271
866
3139
4348
-1
1335
3039
3651
5195
2988
3139
4371
1054
2189
4053
2939
4087
3139
214
2679
3139
25
4287
4811
2460
5491
2762
2676
1189
3519
195
2211
756
4203
1411
-1
4326
3592
1147
937
2200
5085
-1
1706
2974
2013
5060
1303
1428
3139
5264
1680
2390
1989
3682
583
1405
594
4390
-1
2196
1183
484
3034
3956
2196
3934
489
51
3061
4768
3408
2974
1445
3075
3875
5062
-1
4211
-1
5107
4763
4890
3035
2122
1291
5587
3139
1044
3479
4126
5336
3796
258
5561
769
5621
1210
1516
1239
630
-1
1825
1079
62
4884
3139
1161
1968
897
4552
3003
147
4139
25
538
1570
4712
1095
2565
2285
4945
4035
1307
3441
1897
2063
4543
-1
1948
1759
3601
3362
5176
3139
-1
5269
5254
1504
-1
3456
-1
2040
1337
5384
4015
3285
2754
2196
5426
24
1821
913
1740
1313
1298
1538
3139
823
3215
2084
4188
5587
1629
3003
941
1930
145
400
1945
-1
650
429
5133
624
1823
5518
4771
-1
2350
4550
-1
1031
2383
5362
3616
5049
2285
2949
2196
5507
4034
3279
3451
1681
1800
1078
-1
410
41
-1
1681
653
4060
1679
1429
-1
2153
3967
2634
630
3878
-1
5371
1465
5269
5421
3095
1073
3139
1782
4970
712
2200
1992
2354
4005
2762
2200
3139
2961
3139
-1
4533
781
550
1206
2200
2057
3283
1087
3139
425
4019
5616
1717
195
3139
86
3595
1601
3139
2703
3139
1194
4404
4057
1739
425
261
196
3841
5497
1520
1779
2724
3615
-1
1354
2196
3991
-1
3072
1480
425
5347
2023
-1
1044
4518
4153
5695
25
-1
704
5062
2189
5616
2384
5691
190
3862
1850
4159
-1
1313
3139
1272
3003
4634
1414
1157
3676
3139
2200
923
4915
482
285
1601
425
3139
2200
1160
3139
3139
-1
185
3351
5718
3449
2084
4802
4945
1796
2245
3308
2041
1470
5360
1703
3139
3037
1193
872
3139
3800
4184
2443
3691
3287
4432
4040
3867
549
4158
2665
3139
25
251
4763
2623
3088
482
3003
4158
2691
2698
3494
4600
746
5402
3600
467
-1
1155
664
4966
3507
2619
5092
5499
5654
-1
3139
4287
786
3179
4986
477
3139
1601
3711
2111
3511
242
5614
3815
4392
4162
5609
445
1650
16
4890
471
2122
1555
1090
4154
2220
425
5062
1168
5442
5402
1396
2654
3197
1673
1008
5664
5696
2859
4718
2196
1583
5505
-1
5210
2882
1062
3139
425
356
857
4975
5019
-1
5194
1016
1131
2391
928
-1
5271
-1
5338
485
1680
1699
-1
3671
957
3139
3136
1016
5524
3711
-1
5024
1780
5077
3933
1819
3430
2651
3891
3139
5402
2196
5283
1475
1429
3095
1551
5362
1905
3019
5497
5107
1298
4075
4693
-1
3150
1168
4654
4567
5402
258
5275
1044
3139
5639
4493
3885
3646
4039
556
2243
1583
1677
3150
4343
2630
2196
-1
1185
2697
425
3938
2105
1893
247
2292
5587
1465
1044
3331
258
472
738
347
4720
5078
558
5524
3139
1653
2406
1862
5280
4998
-1
2853
2339
4482
4836
2860
634
2129
4998
2372
3139
4142
2630
3903
2810
1110
583
2196
3003
5028
2724
301
3039
5021
3139
2196
5402
-1
494
566
5364
4348
1094
-1
3139
363
5031
1240
4359
4929
2339
4083
1681
942
1116
638
2603
4888
4677
3676
1601
-1
4792
3910
4373
1131
4966
3862
1598
5022
1646
4503
4336
57
3447
-1
1645
959
-1
743
1298
5128
3800
3058
2285
432
5242
147
1184
331
3597
1206
-1
4487
540
1429
3139
2815
5362
2864
3139
2008
1028
1298
888
4737
5062
195
3139
452
3139
4651
3502
2891
5238
2113
2839
-1
2101
3139
143
-1
5266
1503
-1
2333
1699
38
3139
630
2768
5402
1913
425
1475
3286
1583
1814
3139
425
3306
4946
1117
1800
2615
1157
5384
-1
-1
3007
5397
1300
380
4938
2131
4832
4226
2819
-1
3139
3139
666
3095
2466
425
1546
522
1945
4962
2328
4626
3763
3249
-1
4471
1945
1872
5159
-1
3499
2196
5442
16
1141
324
3371
5466
5022
1325
1727
843
5402
1194
3426
3485
9
1165
3255
195
3505
2114
-1
3716
4838
1379
16
4189
482
5512
1149
4401
3139
5097
2981
922
4328
107
4096
705
1427
1347
5133
829
2933
2583
1945
-1
2724
2825
1353
5426
285
746
951
220
2573
-1
2196
3071
4167
1583
5736
5385
315
3592
-1
212
5576
1699
3003
4039
5649
-1
2615
-1
1636
4140
547
1876
1104
1260
2783
3140
59
5714
1475
425
5171
2691
3139
2196
1482
2088
5433
1843
785
2243
2464
916
-1
2569
2724
5665
1289
1991
1082
-1
1699
1721
1550
195
2794
3139
4325
5499
5402
66
-1
-1
2934
1226
1841
937
1381
2686
4966
957
2196
25
2566
-1
3619
630
2195
2882
1681
5108
1452
3228
3139
1332
3139
152
2904
3139
2263
1307
1911
4939
1641
2548
5402
3182
3192
-1
-1
4966
3241
4000
394
1769
1071
3308
-1
834
2661
2180
53
4455
1214
2750
3139
2048
1408
42
495
2890
5062
3621
477
4713
1522
2651
2374
4267
2453
-1
4856
1410
1044
4188
248
4979
4195
3139
816
3308
3718
3296
1355
2029
2257
2257
2918
474
5088
4677
1699
4966
323
5326
245
425
3139
3139
852
4861
2899
-1
4948
1455
4713
2363
1427
1618
-1
5164
4804
2390
3308
2615
4497
2762
4391
879
5005
3483
4890
4978
3996
1798
2825
-1
1139
5653
195
2477
2751
3676
-1
1720
3204
4188
3003
1330
3139
4344
3901
25
3657
5559
443
4332
84
2501
4792
2009
294
4623
2164
3856
1692
1003
2189
1339
540
3067
2243
1425
-1
1616
1035
594
1668
654
-1
1943
2232
3139
2889
3676
1471
-1
571
2818
636
2399
1465
5354
4137
5195
5068
2473
1680
5587
929
1429
1796
3765
4109
5062
5491
5471
5419
-1
52
3139
582
3139
2147
574
1843
2875
4663
590
-1
5521
4980
1139
1429
1452
5695
3232
1264
4615
-1
1671
-1
4287
93
3049
1588
4332
-1
1607
-1
1598
1601
443
4784
5121
3951
1323
2196
784
1016
-1
3139
1344
946
4436
5362
3338
3190
1868
667
1465
497
-1
1661
841
3139
2358
1683
2762
1429
1497
1480
972
2238
2200
2966
1064
425
1294
4012
1973
40
-1
4713
2782
3117
813
425
5463
3561
4879
5271
2873
853
1726
-1
5200
2851
3000
274
482
3308
4073
5587
2422
-1
4039
2097
4884
5402
5062
1913
250
5491
2208
4589
92
-1
1888
4057
4128
-1
5610
617
5134
641
2196
630
1371
2856
2196
4622
540
1588
1168
5566
2333
2773
1012
3479
2822
811
1608
514
2285
735
2285
3015
3968
2567
3365
-1
4331
-1
1515
425
5612
4985
1269
3969
2724
2196
314
4236
-1
100
5062
4029
5171
2267
2102
1897
1206
630
354
-1
1123
-1
4920
4785
3884
5576
739
227
2266
3710
2345
1653
4945
5413
2811
4383
5713
5391
1533
2285
2115
861
3768
3139
425
3017
4744
5589
4255
787
4118
5402
2454
4803
4278
2196
2628
4284
4325
2143
583
1352
1206
3139
3192
2196
1482
1159
-1
4631
1277
4158
4388
3040
3148
1298
630
1951
1168
425
5547
996
2144
3200
4195
3580
2615
1257
1427
425
-1
-1
55
1467
2619
3072
3320
1651
512
4908
-1
5402
-1
689
25
2563
2614
3139
604
4116
4158
1528
4884
3868
4003
-1
275
-1
3923
1339
1636
3003
1917
5109
4710
1557
3916
3524
314
702
494
3616
3139
3139
1068
4329
3107
2562
1242
3219
2762
376
1430
3943
-1
5128
2174
847
3139
1318
5726
2762
1468
5402
643
-1
787
5165
5642
1192
4226
4936
709
5111
588
2390
1131
3384
5101
179
1970
-1
3427
2457
102
804
2285
4042
558
482
612
1824
-1
3493
4158
3377
1573
5541
5686
1248
2612
874
5133
-1
2351
-1
5412
3914
1081
-1
1560
3016
938
5274
5517
3300
3629
1605
1601
5176
4348
1579
2887
4900
4039
425
2882
1452
2515
-1
3875
2056
1044
3139
3139
1054
5384
2876
58
3268
3641
3136
3139
25
1185
3822
1405
1025
3842
2911
583
5499
3621
4683
4142
5033
1699
2597
3139
5077
4164
3869
4936
3009
5567
3773
425
3462
1945
1178
2762
3304
25
4873
16
5364
5022
5250
4777
3403
195
1663
-1
1433
3856
249
5077
4696
2994
2615
645
2723
5171
1638
5062
2196
1928
785
3676
3736
822
3139
2872
227
4924
1681
3623
5271
-1
1902
425
891
5380
4039
3139
3624
227
3965
1269
3139
-1
4586
937
-1
2390
2666
5419
5220
5748
3139
3265
4497
3046
1407
5527
1788
3139
5183
172
923
4366
1480
3978
1297
4632
2619
1776
5405
4868
3876
4740
4181
3682
4763
3111
-1
-1
2762
4497
1601
1732
3260
3139
2176
2939
5744
345
1019
-1
3139
4712
5605
4720
3681
-1
3591
3626
1082
5117
3818
2813
286
3139
607
2950
5016
4697
2162
5497
3139
5076
1892
1405
1429
3139
5404
4142
425
5104
1480
147
2978
1133
4966
2122
1230
3676
-1
1764
4373
524
529
2620
1298
3308
156
-1
1405
4966
5168
-1
904
1847
595
1902
4371
5013
5087
4228
772
1185
3771
2601
2287
2662
834
-1
2189
3621
3139
3472
5733
448
-1
1373
3217
2196
2200
4000
5587
2958
3139
4144
1800
3389
2724
1583
4038
5072
1653
4495
4226
425
2196
2699
3139
127
5385
25
3003
1178
5746
4966
5136
482
1083
2078
5384
4347
1936
3415
1619
5587
1699
425
3423
1854
-1
3770
5674
1429
5345
4776
1900
2196
3095
-1
3139
1623
3139
4406
2825
3139
5413
1681
195
-1
3897
2440
1427
4415
3139
5359
-1
3378
-1
4142
4923
4844
4786
4300
2437
1559
2200
1506
4966
2395
-1
4894
739
3139
852
4945
4597
3676
4998
-1
3039
5240
548
-1
5694
2357
4499
-1
2196
4771
3283
2302
41
485
3621
630
1936
5587
5387
1217
3752
1086
4335
5725
4024
3139
5650
3139
186
2196
4082
310
1636
425
4945
1012
1071
3139
320
1545
532
2472
2400
5549
-1
41
1230
2285
1095
3820
314
-1
2841
335
4998
3139
195
977
2122
3664
-1
2924
2164
88
987
2998
3637
1185
5425
438
147
601
1249
3506
2196
1176
5293
2435
4000
2606
4468
1185
1157
1044
2678
3838
402
1207
3820
2825
5680
2577
2227
25
1054
4428
-1
3937
3875
2285
420
2244
2830
4497
5579
4007
2196
2724
3621
1915
4248
3139
1322
398
5049
27
2165
1405
4188
86
2196
2318
1429
2156
285
579
226
3745
589
785
2683
425
812
482
1643
225
698
1429
3139
1480
3153
-1
303
1928
2122
5241
177
3297
25
2196
5419
1020
1684
3076
-1
1884
2200
41
787
2031
2445
533
246
5205
1572
3812
1661
-1
-1
20
4555
4584
1307
1178
25
223
2380
425
3139
2619
4311
4371
-1
2612
2196
-1
1650
195
425
1307
3139
2997
823
1127
1803
4273
4611
11
2285
4763
4226
3445
4192
5689
4549
5008
2703
-1
-1
4603
5674
1942
2762
2870
3100
25
5364
1536
-1
1444
2929
2788
5140
5402
4188
4741
4162
4096
5733
4872
4983
4226
4896
1294
3875
2196
3757
5112
1016
5362
3485
3139
2858
2724
1583
1145
5481
5741
5695
3325
2196
1307
1356
2960
3786
981
3180
590
1429
2734
2196
2495
-1
4040
988
3539
2619
2834
5200
2139
2196
4256
3450
5159
954
2762
4226
3017
2615
917
3123
3693
2196
4141
3046
4287
403
2146
4075
3115
5424
-1
1352
5068
3698
4411
630
3292
630
1250
2122
2496
3467
4327
4373
5603
16
3395
-1
1178
3257
1210
-1
4452
2243
5587
3139
3685
787
2753
-1
-1
2067
1178
4609
3317
2373
4370
5098
3139
4912
1546
2975
1535
-1
5693
3139
285
2696
4004
2196
5158
3139
1838
-1
3139
923
5022
3308
2285
5056
2821
5009
41
3083
16
1820
1307
5062
414
2846
2285
2569
1530
-1
5648
1410
1405
285
-1
-1
2235
1586
127
1314
-1
5419
1160
-1
591
160
2972
1101
-1
2196
2196
2200
3115
220
5439
3095
660
4958
4370
3809
1298
2911
4998
2200
-1
2196
5271
3606
2315
3766
4906
4032
-1
1465
4465
546
1504
2802
-1
-1
1196
4853
-1
5049
787
4971
25
2023
5062
3688
1809
1636
514
2274
1122
-1
1592
5133
5402
3129
4821
1323
2285
542
5446
4959
5571
5041
2039
5049
460
188
5070
1258
3139
4113
3139
4280
-1
1470
1300
321
-1
937
-1
4848
5714
2016
-1
1307
5695
2762
2575
2939
195
5558
4667
-1
2285
493
4966
5068
1134
1933
127
4819
2986
5185
1313
2345
1728
2882
223
98
1931
4771
3712
630
-1
2122
3656
2762
4188
1178
3236
-1
-1
2200
-1
-1
4647
2185
1887
2034
10
4314
4997
3881
3569
4797
3139
-1
675
4825
1950
1624
4188
1921
1185
1111
4308
2825
1044
4787
-1
25
1044
425
5402
4966
143
4372
1019
3139
3830
1480
3676
-1
192
3139
1017
5049
4226
734
-1
3360
718
5087
4978
2911
-1
3139
5702
-1
5084
5642
598
227
2619
1232
-1
5576
2645
2724
4458
2547
2761
2574
4620
-1
2299
611
-1
3931
-1
823
5225
719
2306
-1
-1
4555
3871
-1
3688
561
1475
3887
4743
1056
3484
2675
195
1914
4492
4500
5402
-1
5433
57
5419
1095
275
5022
4287
2252
3240
5402
1203
-1
3139
5090
5673
3139
1285
3037
731
-1
1016
5172
4529
2284
4470
1339
2529
3000
2042
2724
5402
4792
2222
1800
5742
5235
4760
3139
3367
3208
5218
1016
177
594
689
4172
5062
4718
2732
2917
4836
4576
4999
3590
270
2836
1801
5164
2196
4815
1938
4182
5405
5508
5404
4107
3485
1448
-1
4255
3210
591
4332
5001
839
5293
5440
5062
4207
1185
3139
25
4686
4787
1872
5159
2938
2797
3139
2146
2420
1298
4274
3139
1544
-1
3387
2321
5362
3139
446
4890
1845
4497
1464
1065
4078
177
-1
-1
3497
2447
1415
4000
3308
695
630
1405
4488
775
3057
2762
4682
4304
-1
3264
3291
1588
2517
4779
4982
2955
2200
3139
824
2304
3240
501
4890
1279
4393
3688
4417
2948
2387
3139
3655
3512
3139
5700
5313
-1
389
3139
1429
2544
4332
3139
2047
5402
144
5486
1016
5049
4026
1632
2552
3846
-1
5587
1427
5028
1417
3063
2314
25
4751
2085
425
-1
642
2697
4846
1598
3139
-1
4693
785
2762
5746
5392
1266
3641
2697
5568
5587
2825
2825
4771
2122
1017
3177
-1
4186
4918
4591
963
3931
2596
4497
1800
2268
5271
5483
814
831
-1
1080
3003
1427
3768
3240
1012
1073
2164
3909
3434
425
1405
3822
34
2345
3621
3364
2571
-1
4285
5118
2269
2430
1269
3233
4603
5522
4120
2531
2177
5198
5133
2730
5609
3744
4063
5040
1012
3552
4874
79
3139
-1
5585
5183
2630
3648
1244
1724
2830
-1
5362
3349
2122
1429
2969
4541
-1
1361
4056
391
-1
1230
-1
82
-1
5062
5497
3139
4431
3139
4039
-1
5474
2173
-1
1206
5540
195
4209
4142
1313
425
4276
1480
2486
4174
16
3240
4493
5293
2390
4163
4032
752
2196
2164
3496
2491
5178
1200
703
785
-1
2840
5258
4494
3307
875
2616
1196
3139
455
1489
3259
2383
5062
2982
4981
3089
-1
2973
4392
4835
1313
3506
3087
10
1273
-1
5599
886
-1
129
2196
220
2835
2261
3067
3139
3139
4039
255
1810
275
2338
3592
1429
2898
469
1037
4966
341
2156
2685
-1
1583
1425
2097
5398
1583
4929
5037
2509
2195
-1
4021
4258
1843
4039
1153
2513
25
730
-1
3922
-1
2376
4193
5695
766
3577
2196
4618
993
991
641
2383
175
4611
3650
2383
41
4082
-1
2196
5062
413
2640
5572
958
3567
678
2502
4806
2285
1075
4669
1757
1625
1237
1498
2388
4245
2689
957
411
4823
3830
5569
2085
1699
4592
2841
-1
-1
25
3631
2016
2196
3139
3432
2364
767
2019
4945
1185
1601
612
1323
722
1444
521
1761
241
980
4192
504
3324
3113
679
498
3057
1798
1429
-1
2650
1912
425
-1
639
5739
637
3238
2195
2775
2503
-1
2592
2882
1952
1297
3184
1637
4759
4539
329
1941
5675
3416
2399
2523
-1
2813
5198
3139
5020
110
3582
2987
5049
4158
4732
3230
3139
2724
3062
5402
5044
-1
2164
1178
5696
3985
5062
-1
3573
196
2813
4825
654
5466
1681
1082
5433
2023
547
2630
2579
1307
5403
2413
5558
459
53
1350
3571
3139
4890
3621
3139
830
1313
147
4388
2130
3139
787
3641
3760
3843
-1
5292
-1
5320
5728
4955
3919
899
1987
2515
3770
4521
4945
823
5002
1639
2541
1759
1283
1307
1946
3496
4692
3053
3139
2958
923
4397
5571
4718
5156
5595
602
4142
5595
5049
5626
5502
971
-1
1036
4945
46
3139
339
2695
2410
1184
1273
2390
2605
2196
4226
5235
4350
1606
5172
448
753
5498
3048
351
5466
2205
259
5433
3057
5402
396
3139
599
1009
4654
284
-1
5062
4450
2122
1524
5160
1040
524
3045
5328
1016
2762
5581
371
2499
2554
-1
307
1000
5340
2480
2865
3875
1128
-1
3305
3139
2591
-1
5699
632
25
1320
787
1449
1453
3400
3139
1600
4090
5277
2308
2107
5167
4756
3115
5419
1443
3638
1681
2583
4066
2485
3980
1778
147
4255
-1
425
4820
5482
-1
1101
3485
3139
1931
1583
739
3381
3139
5423
1405
810
3797
4009
3865
1390
5491
1307
5354
1825
134
1139
5707
5062
1734
2703
3144
5003
823
3139
1091
1670
2390
1429
4763
541
1627
2285
1307
2094
2511
3139
4226
1095
3139
1593
5595
2021
5133
3623
-1
53
934
5300
5666
1755
1405
1228
1044
5269
3805
5723
4229
2196
3139
1015
4025
258
2146
3273
4380
2649
4210
-1
443
1206
614
5402
1183
632
1749
1073
3534
3592
4986
-1
4477
5238
4859
5402
5667
1003
-1
-1
5587
3139
435
3139
-1
2612
5071
3115
3775
5414
1178
5648
2196
520
4689
5254
227
1195
-1
5095
3704
937
2175
5436
487
5413
5223
3696
-1
2217
4006
2156
3800
2543
-1
2122
2285
4209
2161
-1
1313
1178
5497
2473
850
-1
2221
1361
4519
4966
5539
3139
5379
4855
3658
1230
4774
2882
5553
5022
3139
4890
2195
2627
5340
3139
1902
211
2642
3136
391
1650
2838
5010
-1
3136
3768
5709
2442
2758
4890
587
3189
2804
4463
2209
3258
3570
3746
1426
1123
3139
4414
5085
970
16
1302
-1
1763
1492
2618
2196
3997
61
4884
1307
4283
2672
-1
3139
3412
3308
5576
3768
4393
4720
2122
5202
2328
5077
1352
3046
792
5590
4555
4945
1425
5184
2134
178
4158
5213
418
4703
1016
2717
2195
209
-1
4975
1979
4795
-1
3317
2122
2971
2294
1178
1044
161
425
-1
1687
586
4378
2471
1058
1355
5587
3823
5254
3151
1446
2269
2629
2196
1452
3738
3642
5587
2122
3139
5578
1514
1307
-1
3139
4527
2572
1269
1244
2443
-1
2195
128
4105
1157
3394
-1
5176
5195
4434
3621
-1
3395
4763
3553
5587
976
2098
4375
1601
4999
2016
465
5594
2196
2304
798
4812
4068
547
3139
-1
3007
1584
-1
4279
2250
1105
-1
2196
3139
1692
3139
2762
4890
-1
2376
3074
5280
469
482
1587
893
5587
2308
5731
2046
3721
785
5340
4630
4396
2291
1892
1811
2269
2787
1983
3039
4720
390
4784
3270
1423
1429
4949
18
4070
4561
4884
1429
4373
3873
4945
-1
2196
-1
425
2926
-1
-1
3139
2461
3573
1405
-1
-1
833
3750
-1
914
804
1407
177
5216
5026
3018
2401
-1
3308
425
513
3491
5528
4053
3482
3573
4007
713
4911
1588
2103
5062
-1
2974
2342
3514
358
2122
3764
1398
3056
565
2354
1477
3139
909
5457
41
1131
5022
2285
556
454
3139
-1
-1
2196
4984
4497
4099
3139
4115
-1
2285
3911
4038
2882
2435
4945
2196
53
3139
1331
1152
3107
4039
5006
1059
-1
5441
2055
2251
-1
2876
2128
5190
1213
1673
4720
243
-1
923
2016
1016
3676
3166
1185
2414
2770
5068
2420
-1
4050
482
5518
5062
3139
1297
4606
2813
1601
5414
2574
4572
3139
3676
324
470
4621
1195
3102
5050
1230
2684
4158
3072
2135
5313
5433
2098
68
1187
-1
3696
3302
3336
2200
3261
3139
2314
278
4193
-1
4039
5402
2456
3145
1848
255
4011
5254
3802
4870
1680
1362
783
5402
-1
1821
1756
5247
1636
2599
25
1601
571
3289
3993
3280
4517
-1
5009
-1
1136
3003
3676
135
3937
4393
2194
5576
3555
2583
2925
2700
3139
4791
3312
25
5545
77
1405
2321
1745
1672
1793
1625
1601
4373
1380
-1
-1
2016
2276
25
5452
852
2619
1474
2762
5062
3139
-1
3485
4797
1280
719
3404
3875
5587
3875
2196
5547
4316
5049
122
5251
425
4776
4007
2615
4602
3172
195
-1
5037
4508
3603
3579
5547
-1
5609
5749
3066
1204
3367
2418
4373
1101
1800
1704
-1
3139
1495
1694
2371
56
5191
1705
1798
4966
425
1429
3621
583
4700
819
689
890
4161
3308
2867
2196
5714
-1
630
1963
3768
836
1699
5140
569
2762
2444
4556
2493
3139
2704
1636
-1
-1
59
1339
2122
-1
4039
414
3308
578
771
923
5727
285
1354
1480
4934
195
5036
5254
4226
1583
747
3003
4999
2005
25
4075
3008
448
3239
4138
227
2338
1021
3955
2617
2035
5402
5028
882
2200
2146
2645
3139
2196
59
5156
275
66
3722
1116
3139
2332
4968
845
2269
2906
4491
2196
4437
3072
4713
5062
1736
5595
4875
4800
5407
2610
163
4636
4337
3064
3051
4181
-1
2355
5313
5637
4095
885
5132
2285
1651
1692
1026
2189
92
2196
2433
5133
3183
3722
4506
1852
-1
148
1452
4158
3313
4671
5375
2155
5226
1577
2200
3780
3965
5671
1391
4497
632
5210
-1
5476
1004
3015
4497
3235
2736
1466
4650
5664
3401
4297
3565
4598
1809
2771
837
-1
1161
5513
275
-1
630
3046
2462
1273
-1
4960
482
-1
-1
1601
41
1429
3136
-1
5695
3452
1774
3308
4570
4298
399
1017
5405
3611
4776
2958
26
-1
486
11
1095
1307
1044
3139
-1
2697
1392
4978
5013
5438
2196
2195
5229
409
5310
1018
2580
-1
1851
4158
544
823
5025
1601
3041
-1
-1
4078
5402
3615
4424
4755
3822
301
-1
3139
1305
2376
548
2751
2102
195
1103
3711
725
-1
631
244
5305
4224
2958
2122
3308
1081
1429
5587
4595
5587
4896
4356
3438
2660
25
5671
5518
5616
25
3838
2196
-1
3308
3139
4173
669
3340
4854
4966
5642
1725
3833
3139
-1
-1
3976
1650
-1
3139
4447
4342
2096
1598
219
24
3729
2934
3139
1009
5091
1022
3335
3641
1619
2905
3308
5712
1210
3456
2971
1465
3057
4896
227
1148
3154
3017
-1
3139
3548
1044
2587
1313
3028
5061
1427
425
1699
2603
606
2762
2054
3139
1073
1988
1704
4158
4763
3817
3342
2825
1044
1885
3308
3347
5616
4282
3458
2064
4953
4798
4188
4670
2376
3674
1422
2609
3317
3133
4565
2196
932
3139
5402
695
1681
3139
4542
5449
3139
5402
5690
5587
4675
-1
1526
1598
-1
5402
5679
425
3139
-1
53
4270
4787
2120
2196
4645
1043
1016
3676
3621
630
2033
4792
681
4135
3732
166
575
3776
-1
1407
2333
1157
1084
-1
1269
4079
2652
2196
5402
1938
5049
5674
3490
2884
-1
3139
1588
1584
2196
1044
3006
3308
4013
3602
2941
4642
1045
4435
3957
2710
692
1122
5402
1264
2478
1586
2882
1313
3682
-1
3344
5028
5628
425
-1
-1
4959
2367
370
1269
2976
287
1496
-1
4007
-1
1049
1931
1143
5250
1597
3634
127
3308
3139
4169
3996
4158
2487
3401
5419
338
70
66
3806
2714
3398
1737
3139
3930
1201
427
419
3527
1262
875
1156
545
3139
-1
3308
1601
4847
-1
-1
5287
3392
2615
2196
1855
2462
2999
1273
1448
3700
3592
5695
1669
4255
1456
-1
3341
720
5587
482
5402
4288
3437
3139
-1
3684
25
5249
1947
5606
2948
5499
4125
2998
5442
-1
3954
1849
3427
2328
7
3024
2888
3748
482
1185
3185
2517
3934
2230
3003
5358
1695
2831
-1
1348
4069
594
2561
2705
3794
2109
-1
5145
5119
2581
2350
4076
5712
967
238
1601
53
540
3168
4966
3933
1931
3299
3139
4945
670
4298
3643
1540
5356
746
4677
3621
2200
584
92
2413
2666
3875
1777
3442
2200
5733
5438
-1
4230
1354
3358
1131
1320
1904
1609
3350
1199
2196
215
1237
3308
2368
2196
5077
4171
4181
3115
5183
3333
3210
391
-1
2160
2196
2974
5426
2098
4653
4640
4396
2956
1407
1507
4494
1326
3046
4845
3820
773
5197
1854
3139
5671
2080
1504
1429
4155
733
1584
785
2659
2279
425
5643
-1
1794
5473
2296
4321
2434
5238
920
4039
2791
-1
3875
4599
3139
3139
-1
25
3799
182
2882
227
1307
1017
1157
3396
2196
3771
908
5331
5049
3621
3308
183
1664
1044
5485
2246
1697
5364
3317
3649
3759
1710
1141
4641
3528
4611
2825
2293
2940
3093
2619
67
728
2813
5163
2383
1829
2383
1381
5416
5370
195
-1
751
4133
3591
41
4805
5333
4998
3887
5402
4853
1576
4787
4100
1283
4831
766
2470
5740
4387
5062
-1
3838
5326
768
-1
3186
-1
5086
4975
5523
5402
3139
2615
349
5587
3368
2189
3572
3139
223
5735
1873
2911
4720
5313
4864
-1
1016
2328
881
1230
-1
1095
3908
3627
740
1465
2731
5470
1429
890
425
4111
5547
1113
2196
923
699
4444
1157
3139
1210
2622
277
1681
5699
2992
4966
3240
2390
1168
645
4158
2691
4208
4242
-1
1298
-1
-1
3865
2724
5489
3086
3838
195
-1
41
1488
5293
5133
5138
2572
1795
1331
2099
196
2619
77
92
1429
1462
2711
-1
1306
3139
-1
1058
1249
5094
4758
473
1777
933
4494
2112
3139
290
1601
3139
1229
2739
-1
-1
25
2200
5742
4124
-1
2320
788
938
369
25
2394
482
313
5497
-1
494
3864
5369
1405
4994
1119
-1
388
850
5378
744
5049
1564
275
3872
5062
5587
896
4726
3162
3471
540
5329
5150
3139
3878
1588
5497
3139
82
4529
1100
971
3905
17
424
3139
355
2200
-1
2830
969
352
1860
722
2200
1096
2083
-1
4522
5093
-1
5732
4720
5062
4412
4281
25
3480
3289
169
3139
2576
2861
1173
1675
382
5389
3272
2149
2722
-1
3046
4590
4158
-1
3139
4618
3673
1213
-1
4272
2196
-1
5669
-1
1298
5521
3308
2122
3240
5630
4867
1356
3139
1056
5402
5538
57
5325
2196
3444
4890
425
583
3413
1313
18
5109
4243
3052
427
5128
1016
-1
4773
-1
795
336
2555
-1
41
5402
967
1098
3074
3139
3781
3904
1276
1984
4177
4046
1178
1225
2455
540
1552
2167
5062
751
2122
2122
5032
576
2196
5232
4689
1313
4966
3066
832
4555
3840
1016
3157
4130
1638
1583
-1
764
2349
1716
854
5100
957
4197
5551
3072
4482
4998
4524
2314
586
115
1698
2380
2818
1030
5062
-1
4188
3073
5402
1405
5542
5402
25
5022
876
1019
1240
5062
5422
4928
2196
2196
5022
-1
1686
4332
-1
4763
5271
890
2319
2200
2260
3621
25
425
4038
1924
3139
3095
2189
3401
573
2196
1
5435
3139
5495
5049
324
1167
4895
2122
2741
785
4188
5734
147
1152
5551
4546
1802
3748
5104
4481
1475
1465
1599
4530
16
5149
-1
2196
2196
5402
1681
1168
3139
5284
595
-1
3046
-1
63
5587
4598
2364
5062
3749
3659
2346
3357
3139
2200
3072
2567
2122
2582
-1
2004
319
4944
376
450
3580
5172
-1
3419
1429
4360
4998
2106
3080
4142
66
993
4897
1504
3139
2285
1861
1402
4998
4510
481
3103
4032
5133
3789
3139
285
4837
3057
2817
2121
5333
4786
4884
4205
1490
4000
5402
1902
999
3542
-1
4005
1210
787
3918
3468
3783
-1
2114
2271
4619
5133
2153
4226
-1
-1
-1
5052
1718
5484
1580
3139
1286
-1
5430
1636
4358
1273
4890
5049
3496
5519
3037
-1
1407
1573
141
1940
-1
2475
1725
1508
-1
4937
623
2306
2084
2196
3139
2863
2713
3679
425
1744
3139
4625
5326
3677
789
4209
5521
1178
147
5123
846
2196
5629
377
-1
5431
-1
4649
4492
127
3341
2749
4977
4528
4280
4077
2196
2402
3139
4039
4264
1956
1114
4513
4355
2108
1157
4538
3252
1830
-1
1297
3139
3887
1298
195
425
2469
1429
2196
2615
5327
3137
397
2196
127
4945
2380
1397
404
4226
4945
807
993
5702
1179
1109
3139
4476
2631
3926
24
4966
4847
3296
4107
5746
5197
3878
3291
4966
4834
3139
5412
762
2164
4067
4122
4469
4200
3139
-1
784
3768
1601
1480
4825
425
5746
2343
2548
19
25
4818
1017
1088
-1
3840
1466
739
5254
4333
3822
1475
1211
-1
3446
4280
780
3121
2564
5296
5503
2285
1432
5245
25
1209
2838
4145
2326
5402
4889
2189
-1
-1
3173
3139
5587
2245
482
1601
3139
1298
2071
3130
2301
727
5310
1480
227
1259
3231
-1
-1
1101
1236
5046
910
4695
4181
4957
3025
1583
2767
2023
1017
4181
2196
4919
716
25
-1
1407
2531
4125
25
4883
5402
360
5477
3702
5096
1542
1016
-1
817
4569
1785
827
1628
3139
147
1337
2697
1681
2196
3996
5270
5028
1787
5406
-1
2866
-1
3139
5306
1307
955
5556
4787
482
5254
5333
3830
4564
4188
4341
1437
482
5698
1475
-1
5611
3139
4158
3139
4624
343
4516
922
1339
294
25
882
378
3560
5720
3792
2483
1958
1650
4039
4796
4218
4271
391
243
1339
1813
5346
540
5000
1307
2467
3139
3800
3003
4438
2619
4742
5682
1522
348
-1
5512
2762
1468
4943
1699
2264
2032
707
3503
4945
4226
3456
4014
2919
5497
5402
1292
5547
2146
2049
2196
851
827
1727
-1
1675
3267
1309
3747
1294
2136
25
37
1152
110
482
656
5453
2724
1636
2016
2762
1931
4270
2804
3022
2135
482
2934
3520
364
5402
491
2285
785
-1
5402
3139
-1
5007
3107
4598
-1
5212
425
1699
2762
5420
2749
195
3139
2196
425
-1
4884
333
5232
2942
227
5715
4348
2762
884
4270
16
448
57
1705
41
3308
3621
1863
1689
4152
5479
3139
53
2691
-1
4188
2714
640
-1
-1
689
1313
2762
864
5681
2148
1313
457
2856
195
2247
2196
1284
1699
2246
-1
4043
2619
-1
5617
-1
600
2243
126
41
-1
1746
3695
1298
3207
1269
243
443
25
266
3621
2060
4000
-1
1618
3276
1333
4358
2375
2196
2726
5195
3660
2196
2927
2016
2816
3044
3139
5080
5471
4247
1601
2510
3429
5514
3662
2137
4342
5133
2756
1431
1644
425
3003
524
5221
5587
2011
-1
3682
5674
2923
787
627
590
3874
2951
5336
54
4346
1722
4417
1891
2001
3448
3573
2303
3581
2838
5402
1042
3169
4301
99
2901
3838
2312
5402
2082
3139
1601
1608
5587
5402
3139
5254
-1
3029
3296
2789
2748
3621
2196
3966
1403
25
5433
1800
5685
2619
1167
3979
4183
4998
1465
3902
5317
3139
3139
870
3139
3995
3139
2882
785
5238
5466
3139
1465
2464
3097
2376
5271
4456
2196
3751
5381
425
5173
1372
5200
1307
3042
25
740
5313
-1
5402
3240
2196
3139
5402
196
1384
2446
5395
2476
1378
4993
3724
1183
512
-1
-1
5402
425
5466
2795
-1
2677
3139
1793
2481
-1
-1
-1
4296
374
1650
2801
5259
3181
610
449
1617
1082
425
3139
1776
157
3632
3139
1044
2000
1796
3240
5207
2160
5049
3318
2615
5133
4399
5205
787
4158
4458
3730
1999
4746
1016
4198
1859
1312
303
2285
1056
1320
537
1583
1635
3139
2729
1222
5466
3139
3107
3139
462
4467
1517
2880
4496
3000
-1
2673
3139
-1
3453
2118
3003
3041
5576
4102
5230
3676
2497
-1
-1
5433
3826
2882
-1
1016
3676
4119
1681
460
5172
1909
-1
3139
1163
4474
1922
3139
5067
806
1498
680
2196
4461
357
227
427
195
3547
3221
4520
2645
1681
968
1307
894
1872
3139
1073
485
235
1830
4877
-1
3139
-1
632
2154
3498
425
4720
2615
227
1283
2701
5062
1583
4440
-1
425
5280
305
3072
1429
1095
1714
4497
1770
790
4713
2398
1307
663
-1
1168
1429
964
-1
1979
5536
3139
3682
5228
2911
1681
4332
2548
3641
3139
275
2533
4966
2084
1429
2993
5160
348
865
4108
300
1735
1404
5165
3139
3811
1042
-1
556
521
2440
381
2463
3604
-1
425
1300
3139
5045
2023
5402
4945
-1
3139
4877
5402
-1
1809
1777
4887
492
5362
265
25
4815
5027
241
1269
5402
1504
3576
1307
1261
2015
3034
1044
4720
475
5248
2435
258
1116
645
1608
4438
1816
1313
4438
2863
1548
92
304
1814
5716
3894
3211
1178
2660
411
4514
5462
5623
2390
4497
632
1427
957
-1
2196
3139
-1
2189
3610
1458
-1
2196
1168
4438
1168
855
4226
1914
3931
504
2070
3240
1529
2762
2016
-1
4420
3078
425
645
3992
1393
1678
4889
1822
425
3139
288
3465
4280
806
482
440
5336
4039
4943
5668
4212
1606
1811
650
2200
395
4661
5049
1073
1210
1308
1945
-1
-1
276
5680
560
2989
1636
3012
4615
-1
993
4142
3139
4107
4032
5595
1185
1937
4338
4097
5062
1300
3072
5442
5384
4047
2164
1248
4922
3308
-1
1945
3139
5419
4334
482
3855
835
5632
488
5355
1871
4577
1185
3623
1206
2611
4766
5192
4295
5695
595
4312
5062
165
3308
5587
4329
3595
2674
2122
1890
1585
4158
5014
1340
-1
5133
482
722
1095
4071
25
2912
424
2278
4277
1907
1416
3135
41
4849
3159
4188
3767
4150
3418
2196
3996
911
2936
1017
540
3966
281
3139
-1
3003
556
1126
1130
1601
2691
5405
2196
1766
3678
3269
993
5413
4233
102
1352
2613
2798
4801
5174
5384
755
916
4241
-1
3869
-1
1044
1681
1413
2635
3308
3219
2360
1664
4890
2196
275
1792
1323
304
4011
1339
3046
189
3625
1313
3139
1798
1427
3838
857
4891
2989
-1
1945
3284
3072
4660
2389
3768
4966
3890
5063
177
183
2196
2253
1154
5362
966
4142
4972
1352
2285
-1
3243
5028
882
5504
5744
789
1598
583
2762
4226
2247
1401
3676
1814
2762
1860
5170
2834
2669
5587
4840
482
2549
59
4313
3139
4513
3139
5370
3904
2837
5609
4246
3485
2122
3349
2643
1722
-1
3028
1184
4287
2358
5269
1023
4604
156
4862
5003
3845
4322
4420
5271
2196
275
4943
3139
4739
583
5671
2697
608
1429
-1
5628
-1
-1
1230
3139
470
25
2762
3692
3838
2998
3139
2557
4998
4286
2196
3930
936
485
2619
661
1775
3761
-1
2
2196
5634
3060
4708
2882
2262
4441
2762
4507
923
956
5671
1298
3964
3411
3439
1866
2068
2871
4949
4651
1185
1452
1829
92
4371
4969
4170
2361
621
242
5109
4325
1074
1918
1974
2200
423
2110
1594
312
3931
4851
2196
3053
3418
3980
44
436
695
1944
2187
3113
5062
3139
2519
4265
237
3687
4996
-1
3139
673
3062
1601
347
3507
-1
1501
25
2970
5433
1870
-1
4945
5502
5062
5141
1418
3317
25
3432
255
3888
674
-1
425
2630
4471
5215
64
-1
206
2673
2393
3134
1796
25
2334
1459
1452
1073
2257
3614
2772
5520
10
-1
25
4605
3933
4885
5189
923
5497
3711
5311
5493
4466
2200
5466
2196
-1
-1
3296
809
1929
4239
5304
-1
4713
3621
-1
5290
3461
2205
4772
5724
166
-1
785
1140
1640
3139
3486
1157
4330
648
5313
2300
3139
1298
3460
1962
2762
4994
2196
4525
2269
195
5102
4792
-1
1138
2832
590
2591
5062
1185
5711
1808
4964
3355
630
2018
3387
2762
1541
3701
2333
2737
-1
-1
2212
2744
3139
3875
5673
1601
3139
-1
-1
2462
1407
701
73
2306
1601
4007
628
5744
2259
3532
5475
5155
-1
5714
1175
4373
3605
1830
1786
1475
2825
3226
4852
507
1465
4890
1601
1307
3242
5312
2191
4187
1269
-1
859
937
2971
596
3175
208
5402
5132
3537
2016
2719
5587
1223
5432
1290
1922
2570
5491
5162
590
-1
4276
1598
3893
1601
553
916
-1
2697
4992
2403
503
5558
5402
2724
5497
5009
3139
3139
1149
1206
4771
5000
4315
2027
5648
3528
3787
4582
540
1723
2825
2393
1300
5471
5130
5038
4340
165
844
4689
425
3139
1949
258
1016
5304
-1
482
2210
1354
2151
-1
2762
5018
3308
5004
4716
2986
4515
4469
-1
-1
324
1965
2770
1624
1711
2196
4509
2615
5587
2724
1931
1073
2065
1549
3500
5444
3116
3040
2657
3513
-1
2196
3139
-1
4771
5062
1523
1224
5239
2977
16
4976
45
5352
4945
1584
3139
25
2600
1255
3099
827
3439
350
2075
4058
5493
1273
2196
-1
3676
1753
-1
4753
2360
5402
2170
1465
4613
4785
5512
2340
1001
5672
3104
1780
-1
4086
425
2096
3086
3139
5028
4354
3569
1511
2542
1255
5108
5402
1019
2383
2196
-1
2489
5464
4158
-1
3507
1269
3216
1468
2376
4226
1898
1945
25
2694
1756
3676
3672
4512
205
4513
2706
425
-1
3363
-1
2494
5613
1931
425
3146
2825
4357
2241
2285
2254
4226
62
5288
985
5049
1405
4222
3615
1583
950
5303
3139
1429
4594
3636
5086
810
2141
3875
5587
713
-1
3676
2364
1253
-1
3171
5188
3056
1887
2163
1680
4052
1614
3308
-1
2390
2028
4648
3875
-1
4658
-1
1405
3931
258
935
3768
2174
5236
2296
4567
4307
3139
3003
3592
1083
4262
532
625
4576
425
2189
4157
443
-1
2196
4460
616
131
4158
719
1269
4807
3069
2448
5133
818
5077
5393
3405
4020
4933
4792
2198
937
5062
1601
-1
227
4638
4718
1298
3790
4298
1623
114
3139
2834
1307
41
2727
2196
4598
3141
-1
2740
2383
2285
4266
1505
3077
2145
5402
3072
5254
5049
5402
4763
5069
3942
399
1480
25
3869
2196
127
-1
3044
2688
383
556
4720
2411
1782
2746
425
2824
-1
3139
5573
-1
2764
2500
5271
303
5281
1149
3263
-1
1313
3139
4961
-1
2540
1869
3743
4433
2196
2196
5402
4784
2882
3623
4548
5598
525
1946
2200
4706
4884
-1
325
5140
2671
3924
3830
425
498
540
4833
2196
4093
1412
2466
4475
1639
432
2566
3278
5560
834
2760
2869
530
4253
5428
1369
5598
71
-1
5062
5177
1425
2189
1996
3110
4039
4689
147
2243
-1
1681
2196
2196
5041
4534
4447
1681
4127
482
4223
343
2200
3238
428
3072
5443
273
4286
-1
2382
4256
834
3875
-1
4007
482
1601
4315
590
3191
4309
3650
-1
3212
2196
425
2535
-1
147
2196
5497
2379
1313
-1
3376
4151
3139
-1
-1
3400
4158
2724
2545
425
170
1619
4110
5062
4573
2364
3841
2285
1790
5193
-1
-1
1555
4841
57
1676
303
3973
-1
457
3615
1496
3338
4349
1311
4080
4039
4763
1981
3315
722
3949
1386
1185
1297
4890
5601
4945
2200
3139
4719
4225
719
4646
25
856
3374
1359
4448
425
3581
-1
1160
-1
5402
1331
3264
5133
5157
2285
5062
4890
-1
5705
2807
-1
2189
932
4871
967
3440
934
2435
5471
4824
4812
4769
3820
-1
-1
1712
5336
25
1269
681
2282
4966
4039
3804
425
2465
5454
3139
4718
1093
1913
90
2016
5133
5114
227
1405
740
5179
5401
1157
5039
2962
5571
2762
4717
4196
2619
1019
2392
1044
742
1003
1230
3139
4995
541
4890
774
4956
5147
5587
2102
-1
4987
3213
3105
5015
3240
2522
2164
3139
3686
3139
1313
3479
4093
3947
821
4942
1269
1362
2196
4443
91
2745
-1
3225
951
4092
258
1323
2096
2735
3229
5028
3072
3354
5209
3875
1469
2328
-1
-1
1007
4635
2019
3339
3997
5731
5491
1648
500
4593
271
2435
96
2317
3363
400
2195
4265
540
-1
4750
2196
2517
425
1320
4039
-1
-1
746
-1
583
2412
314
167
3425
5558
-1
2943
5671
3308
905
298
3139
3640
2273
5340
-1
3816
2585
1355
1085
4654
1601
545
3139
2196
2077
4815
2615
5322
2294
303
3139
242
521
4484
-1
3570
3428
1298
2113
1731
1758
3139
1377
865
4892
5676
3298
177
4371
-1
957
3949
4816
2150
5161
1765
2200
4081
425
2715
1601
3421
2164
1032
5402
-1
1919
594
842
4935
2269
4704
1339
770
4851
3081
1155
1297
3139
2814
3139
3575
147
2196
1598
5688
3139
4291
3676
3240
447
51
1054
-1
1099
4425
3981
3139
2174
5037
2662
5491
1370
1095
4480
823
253
4799
1475
5402
748
-1
2691
3005
4833
5587
1465
4234
2649
425
939
5243
2515
3346
-1
-1
769
765
1832
4713
1754
4035
4226
1776
5133
3108
921
2805
4720
3139
3920
1657
5505
179
4255
4890
3139
975
4454
4676
1793
2989
4763
1776
159
16
3703
3139
1313
4829
4900
3040
1880
25
5543
5077
580
-1
3119
973
3984
4276
5672
-1
396
572
1252
1119
348
5390
304
4263
4419
-1
304
3178
2196
2181
5336
3139
1945
702
2014
3237
2016
4564
3417
2286
2195
4226
-1
2142
4890
4356
2168
65
485
3139
132
1837
5321
775
1271
1435
2524
2196
412
5293
3706
889
5518
1583
3800
4019
1530
4478
-1
5062
4598
2873
3562
5733
4718
3054
-1
1647
3139
4884
2724
2828
3772
1998
1452
2525
1794
-1
4269
3528
3349
-1
4966
3621
-1
1210
3725
4238
3553
5471
-1
528
3822
3669
2455
1206
1429
1041
-1
176
5671
1429
5053
4055
4890
4023
3397
-1
130
4158
-1
4280
2881
5400
-1
1504
948
1405
36
1727
4749
1932
3840
3696
-1
2336
446
3139
5013
249
1509
3663
4226
4689
4566
1429
1278
41
1178
5087
-1
1583
4287
3031
5497
1804
224
1185
1546
4945
4039
1832
1949
203
1341
2285
2825
254
1338
2838
2784
1475
3359
5532
898
3863
1682
594
2882
3621
2229
1298
3807
2825
1468
3269
3140
1286
4521
2206
-1
2135
-1
5341
4836
1601
425
-1
2295
739
2553
-1
2285
1731
5497
3946
304
2196
1706
-1
1506
5062
227
2196
2148
2022
4293
5111
1653
3875
3198
5140
3148
16
2390
5597
1696
4287
3139
2376
2060
3484
622
-1
1621
3139
3069
-1
391
3676
2243
3696
2122
3326
5062
-1
3139
2461
4904
-1
1269
540
2848
31
2646
473
4549
482
1601
4654
2724
1044
2196
1463
2352
4701
5023
1809
174
2719
1935
2459
517
2792
482
316
425
5729
2496
3940
5132
2304
425
3139
3761
353
2691
4180
2196
2196
-1
540
-1
2867
2598
2482
1016
-1
229
5093
279
3139
4720
3092
3735
3055
3492
25
4217
3329
2439
526
227
4792
-1
4422
1759
-1
5273
1504
304
808
993
2619
25
3165
76
4825
195
1482
1481
5494
2196
2799
1215
2946
-1
1188
823
3294
1198
-1
4896
2980
1101
1671
5671
2863
2102
2160
1743
4478
1601
1879
3167
5104
3488
3390
2220
1699
2285
2615
2189
2196
3139
3095
4049
3003
-1
1650
3066
2861
-1
276
2539
1931
1715
1583
5737
-1
5285
3139
425
-1
4385
4733
2224
5695
1034
3676
83
852
3709
-1
-1
3240
-1
5267
-1
4771
4654
3676
4718
4196
2462
4351
199
2079
4142
1323
5532
-1
243
-1
889
5402
1230
3719
1206
4131
1479
3139
1493
1681
350
3275
1339
195
3696
3139
-1
3139
2285
2762
2153
1327
-1
5418
2796
3944
5516
2953
5721
2624
127
3139
5191
4945
3112
-1
2193
1230
953
745
3139
109
881
2383
3139
2196
4373
4039
4406
994
5031
2762
1307
5062
138
-1
5062
3139
2838
2867
25
2196
3736
3386
785
1462
5133
2372
1429
-1
-1
737
4104
1125
1054
5587
-1
3015
5342
3862
2122
1405
124
805
3921
4742
214
2586
-1
3062
1692
746
5165
2200
5402
2269
5314
5575
3196
25
-1
4782
1367
743
1360
4644
-1
2825
4616
3139
2863
2867
4240
3308
2196
666
25
4727
4579
2126
3741
3580
1699
100
2359
2285
4048
375
2474
177
1307
3107
1157
1972
5402
1076
4775
1268
72
1429
3139
18
5261
482
1891
5295
4142
547
4666
1823
5042
1649
-1
801
1181
4915
5629
3308
4877
1821
4601
1830
3106
3906
3730
4371
4111
4226
4890
4315
-1
-1
3163
3139
5402
80
1244
5475
1405
25
460
3003
2689
5154
3311
3096
5695
3139
4654
418
-1
1267
99
-1
4039
2747
1315
3139
2712
3139
3139
3139
5372
3697
3139
-1
2016
3139
2961
3057
2911
4578
3726
1054
1429
2332
5273
1012
2648
4890
374
2894
2285
1298
1941
3668
2407
475
2900
4998
1588
3139
3991
3139
5645
4158
2256
1692
1230
4222
659
4621
367
1504
4031
469
5631
1151
5641
5164
3161
5475
5638
5588
2400
1482
1157
5271
5254
-1
4564
1452
1241
2122
2279
-1
719
4484
1307
1073
3577
1116
4142
3863
5414
5229
425
3739
-1
5595
810
594
2196
4371
1624
5685
4628
1579
3485
3450
3139
541
5576
1405
-1
2724
3139
2196
4373
1465
4986
1618
5142
3621
1681
2285
2619
117
2639
3621
465
3396
2762
4451
3800
1313
4559
4048
3959
25
5055
4117
4808
2662
1569
3983
4768
4900
1019
155
2147
4016
2843
-1
425
5521
1616
4865
5156
5246
3754
3470
3377
2698
2198
4430
1429
3676
168
4497
1731
993
1722
3139
4945
3139
4484
3623
1076
5298
4823
3742
3139
1506
432
586
746
-1
1405
5232
5304
1613
1307
1429
3372
4036
1269
53
3139
1975
4040
2196
5731
2462
2619
-1
120
1564
5618
4513
5621
1638
-1
4857
2366
5576
16
5062
2008
4940
4966
2196
3003
5271
4497
1848
3139
408
4216
2833
3962
4815
1805
5699
5455
3308
5089
5402
957
3139
5313
1206
3262
2812
1155
4181
4489
2998
2333
5733
1410
4439
3875
2204
288
1601
1601
5362
241
4260
25
304
3139
3651
2083
3360
453
5402
4298
4954
1172
4158
785
-1
3491
3139
2325
823
-1
5712
2350
3139
594
-1
597
5659
3467
1182
1597
4615
-1
3875
2146
53
1293
2198
304
2813
25
5587
3727
3508
5466
4836
5050
3609
3266
4408
3424
635
2277
-1
1583
3066
719
-1
317
2020
1722
1777
4705
3875
2021
-1
194
3139
93
1168
425
4311
1298
3869
1350
548
2164
25
3028
2200
3461
3980
4153
1193
4945
51
25
307
468
5028
425
3676
121
3004
2619
5497
8
1465
57
1095
5062
2285
1823
1168
1307
1183
3838
183
3139
4373
4618
4497
630
1775
2218
478
3470
227
3308
4688
5399
5387
3800
1583
-1
820
5468
5122
3645
605
3621
615
3774
3066
5378
4654
1581
3467
923
1313
1202
4890
2227
366
2984
340
5671
993
3308
41
4578
-1
3240
2378
2285
384
1405
718
1163
714
5200
3139
3835
1825
3337
4484
3895
3139
177
2864
1891
4720
4718
-1
1429
1768
836
2146
5512
2825
1616
296
5714
5034
-1
3139
3139
4945
3513
1601
1902
3240
1452
3316
4112
2420
4438
1172
2146
2724
36
1339
1480
4040
2551
555
4978
1465
1389
3970
3744
2332
1634
140
3343
4000
3193
1993
1807
3139
4037
3002
4039
5419
3822
5012
56
3139
1699
1650
2269
-1
2127
2989
3504
452
-1
-1
2125
1429
3863
5340
2827
3996
3550
1722
3302
2196
5696
5000
876
1016
2333
1333
4130
25
5370
382
1405
1194
5263
1583
5447
3680
2044
494
2537
689
1829
4680
444
5106
1601
4339
2196
2719
2828
3238
827
1499
-1
4890
5213
25
3
3880
2196
-1
5576
4103
395
4526
5695
4932
3139
2998
623
108
5062
2146
2515
3139
2200
4672
785
-1
3139
303
2924
3695
3139
3139
5587
5695
1783
5268
524
1137
5183
5107
5733
1897
5743
4185
1095
2843
5122
2290
1791
197
3003
1002
4733
2949
1619
2882
5231
2759
4149
4766
3139
25
1146
524
2383
3000
4735
4410
1658
-1
3615
2740
5213
2215
4771
-1
2762
3800
4571
1168
2297
5316
-1
5062
1003
3127
147
526
5279
3378
-1
3714
3607
1656
474
594
4734
5402
3139
482
485
1601
823
4829
3289
2196
425
850
218
1286
2058
1987
3139
5509
5587
4265
-1
4718
2329
3861
147
561
5402
1958
4912
5402
1785
4551
1307
2307
1927
3378
2084
284
3800
1579
1793
3139
1194
-1
5362
3290
1016
5598
3139
3139
2362
3875
147
810
1135
2911
-1
404
1828
2390
2225
2285
-1
77
4684
1460
18
2326
425
3621
-1
650
78
3676
1636
5419
2724
1897
2698
3676
4877
-1
2882
106
2172
3098
4014
1482
2803
2345
5410
-1
1954
4881
3475
5533
4423
5213
3495
2096
3139
3621
5330
779
4635
1619
-1
3139
5206
4039
3406
1630
1771
5587
25
4400
3317
425
2067
-1
5730
4028
5271
2066
5022
3028
3090
5576
2037
3850
5049
1339
4409
2059
5062
5690
5466
2859
5402
4053
3768
258
2189
2200
3840
5121
5402
5583
4966
510
797
1902
5437
3317
5670
3139
3844
378
142
2066
4227
-1
1549
1818
5282
4406
2196
706
1902
3274
2967
-1
2911
-1
133
1016
1800
4730
-1
5219
2333
5345
3070
391
2122
5565
-1
2976
231
4761
4393
3382
5719
260
2636
2292
1354
2854
1269
-1
975
4945
1298
2265
2958
425
5331
632
3485
1254
900
1588
3308
5547
2376
2420
5199
5183
843
297
4226
2196
4438
2285
-1
2724
3455
5377
3876
3139
5390
1473
-1
4266
-1
-1
1085
3308
810
1478
5608
4890
3059
1487
138
5062
344
4497
4771
3139
4902
-1
1909
5155
-1
2630
1503
1013
5527
-1
1144
3139
5714
1699
150
1601
1157
1762
2952
4583
5204
3139
5079
4362
3176
3676
-1
3310
3591
1519
-1
2196
2100
-1
1183
937
5531
5671
428
3676
1178
1185
5402
1664
3003
5165
1636
2762
-1
2762
275
5050
1210
3715
4555
2664
342
127
3066
515
4540
-1
3682
539
3139
2619
3485
4001
1452
-1
690
787
5402
2196
1835
2059
4733
5402
4226
1429
-1
3990
177
3682
3580
1890
1083
1722
3139
5700
1923
3139
2635
2882
1583
1447
3139
-1
2417
4763
2441
5063
1902
548
302
5402
16
630
1501
1566
2781
1885
1759
3997
3623
450
4353
3242
1126
3506
4082
2574
-1
2884
1357
4866
5028
5236
3771
962
4014
2669
1238
4188
1313
3630
5043
1924
66
-1
2333
268
1693
3139
2038
4235
4564
425
1163
2989
2506
3987
3139
202
416
3139
887
25
1115
4720
1674
4740
4226
2060
-1
4998
3281
1588
4371
3139
4416
2420
2396
25
3596
4836
5208
52
2431
4693
4634
1847
1052
3323
-1
-1
5271
736
934
5077
4226
2148
5547
3695
4283
5383
3139
1480
3813
2462
1220
2452
4275
1582
2947
5169
2200
154
5304
3315
5419
630
5074
2762
4777
3244
2243
2427
425
4815
417
425
1700
-1
5085
2072
967
1827
-1
3748
4311
425
3222
3139
5712
4158
5133
5667
540
3139
609
-1
1452
3187
-1
5480
4884
1799
5388
2160
4909
2806
5593
25
3202
4947
1589
5402
227
5218
2864
35
-1
2825
3139
-1
5426
5291
2189
3003
785
2055
482
1338
5712
907
5661
4886
1722
2190
568
153
1583
1362
-1
4092
527
4033
1307
3654
377
-1
3838
425
5445
3308
1178
57
3825
4720
2862
5313
4097
4109
1888
3066
1339
3073
4030
3139
2724
3791
29
5402
4402
1405
2390
3011
651
-1
3139
708
-1
3223
1504
5213
4778
107
5368
3289
5534
1567
4888
-1
971
2285
4965
3308
1307
634
4574
5162
1297
5062
3139
2762
4065
1429
4713
4890
2628
2576
1089
-1
3623
1129
-1
3069
2124
1265
1429
452
3595
5057
757
2093
1230
5125
425
1573
195
1498
1777
1044
1210
4720
16
5587
4418
3003
975
1798
2860
985
2470
304
1185
1809
2160
3392
3110
1616
3857
615
4781
3588
5102
2615
1167
2560
-1
2691
5003
5200
975
3576
2830
2084
2140
5402
2986
5153
5286
630
1255
1016
4165
3581
1461
3946
4400
5186
-1
89
425
1551
5049
2566
5497
1368
3238
4761
4143
1945
923
5683
77
5062
-1
871
1019
5710
4089
1230
2283
457
-1
645
1793
425
2127
5293
5565
4945
195
2462
4681
3288
4941
1233
4944
25
2331
4802
5222
3738
1452
-1
4523
4373
2335
1601
5681
5628
425
25
2762
4752
882
3854
2016
227
3139
1452
3139
5062
4890
2314
685
5285
3904
3215
147
195
1800
3319
4237
1895
2467
4763
3321
2548
1354
1017
348
2196
3155
3779
4397
5062
1462
3139
5362
5402
5576
539
1298
-1
5635
3139
556
2568
787
1230
-1
4494
3021
3139
747
2285
2327
41
-1
425
5297
3003
2625
1394
-1
1429
-1
158
1825
4074
5488
210
4732
-1
2146
1465
1155
3676
1602
1795
1441
448
5604
2200
5062
2516
1101
2196
4196
1692
1208
4226
4153
2572
5085
2507
2891
5648
844
3139
3581
995
361
3447
1748
3458
3308
2132
1126
2014
1157
3139
369
1583
559
2619
2390
2087
1884
2548
1307
3994
3939
586
2122
25
3996
2479
3139
2324
5714
5082
695
2619
4978
309
2370
4884
4978
3732
1102
-1
-1
1608
5410
-1
5402
1185
227
3139
1482
2383
5402
5049
3878
482
1864
2697
494
1301
2119
2663
3139
2219
1382
539
127
1429
-1
3595
5687
-1
-1
5133
2202
4406
1709
863
823
5439
-1
1586
4561
5164
5557
1269
-1
2538
2269
5650
4473
618
1183
4408
3525
-1
1429
990
1429
1513
5362
5742
4611
2897
1218
5417
5466
2091
5143
2615
4876
2706
3953
-1
3975
2345
2602
4307
1595
1427
1562
895
4851
4444
1012
2883
998
4793
3568
427
3758
2911
5457
5062
5719
5394
25
3085
5460
4568
1206
275
2921
2200
4591
3875
3139
5458
2408
281
2364
4993
1230
1152
25
3621
234
1112
3860
4318
3139
1354
630
1152
1601
4853
-1
5587
5512
619
906
902
3628
2089
1796
1057
3665
3396
5687
5062
747
2196
3732
5088
-1
1547
2122
-1
3699
5402
3191
3689
5049
-1
3822
2200
-1
4598
1148
3827
4287
4486
2774
1027
1690
989
5182
275
540
5490
5062
3279
3549
4332
1158
1256
-1
-1
1016
1681
-1
-1
2532
1313
924
2183
785
1286
515
556
425
3003
1699
3551
3240
3360
3738
5028
2196
402
25
4098
799
697
5049
1729
5706
5402
2196
-1
1185
2503
276
1246
41
2365
2534
5387
5124
776
3139
877
2097
5446
2879
3841
4998
463
3139
4287
25
1708
482
4668
372
5587
53
4449
3139
200
4324
5062
275
2702
5062
4817
2762
2050
25
2196
5132
2517
227
5419
-1
3122
4254
1429
4938
5324
706
5677
2724
1119
-1
1539
1686
2766
5385
2196
5657
391
4121
4364
-1
276
4548
1518
139
4788
1800
136
4777
1313
2813
-1
4332
5362
4720
4142
3379
4213
2196
2196
1307
85
4168
127
2154
1347
2716
3139
-1
2012
2196
3139
25
605
5214
3473
227
2146
5402
1157
425
3139
5133
3916
4188
1044
4784
1359
3253
4966
2595
127
-1
2682
3839
2196
-1
201
4442
-1
1178
5270
5260
5049
3566
5563
5049
2196
3373
2843
2326
5402
-1
5683
-1
-1
193
-1
3622
2124
3139
915
3621
3724
2242
2462
3385
3401
3474
5269
2135
3333
25
87
802
1928
2228
4890
2619
3139
4712
2338
1222
5615
5547
662
-1
2538
2122
5402
3994
3793
5596
2196
425
5062
1055
2724
-1
1532
5619
1086
-1
3487
3641
3139
4975
4373
1453
69
308
3676
1356
4362
41
295
3875
1909
-1
564
3308
2615
473
190
3644
540
2619
-1
595
1004
-1
5587
4945
2874
2144
1405
2867
1504
3139
1681
4383
861
2189
3516
2781
1662
3859
5062
4348
4863
5724
-1
103
3427
4367
5191
5155
5062
-1
3308
1902
915
1304
671
5156
5537
540
5466
4
425
3781
138
3929
3000
759
1409
2521
2055
4521
4720
3047
630
2288
1407
4332
778
3139
2196
2440
3944
1686
5257
2911
3139
2067
2298
5402
5402
1229
41
-1
-1
472
-1
1832
1788
2991
4438
1595
2196
-1
-1
3972
2762
4899
1681
3066
4517
-1
1885
4158
2333
4843
2728
3810
4896
5376
827
1354
2374
5022
-1
2333
2515
3592
-1
-1
645
3139
2558
2178
2154
2778
2084
-1
3139
2669
3980
1427
1727
1809
4600
3862
5330
2196
3761
2420
2934
3017
5629
-1
184
3834
5402
425
4484
5077
4176
5402
3308
-1
2285
4149
2191
255
655
2243
5574
1877
427
5402
2289
3621
4944
3057
2703
2019
4222
2073
4004
2484
5731
2096
5402
1506
4580
3396
1206
4188
4045
5574
1374
1351
5201
3267
923
-1
4850
3880
1979
25
2420
5062
324
57
5336
4158
5667
5528
3875
4158
1187
127
1465
415
-1
2400
485
1583
3623
-1
4517
2149
646
4966
2092
3781
-1
2207
-1
3308
5087
1429
535
3449
3633
41
2838
5402
5050
857
4882
4378
1410
2703
-1
2189
4763
4158
1273
3927
3139
1994
5402
2216
3118
1484
2281
5451
1097
633
5384
315
5254
4074
3139
1017
-1
5354
5322
5144
1044
4192
3139
2050
1070
1990
41
833
1230
5237
5049
1384
4777
393
362
2196
5521
2255
3139
2762
2196
1928
4179
3510
1405
2164
304
1995
196
3422
5122
2539
4763
1475
2983
1839
5382
-1
668
2148
4214
1354
1647
3095
3139
2825
2196
556
2879
1421
4265
1273
5162
-1
1699
1296
427
4032
536
4032
5387
3682
2725
3241
2196
3383
3481
1300
1452
5529
3682
3160
4808
-1
5558
-1
292
5350
716
-1
5049
3803
105
2339
857
3651
1821
1727
4890
4226
444
2203
5402
-1
3046
5301
2164
2914
5340
193
4799
2245
4890
1003
391
2559
4110
2985
2149
523
2939
1661
5551
1003
3248
66
275
3666
531
3819
239
1667
222
3941
-1
2882
3583
1928
48
4536
2569
223
3139
1699
2435
1288
640
-1
-1
5133
3641
112
2653
3348
2662
823
378
5175
3139
1949
4654
2504
-1
2825
1834
425
4723
127
304
387
2762
4890
485
997
5500
-1
711
1313
2146
401
2748
5183
2220
-1
4298
25
2016
177
4317
4754
1349
289
236
5068
1283
3495
482
691
3139
2390
2285
3991
3222
425
22
-1
3683
5576
3540
880
5402
3037
2381
2495
1583
3641
25
3613
3592
3708
3752
3781
923
1471
4222
3164
1931
2974
2863
2913
4828
1429
4287
-1
3293
1313
919
2323
2742
4484
1699
2165
5194
-1
4051
482
5083
4945
1681
1354
1039
1480
2458
5402
25
1095
2762
3139
4988
4513
4559
4039
-1
2724
-1
2215
51
113
-1
3139
2133
629
5478
227
4497
1354
722
1139
4545
4261
2285
2085
1313
2194
5402
4361
3139
4185
3593
4371
1161
1583
2196
2122
5469
3762
2838
127
4974
4091
4771
1361
-1
-1
4039
5271
5451
2196
3800
227
1821
5142
1339
4298
184
719
4771
1242
5062
-1
2096
4615
1945
5181
5075
143
542
2196
1354
-1
3139
2473
4376
3782
1244
2196
5146
5122
304
3449
3139
4802
3037
-1
5471
787
594
3526
1945
177
5564
225
1206
1439
4783
1210
2196
-1
2961
227
644
1979
823
147
494
3139
1699
434
1976
5133
62
4637
4711
3308
2122
-1
3057
-1
2989
3139
477
4398
-1
4830
4387
5333
2512
4197
1095
5733
5427
1438
4142
740
2100
3712
1352
2673
25
3676
-1
4290
2043
2852
425
-1
5706
3139
34
-1
-1
5671
4039
586
974
3308
2196
2016
2858
2761
5082
3139
457
164
4157
892
4746
5180
4272
2196
4789
2095
3401
722
2762
4878
867
1809
1019
2528
3139
1131
3139
834
1190
1157
4505
480
2228
3139
2270
823
2668
2341
4771
1119
982
4689
-1
3139
2968
2200
3599
3046
5177
2196
1776
5081
127
3931
4374
2578
-1
1379
-1
5141
696
5402
4038
1185
3308
706
3139
761
1601
2922
4389
1964
5028
3851
-1
4975
1812
1782
2250
4075
1405
2462
4194
3974
5497
5591
1482
986
4682
2196
1583
1161
5116
4072
4377
4986
2644
1885
4694
411
3523
880
-1
2556
515
4513
3139
3544
3067
4438
2527
3820
2200
3676
2196
2465
1120
2550
4563
2196
2196
5022
3999
521
5148
49
235
4839
5183
3139
3139
4763
1339
558
4557
4702
3489
3725
5611
1486
3554
3139
5050
2886
13
3139
2201
1780
5201
257
1118
-1
217
3139
1183
3543
4945
5745
3829
-1
3970
2414
4763
746
1570
3476
5254
2931
2196
3477
1485
-1
3072
5262
4206
4039
5357
5595
1699
3945
1462
-1
2248
3280
542
4957
5047
4763
2768
314
4039
2404
3120
-1
2676
3996
2196
1429
494
1407
3057
1044
1999
1330
-1
4073
2724
4662
2285
3888
1661
2286
3682
5103
3743
5062
1475
3331
5160
1604
4778
5466
682
2196
3991
4379
-1
4177
25
3800
3380
594
1978
-1
3139
450
1521
-1
583
2196
1603
299
2117
425
822
425
252
4747
3800
486
1329
482
5433
2680
5561
437
2196
1307
5271
138
882
540
-1
4654
4986
25
5566
195
2074
4560
4193
3461
3139
2594
4825
5473
4966
1263
4306
-1
4454
5109
934
3027
1824
2629
1371
4438
2405
-1
5232
3068
3139
3139
1702
5119
1583
3808
-1
227
4332
4814
3439
5455
1400
3422
979
3139
1457
4745
-1
960
3139
2590
1419
1636
225
1760
5414
-1
3682
5385
3051
