2196
4787
5518
5402
5235
5402
2067
5100
4927
425
4065
1395
2150
3139
2286
2196
360
5595
1016
5104
2974
3308
993
3572
1704
1876
4585
2073
3139
5327
448
4616
720
-1
195
353
2196
3308
2092
739
2561
5009
4438
3289
4900
3139
41
1594
4730
2333
276
4226
5374
4966
2882
2196
778
5486
4253
4720
3154
1661
5466
1004
5588
3476
938
5402
5410
5354
494
1723
640
425
4466
1411
4515
5062
3770
-1
2196
3579
2103
5203
1011
2778
2825
258
2182
5155
4662
275
496
5402
2183
2285
1487
672
3139
3174
4934
5687
1425
1350
3689
2390
4067
4287
5293
1944
3676
3163
4158
1571
2866
5545
2196
627
4539
3959
5352
1794
5143
734
4099
2706
2693
52
3658
118
3308
1583
2200
4945
5280
1301
4078
1699
3139
1116
3387
4825
3139
4378
3708
3308
1752
1307
425
242
3139
2889
2196
5111
1106
3388
1407
4731
1902
2248
2414
2081
1811
4563
1616
1496
703
5566
5621
3653
540
3337
3946
5140
485
3363
3139
1070
-1
3596
4975
2243
3448
4487
3427
368
2882
57
2949
5022
2021
5691
3667
1868
5594
2719
5587
1300
5402
1401
3139
1072
1996
5655
5232
2809
5695
1391
2401
1954
324
1976
4644
5497
996
4280
2637
4833
4815
473
945
1680
5086
4087
1157
1050
2196
2267
1480
3738
531
4209
2196
5402
2615
25
263
483
583
3308
4265
-1
556
-1
1101
494
4822
3118
57
3419
4893
2354
89
4188
2195
3376
3614
3503
763
5195
127
2364
3139
1841
5112
1598
357
2762
1720
2306
739
5587
1016
4039
3497
1362
1969
5087
2068
2326
5254
4188
2288
25
5177
2489
1925
25
1828
2243
1337
1452
4763
3377
5271
-1
2503
5153
-1
784
2251
3781
1462
1313
5738
1352
4877
1819
425
3874
1168
2499
4905
1848
1339
2364
2257
3139
-1
2154
2084
2196
3457
1019
4465
2720
3139
-1
1352
937
-1
195
16
3621
1903
485
2243
3887
3904
2105
4900
1410
474
482
1832
2228
-1
5671
4973
2623
4654
1552
-1
732
2583
4769
1661
1095
-1
1427
3139
4181
2196
2591
3308
4079
294
2825
4771
3591
1787
3875
425
4411
1167
2531
2285
5513
-1
2665
3003
5313
2762
2029
3634
2516
743
5545
5499
1178
4572
1185
4420
1824
5587
5152
3148
4287
5254
5457
482
3139
4771
5012
4038
4890
1816
1443
1619
3423
3308
3139
1079
64
3308
4831
2469
2164
3495
3308
3139
5642
3139
5119
3383
520
3821
2016
4109
1849
5547
1468
1307
4966
1342
3139
3160
5049
754
1939
1530
4173
5611
2825
-1
5163
1445
2957
2697
4525
1897
5272
425
1040
4564
2196
2892
-1
2619
187
4848
1840
3139
78
2410
2314
1160
2537
5111
2196
1331
425
3676
2619
324
462
3139
440
2984
4206
2096
469
41
1085
389
3315
4884
400
5319
1028
4829
5402
5561
5500
3623
5616
3682
1665
1873
4133
2779
5271
285
834
5384
4225
5085
4223
5587
-1
3139
4210
5062
2825
5444
3393
5136
3676
5471
2724
382
5321
785
1016
3840
3139
1931
1842
4065
645
288
4158
2838
5133
5088
3382
425
3139
956
3254
5176
722
-1
-1
-1
3139
465
761
4132
704
4497
1178
252
5240
4226
2105
1270
425
982
2200
2849
5495
4807
-1
485
446
3308
1298
2761
1238
4628
5387
5692
3335
2903
2975
1932
4267
3870
1972
3139
1398
179
2119
2661
2873
2911
1681
4103
5576
1429
906
2441
1608
4566
3482
2043
2196
1721
918
3641
403
5528
5194
776
5077
1269
5009
5587
3837
4490
5482
63
3505
2625
5288
4567
4939
2882
5497
5402
117
2813
4269
419
1054
2574
-1
2685
2153
5185
4215
9
4053
5257
1231
1054
645
3499
2236
5473
2243
3745
2196
2227
156
4867
2977
1044
4412
1651
5156
4134
2290
1429
4506
2293
25
4776
1482
5402
2619
3690
1224
4946
1405
561
5347
751
5278
623
3074
4945
1823
-1
5047
2898
2196
4711
494
5587
482
-1
3334
3803
5558
5402
4226
2691
1664
1003
5729
1073
904
-1
3259
5714
5729
3040
590
2245
-1
1588
1323
1320
2307
3139
2122
477
5720
138
1754
1579
41
4903
-1
249
5600
4998
4654
3139
4058
348
5664
1093
5160
2544
-1
86
-1
5673
1307
630
1691
3880
3139
-1
2067
866
2780
1935
3562
2851
25
4019
3622
34
3820
2697
3999
3473
823
2691
5250
5062
114
3240
227
1636
127
5067
5554
4876
3138
5576
1137
3032
-1
2841
-1
-1
4912
4795
147
25
-1
3139
1694
2390
3796
1019
3317
5037
2762
823
527
-1
2122
3028
1673
1480
3171
1012
4890
-1
1990
750
5269
4681
2378
2330
-1
815
5491
2459
2799
2615
1958
2843
3568
4717
5357
4763
3949
2200
539
2184
5326
4158
3027
4053
5402
5740
4392
3203
5402
3416
5402
5402
1480
2015
1054
5451
5544
1200
1184
4951
5445
3829
3139
4834
1172
3392
1470
3483
24
1681
221
1632
-1
-1
2562
1016
4010
2252
4945
5729
1810
5133
834
1138
4890
-1
4827
-1
2246
4724
1429
1622
3139
3139
2609
3139
5171
3139
3242
5139
-1
2084
25
4945
3139
3657
425
2886
3103
-1
-1
5402
425
3800
4798
-1
787
4
425
5077
3682
3139
3232
2196
3095
2957
1429
-1
5049
4908
4929
-1
3269
211
3139
1207
254
4662
4438
-1
1269
3621
3074
1313
1157
436
1429
3139
5162
1099
5402
4770
4049
4259
4400
3139
4366
539
1276
299
2871
4371
1601
5104
2724
127
1243
3825
3139
923
2762
2891
1480
1331
5028
351
425
249
-1
4649
680
4493
383
1996
5062
3746
5662
4420
5467
1851
2776
1240
2934
2208
4226
876
4660
3752
1273
4808
3308
3389
5466
662
302
-1
1845
16
5370
1945
2394
4014
-1
1664
3066
5289
1616
2975
2694
4194
547
2638
185
2523
694
-1
3139
2463
781
3253
3592
5518
1298
5165
2126
2828
4007
2906
-1
613
4562
5426
626
682
3139
1595
469
162
1240
5571
2052
2645
5254
3329
4753
3139
689
4871
2096
425
-1
4294
3458
1869
4713
2196
1157
2189
861
3792
4444
1928
4379
-1
1427
1313
1347
41
3200
1273
3540
1470
3139
-1
3139
3215
3621
-1
3835
2789
-1
3455
1715
651
2269
5741
41
1254
5117
2849
710
4039
2934
556
3139
5037
591
1429
1775
-1
3139
2191
3139
2517
2612
3462
1888
4463
4576
4621
4284
5092
1195
-1
4669
412
3222
4421
3723
627
2973
3397
2091
25
-1
232
2177
57
2285
1429
79
3363
-1
2115
3308
2562
3456
2800
4486
4913
-1
4626
-1
3763
1427
5062
-1
4986
-1
3212
2149
1370
3139
4295
5049
2943
2762
3139
2837
2899
3534
3749
5125
3139
4856
4912
787
594
3676
-1
5542
196
-1
594
3308
936
638
756
3650
826
2328
3441
521
2121
-1
5730
719
3139
3439
3079
674
374
5333
1610
1699
4484
1213
1366
1168
1598
783
-1
3095
844
3316
1429
4538
2719
3139
5521
1714
482
5353
-1
4019
3137
2196
4785
482
5497
1313
5491
4226
2390
2569
4877
-1
4888
2010
2285
1601
4997
-1
80
2243
5122
3711
3518
2165
722
2305
2863
3990
2084
4255
109
1376
2285
541
4290
2086
2372
425
5647
2825
2132
1184
5232
-1
5250
1210
4082
5043
-1
2297
3428
1486
852
3288
5022
946
566
3474
688
1798
1429
1794
4521
2594
2768
4226
2920
1336
3800
1171
3740
3895
4884
4844
2857
4122
5555
5431
2918
5087
-1
3183
3666
2989
594
1844
1822
931
5289
3139
-1
5587
432
1600
5497
1699
2995
2194
1936
-1
1536
2948
689
4196
2285
3977
576
2285
2724
1850
2101
2196
4226
2810
425
628
5071
741
4105
1036
482
5135
2382
4978
5254
1831
599
1722
888
3086
-1
5123
41
139
4188
210
5566
825
-1
1601
4497
1295
275
428
4332
2124
220
5015
2510
3114
5142
3492
3308
1178
4771
920
507
4718
1647
3139
3585
3139
872
3139
832
4315
4577
917
316
5162
3082
2629
-1
5049
1083
4430
2618
2548
-1
1116
2853
1330
3817
2196
3862
5733
4523
3139
2281
3901
4265
-1
2912
5650
2200
2585
2762
4397
1466
-1
1429
-1
2196
4107
2891
-1
1465
4224
2589
3840
414
4567
1751
957
275
1071
252
1942
4883
227
3139
5574
5581
3139
1286
2723
3093
932
324
4961
3139
1429
3139
-1
2786
-1
3485
2199
3139
2540
5726
-1
-1
2130
473
4092
5528
2196
2326
1016
2285
3996
3139
5587
3530
5399
2196
1019
3000
5575
3270
3139
3887
367
1078
3258
215
5518
4692
3162
2321
-1
-1
21
1677
276
2357
90
3158
2760
2489
227
1567
2842
2255
-1
2406
3139
304
5221
-1
-1
4222
4901
1793
614
1945
3543
-1
-1
-1
875
3752
1480
5402
-1
4287
3139
-1
3875
2263
195
-1
2304
3139
4478
2376
4626
2380
5404
4559
2285
835
3589
4529
-1
3296
1477
25
3788
3308
4047
2196
4456
2601
4713
2369
2218
5367
5747
4973
5402
4222
3838
583
1379
68
1273
2282
2196
-1
2593
5547
1007
2762
4529
3139
1429
719
425
4082
2285
4720
3571
5049
4836
2196
195
28
517
1307
5599
2691
4945
3725
1583
1204
1168
4549
5695
314
3863
4373
4699
18
2924
-1
4713
2164
3621
-1
968
540
1178
25
4755
594
1092
1601
3308
3826
556
2531
4287
5587
7
4975
2762
797
2668
2970
36
3087
4823
5183
1636
1679
3139
-1
4164
3139
261
2196
5051
5330
2650
-1
691
5744
3542
1429
-1
2390
4890
5313
-1
3933
476
1069
-1
2195
1148
2539
323
5122
2383
-1
2100
25
4270
3558
3139
482
3550
3139
5336
2683
5049
4219
255
27
5049
-1
2382
4213
747
460
5019
852
3487
688
882
4316
3779
16
437
3413
3003
3945
3989
1782
1512
1738
1425
5587
4564
1166
1429
3139
3595
4482
2122
5743
4408
5605
1429
-1
890
1016
411
4017
2998
4881
594
1889
3167
1692
1230
3139
2989
4454
732
975
56
4777
1351
4886
5077
2868
4001
3631
226
4405
2883
-1
3528
1322
579
3308
5430
2813
1273
2063
2285
3814
2692
892
425
-1
3558
-1
4555
4745
3621
4417
1030
4453
4966
177
356
5742
3097
2374
3139
227
2285
2132
5505
3062
855
4675
3139
3629
3367
3139
2465
5286
-1
3003
3979
4471
4590
1313
1160
3139
3809
3039
2196
3676
1095
769
113
-1
4158
5049
3618
3308
3928
3139
2287
1185
5078
53
5248
1606
3593
3115
918
4987
303
5518
3139
4944
2191
972
3943
3139
3136
2762
4617
5218
4232
5630
2578
3057
4693
2846
1737
4100
275
1979
-1
3808
-1
1913
-1
5085
1307
3621
1874
2399
4937
4226
5733
632
2706
1003
2659
2196
5254
3875
2355
-1
3072
3613
581
666
5024
747
4229
1016
2837
1088
2736
5402
2122
2220
3716
-1
3926
5402
2949
3280
2724
3139
1095
3676
3433
3257
947
3139
4158
4226
1999
2196
508
1307
3061
5225
5637
-1
1666
425
1583
743
3139
716
2087
3139
740
2774
962
1480
4088
1833
26
1307
4393
3139
4209
5400
-1
1480
5326
2196
5173
1629
2523
3139
2662
3240
3139
5402
1095
1429
5378
3534
4687
3949
5062
1042
4587
2285
1993
1289
1226
4157
2933
1384
4742
-1
1167
2171
4197
5698
59
2376
-1
3401
2750
443
3325
5671
338
136
4148
-1
-1
5469
5454
5737
5457
-1
3569
901
1739
5287
1928
-1
3691
4842
4437
1528
-1
3651
5213
2615
-1
3762
4344
3069
2161
2196
986
923
865
5133
1307
3003
3139
1179
4039
-1
5006
-1
1836
5402
865
1892
560
4242
2164
459
3877
3852
3427
4573
4039
1830
2306
-1
823
3238
3244
-1
1943
4326
3139
3139
391
2431
3688
2743
4313
4583
4912
1775
4238
4887
4726
990
3887
1672
4890
1653
2815
2200
2033
5271
5062
2196
1298
25
-1
4634
3920
5263
746
2460
785
5598
3194
77
545
591
3800
482
4442
961
87
1313
1670
-1
1420
-1
1564
4226
25
1554
1360
5200
2704
477
2619
5281
569
3177
5572
1161
1793
225
409
1393
3240
3139
2619
3581
5177
5123
177
5405
3139
258
4591
4497
5049
2651
4497
1462
3839
2911
2196
5062
5402
1298
3889
5522
5706
2170
3661
4072
5714
1352
3221
5650
-1
3139
4383
3522
2749
3682
2023
5004
3573
3618
32
4158
5505
2196
5228
3139
-1
823
4956
-1
1230
1405
2027
5487
3184
3869
4569
5402
-1
533
169
-1
4387
1405
-1
5133
2194
25
310
2702
577
1101
2813
4802
1313
4688
1269
743
3139
384
5093
2191
4274
-1
3641
3139
1185
702
1994
5077
2616
146
5412
2196
4440
25
4393
-1
110
227
1429
2333
3334
2196
4654
3222
1661
5474
3139
4359
5671
4373
425
195
1210
4195
5384
3264
4977
3549
4529
4743
5540
3774
583
123
4448
-1
3643
4712
1234
1319
5538
897
5744
1427
243
552
3139
4689
810
-1
5037
1727
4580
1538
3250
4024
1709
5642
4691
1304
5502
4044
4025
3139
3139
2085
-1
1298
-1
2958
3139
4630
1831
355
5703
4270
-1
529
1381
1225
4315
540
3003
1897
1110
5395
1812
5674
4447
1508
3786
4478
354
1558
1883
2122
4720
195
285
-1
787
1545
5254
1655
3139
1504
5363
2269
482
3506
1813
1240
3155
3767
1777
3469
1101
25
3772
3528
-1
93
4992
-1
5402
2462
2285
4945
5408
336
833
2950
1294
-1
5576
4764
5213
3139
5419
2746
2096
-1
3311
2196
276
-1
3401
4369
107
4497
2983
1575
1661
3917
3139
2025
-1
-1
1354
5472
-1
5224
5393
3190
3726
425
4945
3218
5547
2678
4467
873
213
3284
-1
4202
3875
5062
3328
3215
3139
5181
3139
4181
526
2200
2384
-1
3139
1832
571
1648
4936
5271
-1
4890
3139
2279
2902
3139
-1
1588
5598
4645
4492
3139
3903
3606
3057
3139
1297
3713
1168
3139
1168
-1
2586
2196
630
3139
2285
4787
3086
2615
4386
1601
4654
2102
510
5140
3075
1856
2234
3222
2189
716
1405
1269
4606
425
1673
1323
2951
1367
2196
2834
209
10
2113
258
2350
4428
-1
965
2111
3975
2166
4373
425
503
4602
4804
2497
3139
1044
5313
974
-1
1636
740
4720
5269
3875
2306
1125
2241
1008
3840
1577
-1
3139
2167
1699
816
572
4304
1692
2127
5000
1764
2753
1065
2325
1429
633
-1
4114
241
4226
86
910
2819
719
5134
-1
2196
3768
3534
4959
5213
1541
4107
3139
2016
942
1895
2200
-1
5402
1847
1462
2080
1601
177
4222
3815
5172
2200
2826
2629
2833
3139
583
3139
3996
2468
3095
4957
2222
425
5133
2196
1586
-1
4519
41
2554
4158
5364
315
494
5212
5062
-1
3884
5402
4885
967
2972
-1
5587
3444
3139
5671
5733
-1
3104
3448
4381
3390
-1
3283
3980
-1
4890
25
1399
77
3520
3139
1355
1431
1117
276
425
-1
1699
25
5269
1429
540
2367
5232
2882
5061
25
250
3038
4226
2495
5015
-1
-1
4661
4906
3187
4039
4147
2638
-1
441
807
2196
1529
2200
2372
4039
4819
2814
-1
2456
2473
1636
2552
5714
5413
4007
-1
3057
425
3139
4195
1307
4250
2200
2373
2724
1162
227
-1
5303
3987
2228
-1
1452
-1
3781
3678
1434
3028
4662
1820
632
2825
4199
766
4986
4399
770
1601
1561
18
3107
2285
1300
489
4833
3139
2283
1981
-1
2039
5037
2151
5545
536
-1
5587
241
-1
425
541
671
3139
3055
5402
632
2354
1947
4158
5062
4674
3538
3963
5668
25
4787
4799
3139
5435
3308
1238
1455
1495
1681
3684
4158
4118
4070
4772
4601
2200
4089
5411
685
5451
1189
3042
4371
746
25
2474
2325
3864
5033
1414
-1
4327
193
3752
5713
3838
3738
3308
1989
4810
1373
5041
3057
3139
-1
-1
425
5062
3139
4196
2877
5701
960
3734
2248
-1
2285
3139
5579
655
4280
3139
329
-1
2285
3621
-1
5049
183
1038
5471
5547
227
2308
-1
2371
1405
227
594
2187
3875
1054
695
1313
-1
1185
167
1804
3833
1793
938
127
3828
4980
-1
2060
3621
1054
4497
-1
3971
2269
2162
1798
2266
5671
1709
5170
4573
3139
5576
3049
410
4427
4884
4062
1405
3240
2376
378
3757
648
-1
508
3139
4929
3924
1083
4337
1274
4371
1236
3676
-1
-1
3281
4771
5254
3139
4226
4737
36
1583
5641
1157
5313
2860
-1
630
615
1232
2276
4854
2383
-1
3153
-1
3970
2122
-1
4615
3714
1885
-1
3360
3687
195
5284
5210
-1
5318
980
4480
2714
481
1636
1405
1194
1307
1230
5266
2462
5156
933
4074
1244
482
484
3680
4615
2196
195
1435
5512
2411
2196
1601
661
425
4162
1681
3239
2140
3139
1152
82
2863
1601
227
2370
1811
-1
1796
1230
4158
5612
1375
4039
5362
2905
5214
425
2196
2196
3139
1313
1259
5429
3330
5545
25
2639
5296
1479
1601
312
2333
2196
5714
1796
3139
-1
2383
3003
4966
4398
3139
1931
1606
2825
937
731
3080
3139
4179
2014
4763
1465
3139
1984
3878
195
1768
-1
2023
5147
2332
1298
5062
735
1601
3873
3592
875
746
-1
5340
5130
2224
4433
4342
4394
2360
3639
2777
275
893
1168
1995
5165
3406
3235
4643
-1
1780
53
5336
4017
2615
4809
4332
2762
3139
5402
3139
5345
3327
3685
5695
639
-1
3875
2196
4348
1604
1699
172
4418
2762
402
5213
2196
304
5545
1546
3060
4226
2619
823
793
5343
4896
4245
-1
5148
2792
2062
3875
955
5475
-1
752
586
925
2196
1177
284
3960
4358
425
3139
-1
2691
1277
-1
3051
4286
733
2200
2825
3479
1307
1601
1518
5389
1601
4655
5419
1206
5548
3003
-1
41
3374
1725
1504
1404
1615
-1
1636
4034
2127
1776
3072
2196
95
-1
-1
1839
49
-1
719
630
335
540
1692
3462
5339
5578
77
1474
3681
1922
2267
425
472
1187
1244
2911
-1
278
4398
5385
5491
-1
1152
800
950
2205
-1
1087
255
3072
5681
320
3615
2339
25
591
4890
3848
2794
3144
4631
-1
3139
2196
4648
5370
3216
-1
3908
5109
5155
1429
-1
2531
2050
583
258
1408
3139
3561
3278
3876
5497
4792
5442
25
4056
3021
3340
3627
1699
4945
3298
3849
5491
3994
1294
2055
-1
5649
1763
-1
2260
1583
1692
-1
16
4941
-1
2998
736
1570
5060
2968
99
3931
4771
1121
4890
5671
4611
-1
4802
5003
4469
3308
3822
1830
3139
5714
1438
4970
2644
4371
513
562
2160
3139
2949
2164
2196
810
1269
5179
1297
1193
2196
2734
1808
425
-1
2257
1429
3272
1394
4336
2196
4158
5126
4318
4938
922
5587
5471
1569
5062
3139
3346
-1
589
1073
4265
4608
2285
2196
2196
-1
4890
4875
3676
1313
3308
191
435
5094
4086
2570
4039
2838
3139
695
4036
3688
2196
2825
787
3676
4598
425
5085
204
5329
2333
-1
3470
2385
2442
4415
4153
4373
195
3493
267
3875
2163
-1
-1
1791
-1
1710
991
2551
2878
2051
2196
3139
2200
5402
3427
-1
4124
4408
5573
1638
2084
5671
547
5728
3317
2350
482
4489
494
2531
-1
3192
3878
378
1273
5062
3179
1782
3308
2505
-1
1601
3875
4182
1549
3139
127
3339
2285
2285
2296
4665
-1
619
3318
3447
3830
1429
2813
1498
25
25
5164
758
-1
1000
4244
3931
4598
4890
1298
421
5164
1800
2508
3776
3139
914
2890
1583
41
-1
1722
4188
1902
5055
3139
2412
932
5089
4053
3139
4947
5647
2200
175
-1
5226
4986
1603
3664
4371
450
3506
4654
3139
4890
-1
1406
1293
1016
1320
1465
-1
1405
4437
482
2795
4065
4497
3035
131
1796
3157
4735
4898
568
2676
219
4393
2196
1016
249
5371
2279
3354
3139
4065
2097
-1
1843
1601
1765
3069
1413
-1
4397
-1
2420
4007
4196
4966
4654
746
2363
4720
630
5466
4651
2196
-1
3160
3139
5585
-1
-1
2196
234
-1
1274
-1
1016
5491
1681
4879
1185
2724
4298
705
4106
2387
4408
3240
4032
2882
1314
2106
2975
4586
3139
4945
5714
3165
618
819
1807
1961
3887
-1
2856
3350
5374
282
-1
3621
1212
4966
591
444
2196
5039
3748
4265
4355
3248
227
1082
502
2909
5433
1134
4676
3730
4890
4000
25
1294
1945
3435
4788
4330
25
-1
-1
223
3136
5075
5233
425
1967
4314
1783
4665
373
5140
1168
3139
-1
477
1601
2513
4672
425
482
1675
3240
3126
5385
2285
2265
457
4007
3621
4373
425
66
2762
5322
-1
2326
4119
830
5405
3355
3621
4945
5133
3139
2762
1307
3139
2067
5402
2762
3135
3673
485
5402
1044
4217
425
3098
2333
5007
1465
3912
3295
5446
425
2958
-1
4039
1083
3961
1407
5059
2243
482
3064
4127
-1
540
3003
3758
-1
5178
-1
5491
377
-1
2269
2122
827
4125
1699
4860
4226
2196
3139
1230
-1
3682
5110
498
41
4812
5413
2122
3735
3381
1934
1916
1479
242
1161
482
4560
2590
3139
326
4315
612
5505
2715
425
1306
2626
2146
3629
2196
757
1664
5268
4063
3378
1350
2122
3715
3046
3003
-1
244
4145
1297
127
2756
2320
2584
3426
2619
5587
4238
5133
2388
2380
1821
-1
1852
2016
3139
-1
2188
3509
3676
5699
1185
1579
425
-1
214
1975
3676
1056
3516
-1
1678
-1
1307
3676
4158
2893
195
170
-1
-1
3139
4183
2167
913
4128
-1
2463
1019
3112
2376
3139
3761
41
3348
2619
2136
1297
2196
3875
447
227
5258
-1
1429
4713
4963
1722
-1
4548
-1
2847
4552
235
1829
3139
4307
3800
4923
2292
3139
5402
-1
787
4705
4497
4890
5629
3175
1826
1583
486
2200
2303
5402
2781
2383
1056
1793
2149
4536
2156
2854
1860
3139
4482
3696
3822
-1
1307
606
1003
2998
632
5497
3682
5552
5132
755
937
701
586
640
4035
5665
3246
5010
2453
1537
5402
425
195
-1
5276
3139
2397
5491
1313
5452
4508
5402
4280
3841
2903
4263
304
2196
3046
3139
2196
5183
223
5062
2421
3830
5402
4511
3162
2381
1074
-1
-1
1073
2019
1273
831
5723
4752
5062
905
2971
2095
295
3841
4353
3269
4763
111
1776
-1
5183
4471
3230
5584
62
1521
482
3730
4226
3147
5414
4057
4158
5576
192
-1
2124
2811
2285
1631
3139
3938
2440
4825
2054
2146
3139
425
-1
-1
5475
-1
-1
3141
3822
3139
4966
4800
420
5586
3139
3402
-1
2698
-1
4664
4373
4503
2196
2374
3366
1879
4307
4450
53
1183
3707
3139
4965
482
603
4945
1308
425
33
1776
4226
4998
2196
2630
5497
1323
3041
2196
3369
1601
4368
2154
4158
3238
3023
3489
1415
1811
2064
3408
4306
3887
1848
630
2575
1795
4720
3139
4362
5322
4039
2455
5251
4990
1482
4305
182
5049
1532
598
994
2615
5062
4968
3139
2656
4436
1206
1307
719
1090
1705
787
924
4070
5671
3768
1601
4690
718
2838
5587
281
2109
1513
1722
719
-1
548
62
3931
2338
2515
-1
5497
858
3017
827
-1
2285
5328
2368
-1
223
787
3139
2196
5133
5267
3735
3099
2998
2633
1757
-1
4853
12
-1
669
-1
5576
3139
3624
3875
670
3139
4723
4884
5166
669
3377
4298
2059
1262
-1
-1
275
1502
5402
1269
1230
425
3000
1580
2196
1465
99
2390
4168
5384
-1
2413
4188
2838
4892
3396
3139
1287
-1
1866
3139
3888
3365
5471
4966
5530
1429
2894
425
3312
2938
1643
-1
2615
4005
-1
3176
3139
52
2751
3071
5551
4534
460
-1
4602
1307
2508
5387
-1
3089
2196
1249
605
1116
2093
127
2455
5569
229
2378
2164
3621
2122
425
4392
565
5062
1583
24
3139
4884
4966
4847
4225
485
550
3980
1181
3139
2615
3139
675
3139
1699
1624
3496
3139
3676
268
3289
4763
-1
4732
-1
5050
5129
2600
2084
800
3682
-1
1298
4965
4462
2042
4194
3386
1429
4022
4340
2848
1922
3308
1339
3041
3592
1611
195
285
4749
2069
3304
-1
4110
2698
1390
1456
5507
-1
2762
3152
2321
1146
4278
3201
2196
333
2122
3820
4742
425
5576
-1
3211
-1
798
3891
3484
-1
1978
4303
4570
4793
366
5310
524
1418
3551
-1
3308
-1
2196
2634
5155
-1
3231
2366
2941
5077
5671
-1
1681
2932
5336
25
3358
4188
2579
2603
3223
3983
1355
5301
2124
25
1692
5062
4945
438
3550
2226
3317
1210
25
482
1185
1588
5668
127
4449
4584
4092
1933
1465
3672
5538
3139
1352
2674
2195
2196
2112
2724
1581
1607
622
4004
3090
5583
3139
2349
161
3967
1405
11
4104
1405
-1
1405
3456
5169
1906
5402
3671
475
4998
304
1149
4792
1444
1012
4914
227
2438
3321
179
2122
407
4142
2196
-1
2097
425
934
4614
5402
1475
4535
-1
3139
3172
5398
1850
1753
5497
1618
4046
2250
5709
-1
5062
4555
3296
2762
1902
3139
3906
-1
3945
2390
2187
2999
2487
5729
391
515
-1
-1
2688
4268
5238
4287
993
1472
5232
5002
3069
3800
521
5060
586
3976
1702
4185
4944
2671
2974
1941
3204
2196
5501
484
2619
1699
2196
3445
33
443
1546
3993
3859
3139
94
3139
2462
153
2762
3051
5084
2610
2164
771
2533
-1
4438
2189
69
3615
1076
5154
-1
1821
-1
3077
5406
3164
1323
746
3555
4771
4039
1488
4615
1384
425
4723
3214
3139
4348
5422
4733
1800
4558
1809
4110
2164
452
3422
4471
5419
2481
3479
-1
2123
-1
890
4188
2524
3875
1172
1452
3787
4075
425
3139
2007
5458
5062
2576
1371
5402
237
4720
1192
827
923
48
127
4380
1405
2619
-1
3015
3139
4611
5062
-1
4374
602
5106
4307
4619
983
3982
1429
3110
1178
2196
4192
3538
3139
4438
4014
-1
5198
82
3395
-1
-1
2315
1733
3896
5402
4781
713
3991
3048
-1
3238
4169
719
2864
1283
4158
4635
-1
1251
5688
3139
1788
4694
3460
1429
214
3051
99
5366
243
4451
423
881
4582
4048
2146
594
2206
3731
5144
2841
4356
2642
4782
-1
4858
1556
5196
257
1023
2196
1288
3875
786
1793
4553
2447
1104
4543
106
2196
2724
246
4521
3965
2258
1636
2949
-1
3139
3832
1887
1601
3676
4966
3308
-1
1017
1178
3887
-1
-1
4998
4225
1019
681
3139
1344
3139
1758
4969
555
3139
4209
3419
474
482
25
5062
4890
5558
5695
3616
2230
4371
4241
25
3881
3165
1407
4513
4431
5062
416
820
-1
4690
4188
1194
4976
5364
1626
3188
3621
3139
5049
1505
2189
977
4929
2031
-1
3688
3771
3213
4039
5333
4333
5667
636
4497
1535
2195
3875
4385
3610
2772
5085
4514
3139
227
2390
1722
444
4534
1302
138
486
5733
2400
3019
3994
4043
4039
-1
5725
4101
396
5022
2944
4371
4151
1636
821
3560
-1
-1
-1
5436
4192
195
3107
1184
1407
541
5746
25
425
1283
-1
4083
1625
-1
3378
3139
1737
227
5448
729
4720
2345
2569
2196
5062
325
2196
1303
645
1244
2285
3326
2462
2194
1429
1433
4561
3463
2801
4373
1927
934
5200
4401
1444
2285
1429
425
4945
1639
5384
3541
1465
2035
3676
688
5587
2619
1660
2011
2133
5402
2189
2122
2895
5514
2437
5299
5068
46
2122
1247
3150
4158
621
4820
2652
3400
350
2762
2612
1426
5304
5686
4986
2402
3139
3139
-1
4791
425
-1
42
1724
1152
4677
1384
3442
-1
-1
3139
5426
1239
3296
-1
1958
3539
1620
1016
3197
969
5402
-1
3139
745
3432
1341
3149
54
1313
4446
1809
4702
3242
3210
1249
-1
2196
1911
2148
92
3308
5362
3830
540
-1
4624
2666
5133
2645
1018
1796
3997
5590
964
3139
1012
5264
1919
5119
2682
4513
2959
4159
5609
2374
3843
1681
1429
-1
1044
1424
3139
3139
3139
3341
5402
-1
3139
1334
4598
1599
224
448
2757
5317
2673
5598
5270
1131
183
220
3396
-1
-1
3377
3139
1339
-1
1429
2196
787
92
2000
2572
787
324
467
4736
4944
472
4158
3308
2209
482
3759
482
787
681
4489
1429
2546
3196
4007
2196
1256
5142
1230
4406
4637
1608
51
5108
1986
2325
4311
2364
2099
177
1429
-1
5140
1407
605
1405
3316
-1
540
5271
3000
2825
3139
594
4998
5062
-1
3139
1809
1427
718
5716
1601
2882
2160
2825
2762
5695
4039
2364
1597
1073
2921
4424
-1
5648
1151
471
494
5424
2742
2440
633
2200
-1
1931
3274
3233
3346
4240
4646
-1
-1
2464
5654
4642
3139
1579
2217
787
2285
2871
5164
-1
5210
908
3139
-1
3380
2197
3195
4018
-1
3315
3308
3228
3437
177
2997
-1
4747
2365
4890
2627
2196
2435
2245
159
5087
-1
-1
3139
4469
5204
1157
3145
1621
3592
425
2082
-1
556
3046
1194
5596
2541
1559
792
3768
2596
3674
2724
400
3046
4718
739
2714
3964
3092
1405
2153
4140
808
2867
1230
5732
1788
3789
231
4188
-1
5402
5218
3800
5402
3587
2991
1128
5473
3139
3919
951
2196
2939
667
2044
3243
5576
3139
2838
3511
3028
425
2196
227
5592
2615
5028
1522
3916
3581
3139
5205
2865
817
5485
2196
485
5402
5138
3139
535
2791
4459
3139
425
3139
3641
1123
4998
5062
4181
2911
4775
2333
3513
-1
3485
2302
5537
2528
3139
1914
-1
5254
425
1304
2344
-1
4588
1776
3361
1313
4220
376
2467
5341
1095
3980
749
2557
4289
425
5062
3139
-1
-1
5690
2122
1156
4254
2285
1588
5460
5707
3139
4929
-1
3255
3072
1601
3066
3605
2993
1885
-1
2785
25
3773
2747
1583
5013
1958
739
-1
4825
1185
177
-1
2617
5616
4998
975
5313
3616
1471
540
1465
915
4978
5362
3069
-1
1657
4835
-1
5271
1909
3139
5387
3240
3139
5098
2603
712
5587
3968
4746
-1
1161
4847
1229
-1
2326
3139
5714
5383
1471
5279
-1
425
-1
425
4371
2196
2196
245
2477
4188
166
963
785
-1
5571
425
2143
3781
5111
5450
1042
716
2390
1300
-1
3069
-1
1119
443
2084
3591
5362
2213
632
5432
1310
-1
3838
1699
1923
275
-1
2122
5235
2927
5608
1891
2472
4808
4194
3113
3139
3655
5087
3344
149
3403
195
5466
57
2160
5402
25
3333
3427
4492
-1
5065
1055
1405
1250
41
4011
4689
2345
5237
5178
1475
3128
5502
3139
4188
1681
2827
4000
1987
3308
5254
5058
3782
4367
2611
2420
1588
2732
3703
4542
5643
862
4246
889
2040
8
1892
2858
5364
3704
3139
5433
2882
2196
5387
4790
3652
1681
1658
5587
698
4634
4158
-1
5207
902
2420
3139
3641
1583
1298
281
5062
711
3867
1699
1465
2882
3569
5031
1601
3003
5336
3629
4037
1699
5160
823
2712
1152
3646
1054
41
4483
3063
227
5512
3682
2275
127
-1
1095
470
5273
2196
1637
-1
4322
640
4108
1380
4484
4966
3139
4584
1480
24
2060
243
311
2196
1429
2285
3139
1335
5479
4935
5154
1019
3003
2196
3031
3240
227
3139
3367
67
3173
-1
3308
2435
-1
1964
5052
4763
4720
4720
4845
3072
-1
4153
5330
1427
2929
285
4868
1674
-1
2229
2196
2796
-1
4693
5689
3046
3743
157
2200
1699
1405
2948
594
4251
3139
4280
5122
395
2380
-1
2196
5744
4435
5508
2684
1405
3308
-1
1049
521
1313
2196
-1
4784
4178
-1
5087
2285
1215
61
1193
-1
3641
1161
3955
5587
5587
-1
3456
3615
3139
5062
-1
2762
2038
3617
2962
5419
5049
5073
3886
722
4634
884
3139
2716
923
5595
5607
3699
2864
3785
2195
1872
3696
1311
1475
3139
3805
1955
1650
1429
5365
934
5733
1429
4373
498
3838
4589
859
3251
5673
5402
4142
25
3267
-1
178
304
5735
4015
425
5183
5340
5118
3592
5049
3139
1132
3401
1945
1429
2740
3139
4978
1003
-1
3225
3580
-1
3676
3139
3676
4158
2193
-1
2196
-1
5231
2724
1405
137
-1
3139
3057
2195
3139
2764
4237
-1
4855
3676
4481
25
2954
4226
3073
2613
1690
4999
4188
1206
16
3069
4185
3960
624
5517
522
1814
1870
4317
5437
53
1205
5018
2872
-1
940
2200
5614
-1
2285
38
5122
4777
5062
2122
4298
4497
260
147
2726
-1
3921
25
4702
2825
3003
2227
4689
2383
177
3485
2195
2196
-1
3057
5261
-1
1823
4720
3139
1339
2243
650
2286
1585
1516
4158
744
5657
195
349
4794
-1
4890
-1
3437
1601
5224
5030
4331
3363
5054
288
-1
4712
4550
4880
3159
2697
2269
2376
4784
53
4966
4863
5631
2943
999
2196
2308
3076
1323
2196
2867
4373
2352
1158
4016
5062
2264
3550
401
1501
3868
66
1902
3139
5062
2880
4070
4720
861
127
-1
5346
5232
4093
3641
801
25
1583
2442
1100
2762
5565
3186
3974
2215
1014
3662
3621
886
293
3308
-1
3279
873
4612
5415
2196
2196
-1
-1
3113
1039
1732
3003
827
-1
-1
1004
4873
3139
2911
1467
611
538
3331
2122
5402
5551
5587
4954
3139
3070
5687
5107
5133
2016
-1
346
25
1482
5616
3604
3817
1610
4078
615
4461
562
4915
25
4365
1583
3597
5615
5146
102
4540
1457
3621
3139
5214
3996
5489
425
2399
-1
709
5611
2342
2662
4186
870
1742
4995
195
418
1823
3345
5229
3282
4039
3811
1776
1131
2122
4945
939
1267
5354
3552
2345
3577
303
3738
-1
3338
2619
2660
3458
2739
5558
1899
1312
1759
3139
3139
2196
3462
1681
2714
4864
1419
3962
1429
2195
473
4787
2749
941
5442
2088
285
364
25
-1
2462
3521
1330
2196
4818
5664
3003
4771
5609
1450
5419
4950
5049
1167
4964
4776
2605
2196
1987
3181
2196
5471
3025
5049
935
5402
3602
1800
2622
787
2211
3121
2877
2333
4547
959
2983
1707
2414
3766
25
5049
4890
4158
5402
2882
5433
5471
1416
195
4944
35
-1
3065
3003
2697
5426
3878
-1
4513
4945
1772
2690
-1
1971
-1
-1
2133
5714
857
5114
2818
-1
5372
25
1524
5595
4097
-1
686
880
1405
1452
1016
3308
3875
4993
1338
4603
5466
4292
1497
528
3283
4720
14
1452
5313
-1
-1
5062
-1
5747
2256
5671
1206
2816
1264
25
147
1407
3066
3400
5547
1377
5706
5671
1185
2196
4255
5492
3855
4375
1699
4911
4188
778
2268
5402
1423
1805
2285
4966
-1
1905
3645
275
3139
1059
3139
4485
147
3777
-1
2020
425
2328
958
5433
2147
3139
3554
2085
425
1300
4435
1956
631
25
-1
1157
2770
978
1960
425
4136
-1
1737
5041
-1
5567
3091
-1
2338
482
1910
2008
3656
195
1608
4293
4983
4142
1583
2691
-1
3139
4938
5086
5049
5526
2059
-1
4774
2724
2196
448
1054
4599
2340
183
418
3240
695
3984
4113
-1
1949
-1
4285
-1
3992
1178
1759
4094
5576
3929
1244
4276
1241
-1
1313
3800
25
-1
2259
2135
5410
3766
1012
2861
900
41
1068
3349
448
2967
2507
92
5413
5322
3139
1510
785
4200
3320
3139
4890
3139
1741
1223
2420
3846
1016
3139
4468
5497
5402
500
4934
2731
3110
5731
-1
4000
1378
3139
3743
-1
1091
844
-1
1297
281
2196
5031
5667
3139
-1
3139
3139
-1
-1
166
5551
2235
2416
2444
1686
5451
1625
1661
3991
1044
3820
785
5172
6
3309
1583
2621
3883
5290
25
2403
2285
1462
4007
548
2691
1178
5027
3931
967
2748
4966
3438
1323
2200
2164
5183
60
2914
4949
1016
212
1210
823
3000
5385
4720
1206
3741
491
25
2190
5271
1403
2196
3769
5559
4813
25
2196
425
641
993
2270
2189
5574
1762
5112
5706
525
2429
4635
2310
425
2762
2762
1893
4197
2543
396
1183
3139
3822
5293
2200
4280
2196
623
4137
1429
1429
3410
3485
227
4216
1033
3003
-1
4075
3534
3308
3823
227
1352
3471
2527
4891
-1
3682
5109
-1
4196
2334
2196
4371
-1
4238
-1
2937
2435
3249
-1
3753
-1
3577
3192
1044
2990
3302
1913
425
3454
3139
1429
2200
-1
-1
5402
3136
3372
916
3981
1405
937
5354
25
3007
4155
2324
2196
5547
1712
4309
2576
2501
2494
5165
3997
-1
1601
3621
4682
2440
2196
1681
5744
-1
623
4741
2383
5388
5340
3955
596
895
540
25
1427
1320
3380
2350
3682
3946
2838
5108
5124
850
1595
2041
3033
97
2767
391
3807
1016
1452
2976
1016
1601
-1
5063
1183
2196
985
2773
642
998
2200
3139
1931
3794
4772
2539
-1
4825
1583
3139
5062
2291
-1
2285
4966
-1
3591
16
2333
2178
2635
1796
82
5062
5271
4158
297
4945
5238
1586
4031
4654
2457
583
271
3139
1307
5362
2863
4065
2679
2675
5362
-1
4222
3115
851
275
3305
482
1349
1453
3461
5036
443
3139
275
957
1465
4158
1703
-1
3139
1405
2056
1898
2380
3504
4398
934
3003
4262
353
3139
5525
1511
5046
3241
4226
5402
4191
853
2364
2430
-1
1882
4090
5057
644
4605
724
2699
3026
3421
5062
5062
5062
1945
4851
-1
2148
-1
41
2285
2911
3139
4039
3139
1699
4332
1333
5385
4998
-1
253
4017
309
3139
-1
2534
-1
506
4039
5360
-1
1230
5695
3191
540
1170
2527
5671
4758
4598
4945
2770
3139
5564
2370
1584
857
1208
5156
5576
3930
5447
5254
270
567
650
127
1275
1468
-1
3537
4188
1417
1300
4348
425
4039
4264
304
2433
1343
205
1429
583
4078
4097
3139
3851
3043
3548
2196
314
504
1057
25
-1
2775
864
3139
4613
1012
2662
5402
2016
2158
460
5022
5174
976
-1
1588
5074
1683
5587
-1
-1
5275
1636
425
2072
3461
3468
1759
5455
5132
4425
809
2428
2122
957
3927
5062
2195
4615
-1
5417
542
2454
-1
540
4945
2825
3227
1586
2196
5710
5008
5029
3939
2724
1757
4484
1195
4362
2261
-1
304
304
425
993
1459
1699
1735
4357
4332
2292
3768
1480
559
3422
4824
2013
91
425
1364
5616
4966
1035
3980
2525
-1
1429
1145
785
1452
-1
681
3532
5695
3004
3293
1945
4756
1206
5545
3139
2398
3003
2685
3139
4109
4348
2759
5402
3139
-1
2219
5085
-1
5426
1583
4000
-1
2016
3882
3683
5434
2024
3875
3139
3812
4814
3068
227
-1
1307
2220
1307
3875
4505
5464
2196
4417
2813
116
1862
4877
1323
808
923
1044
5521
4235
1441
482
2762
516
3139
5156
5639
1506
1780
2409
4698
1437
4932
4763
4966
258
304
2821
5433
5402
1230
4718
847
2196
2321
-1
1699
5068
57
5133
854
1345
5671
-1
1201
2196
4495
1698
25
4492
5316
2311
923
1133
5068
1044
2090
995
-1
331
4158
2196
414
4130
41
-1
1756
4082
152
4054
-1
3139
3838
1914
3083
3139
2405
4073
730
3139
4158
1638
2839
2966
1190
-1
3791
3139
3599
4904
1169
105
1757
5693
1500
2196
2701
2484
2515
1501
2257
4055
1365
425
1722
957
1728
5156
-1
2028
-1
4959
-1
4032
1475
5271
4298
3467
993
5077
1926
778
487
463
2383
3241
2724
5049
5133
2465
4032
3139
2200
1601
1982
5304
3315
5441
-1
5548
4838
3953
2389
1313
206
5731
4312
3648
3711
425
4158
2538
4111
174
62
5576
1776
1428
3139
-1
5734
24
4812
4497
4998
1313
1051
1354
5402
4897
5560
1675
1727
5150
3391
3717
4541
2615
5014
1913
3267
3242
3343
4616
-1
3434
-1
2299
1880
3986
4457
3139
3412
4869
4633
-1
1482
1168
4700
3067
4002
-1
3651
2989
2153
1097
2689
3139
2164
1183
-1
5177
2094
5520
3447
5402
4453
5421
4516
4896
1605
-1
620
1300
5423
1300
1803
2509
4982
1601
1041
836
16
-1
3830
5183
-1
5140
2956
2958
3711
1157
3925
-1
4712
2362
1178
442
1473
1468
177
1313
1382
4075
5253
2778
3139
834
1539
190
2762
3591
4080
1544
3940
739
3273
102
53
1734
5491
3781
3654
147
3107
497
425
5013
-1
5195
1493
1126
4146
25
18
1318
-1
4546
5549
-1
3296
787
2122
378
4000
314
957
524
-1
3275
1460
3319
2504
3819
1029
1588
824
425
787
1583
2196
2200
4945
4130
4830
-1
1168
16
3623
-1
4762
25
2135
4823
4579
2200
2680
561
2168
4984
5488
-1
5145
2196
5271
3072
534
3000
5011
2983
2615
2454
2154
4039
1157
4919
4494
3696
3139
5729
1013
343
602
425
4272
2974
4697
3396
499
2079
425
785
1583
5267
5402
53
464
165
4671
970
4537
2583
2615
2216
-1
3768
482
356
5142
3800
2196
4226
4249
1339
706
3844
3519
2200
5571
3139
923
2238
4696
-1
5402
5402
5375
1902
2019
2243
1015
70
4311
5562
4808
2195
3291
751
1504
-1
1185
5205
4494
5556
5021
5097
3581
3395
-1
1938
5696
2196
3937
5491
3037
1863
3310
5362
425
1210
580
2762
3139
-1
5183
-1
248
1740
3003
3980
4419
4955
1081
3002
1106
5062
4139
417
3238
-1
3944
1653
2333
2333
4928
1405
4301
5387
1218
540
660
5648
352
173
425
3072
4829
2032
1542
2196
2478
-1
-1
4998
1550
-1
-1
4627
3500
286
532
5632
4142
923
1155
4512
5160
1521
2831
4342
1767
2241
1269
3489
4603
4235
-1
2327
3557
2615
4571
-1
2335
1429
4979
482
1313
1168
2619
1446
4708
674
5419
3553
2595
-1
-1
1298
4060
4974
1258
1800
2924
5090
1017
2066
3315
275
4154
1731
2530
585
4998
1149
5580
2189
4082
-1
5158
2653
2065
607
1681
-1
4050
2313
2146
4205
1583
4975
341
4493
2686
5313
1384
-1
5049
706
973
-1
2173
3139
3491
4689
3139
204
2862
1808
4142
-1
5582
4751
5022
3294
225
1622
5714
5410
55
4790
220
1980
5049
2189
1815
1465
765
2724
457
5502
1798
2806
1297
3139
1465
3139
5550
3139
4032
4966
1705
5238
2204
4975
5077
1725
548
1168
-1
1533
827
1639
1185
1689
2640
4532
2181
2196
5077
3461
583
3822
-1
1392
852
4265
4718
425
5497
1631
2697
3647
5465
882
1073
308
3139
2571
4142
1178
-1
3139
5062
52
2838
1843
-1
2548
1684
3207
2146
2935
4600
1799
5109
668
1178
2201
4673
3139
896
4966
763
2697
4188
3308
2200
195
1269
1722
909
4029
391
1116
-1
361
4335
1054
2285
1583
2762
2396
-1
2506
4945
1290
4126
2538
25
-1
385
3307
595
3139
2196
630
1405
5049
5049
5056
4709
5194
1168
5671
3139
3922
4611
2992
1897
-1
1949
4157
2986
5695
1260
2034
4528
3101
4849
1653
1673
2
5172
5497
4685
4497
4288
5491
1785
1368
4921
25
1526
2517
813
3003
4567
5222
3322
11
4763
5167
5190
5587
319
25
-1
4443
402
3832
4028
4006
5478
2153
2002
2285
5543
2148
318
3417
387
3139
4438
176
665
2358
2539
1432
4841
1476
894
957
5402
122
639
-1
3139
3115
3553
4945
3603
725
2526
1427
425
4454
5200
2339
2762
3139
-1
5269
195
2314
25
2619
3008
804
200
5712
2548
2325
4497
25
1298
1396
3139
5402
4545
4039
811
3139
-1
3371
-1
4910
2332
1178
1557
2825
2391
3046
2195
5103
2936
3621
4221
2327
3095
2724
4080
1167
3317
823
375
4444
-1
2911
3480
4983
3411
2348
2172
4343
3852
5104
3299
2333
2294
890
2619
1339
5576
155
3139
653
5466
-1
4471
647
3485
1514
5616
689
4007
1324
1647
2643
795
5083
4551
5601
3324
2619
3139
5597
2615
1157
1197
2285
-1
322
425
1766
2869
482
3621
2542
-1
1429
1206
4564
2919
425
1383
5745
5587
1347
161
2843
1273
5022
-1
3338
3449
4398
1083
-1
3139
121
1561
3139
835
-1
3830
2934
2669
845
196
1354
2580
1297
1596
3872
5165
1429
4778
1173
5617
2383
2673
25
1861
747
848
1356
1448
5746
5223
-1
1464
1785
138
3139
4604
594
630
4032
2989
1213
1719
3838
3975
4332
5587
1325
2142
1407
3682
4900
1186
5712
482
3352
2560
3139
5115
3775
2241
2408
4683
-1
4239
3317
2781
1235
3139
1298
1976
3899
3139
5587
4882
2620
1492
5566
2084
4498
5028
2083
2545
29
1221
803
2910
3621
5491
2294
4082
4413
3798
197
4720
1153
3850
4877
2269
3291
25
3057
-1
3046
1081
16
5292
-1
2306
1582
3256
1209
5082
549
3010
51
2556
363
1461
2273
3096
3676
2887
2021
3139
2814
3547
-1
3139
3095
2223
3970
1269
25
5053
5384
1044
3003
-1
3046
127
1583
5402
1630
1429
5131
1044
1412
971
3489
5049
3781
1696
515
3139
3
1044
954
4116
1475
5142
702
1408
1269
1809
2329
5503
1997
2996
2768
275
5378
2323
5712
3139
3191
5113
16
3139
2515
4760
4455
399
1809
2485
3378
3059
-1
4806
4348
1168
5475
4226
425
2948
5466
3240
5062
3822
3139
3109
4273
5499
3240
1095
3240
4458
5497
1361
2867
2762
493
2122
3139
3887
3139
4641
1307
5304
4396
4725
1951
4740
2196
2200
-1
3139
1326
5345
3760
228
4387
4167
1891
5284
3487
5293
-1
313
1386
1288
4125
2550
-1
823
494
1157
2196
1847
1296
-1
3301
1894
3399
3575
966
-1
-1
2334
3957
4142
2518
2823
4890
4720
695
3623
823
2470
5157
4703
1095
2316
2724
540
3139
2885
4040
3067
3308
4291
2196
5062
2939
482
915
3896
509
1821
5062
2285
2285
1818
3418
16
1957
4776
1047
4376
4231
3692
1786
3595
-1
4013
3208
916
4365
16
5247
4039
2946
258
2691
1429
1448
1635
3139
3997
5719
2383
1352
1149
2695
3556
2407
3139
5254
2667
303
1178
2473
-1
1142
5587
98
390
1064
50
2900
5521
1019
1588
4051
4138
3449
2689
-1
785
2787
-1
4039
2285
3317
4477
2986
5297
3308
236
1722
184
536
1452
4975
4861
2882
4396
1198
2646
421
5645
1672
1636
2196
298
3009
2016
4598
573
-1
3308
413
818
1667
448
2531
3436
2196
2450
3942
3139
1790
5402
3941
3139
5636
3920
1119
2491
4652
1365
4985
5409
3072
4809
5674
2922
540
2840
485
2420
1800
-1
3300
5587
1583
482
5402
188
-1
-1
25
1480
5003
1827
2245
5063
4497
-1
2176
1609
1636
5524
1083
5362
3377
452
3751
1759
1921
3439
4117
4621
548
1843
3641
1506
1044
4708
3142
1066
1601
1073
1016
3015
5133
4522
-1
1339
4039
4320
774
2227
3046
3139
3905
3180
3037
1144
1338
3139
3724
3395
4497
4778
16
227
3387
4900
2873
4945
1619
5109
3490
4689
1031
404
1335
837
3238
2882
2122
684
2055
1891
1063
2061
4494
1095
2845
3501
4255
5576
1044
4792
2164
2196
785
5247
3798
-1
5524
2122
1297
2443
1057
635
556
1909
3917
885
3937
3238
1475
2574
2925
3897
5717
773
3139
4733
923
5384
646
-1
3862
1931
2615
2702
1962
3263
-1
2798
1830
303
3139
1499
3067
4039
2838
53
3139
2138
2978
2196
4945
5376
5133
3139
2376
2164
863
330
3139
2615
-1
1663
1178
3072
-1
610
3710
4409
18
4442
5648
1352
4740
876
3651
2196
1120
4497
-1
2624
85
4144
3139
4038
-1
25
1410
3611
574
-1
2285
4972
25
2769
3336
4171
5546
465
1885
5148
532
608
1240
2948
635
4371
1268
649
2835
4825
193
3688
1878
2195
4438
5037
3251
2351
2146
1699
-1
2817
2247
-1
514
4406
5687
5188
3139
5425
1761
2327
3220
1339
3394
4038
3951
3039
1494
-1
556
4720
2202
3240
5414
3996
1664
432
5005
3880
3725
482
2195
2196
3139
1101
4890
1945
4828
5593
-1
5625
-1
-1
1081
230
4945
2766
2762
932
4311
3865
5523
1407
1475
2546
1725
-1
3193
4650
-1
3996
3797
25
-1
4039
132
1452
1730
3280
321
5402
2813
1307
5370
127
4348
3139
127
2196
3923
4414
1001
4281
41
2189
2890
425
2179
2196
2703
5695
1429
836
3003
288
5491
5020
3139
-1
-1
4093
425
630
3084
3813
-1
147
2247
2122
4574
3317
2762
3465
-1
2269
2515
3139
1937
3139
4276
586
981
2911
381
2971
-1
1588
-1
4693
3219
5210
5529
5122
427
5285
4689
5402
3359
2122
3139
314
3719
1930
2196
1671
3888
5171
1429
1482
2993
53
4966
5062
-1
-1
-1
5702
4909
3564
2196
5332
3959
3139
1032
5300
2016
350
425
5122
-1
400
3139
4608
1381
5587
5587
425
241
3430
2647
4125
1155
1583
2189
5512
1185
5213
2583
1778
4142
4966
1821
3261
2309
1917
400
4896
5271
5206
-1
5191
2160
1429
578
5724
2962
4484
3139
5690
190
3980
4296
4475
2813
255
3199
1307
901
-1
612
-1
284
4438
22
4509
4784
4023
422
4668
482
1623
2196
2762
5587
4021
5684
-1
3665
988
350
1354
1968
3422
3139
4526
3466
3119
-1
-1
1931
539
3583
485
-1
2196
-1
5111
3875
591
3139
-1
2085
1522
25
1269
1708
1800
3139
1564
3139
16
1945
3022
5606
3965
3139
3676
4187
5610
1202
2269
2174
2923
810
3806
3139
2882
5242
2926
3892
15
3292
-1
1543
4188
3450
1285
3513
4096
5574
1475
3747
3139
2858
2737
716
2196
1139
305
3644
5419
1185
1479
3037
5699
3008
1800
803
5062
1527
3528
1598
3139
2955
1452
2343
5095
2548
2462
5313
2700
66
4156
4689
1900
3756
5099
53
485
470
3621
625
2466
2168
247
5121
-1
5587
5377
1429
5062
2446
3765
3510
5244
3139
1019
844
4978
5475
3139
4865
3277
-1
3308
2285
427
2075
1782
3676
2364
5534
5661
4647
-1
1307
1095
3573
512
3139
4252
2274
4778
775
2285
-1
2196
5171
130
1157
1480
2762
5269
25
1016
1429
2867
-1
3771
358
3401
3621
2196
827
3591
3139
3621
41
2655
1608
5333
425
1448
3139
-1
3139
4966
96
5049
434
5539
700
1340
-1
5280
57
784
724
4497
3150
25
4884
1598
5087
5265
1292
4739
-1
393
4936
4142
1405
425
36
630
2660
455
2422
4966
3592
1157
4926
2783
4009
1300
2164
3139
4287
3404
1857
5470
1315
3676
546
5403
1405
2964
1112
5121
2881
4993
907
5003
4998
841
-1
3139
882
5362
5133
696
1307
104
405
25
2196
2615
5044
1627
2399
3139
3139
1348
5733
1576
195
1298
2164
490
5349
1374
3296
4349
468
-1
2813
3536
4998
3630
425
5380
1737
3139
394
2196
5506
2175
943
5305
1126
1058
3006
5439
304
-1
2154
2244
4052
823
2535
4718
1699
3013
3373
429
2529
5272
1313
274
2196
5419
971
3554
2006
1601
3695
1271
482
1834
1624
229
1139
194
2196
616
5682
508
1617
3615
2628
1371
-1
4491
3729
2532
5009
3139
5077
5521
3934
1095
3607
258
-1
425
2489
3139
3046
251
4986
451
3308
2619
2314
1139
5246
1429
425
5042
2055
1405
-1
4373
4966
4162
4438
1307
3265
2480
1601
2724
4732
1436
1945
2608
52
3020
443
3262
4141
5340
2724
4397
1210
1359
3139
41
1313
425
3581
3512
1716
5362
1298
5040
5481
4406
-1
3676
41
2328
2462
2084
5062
3991
195
3808
1321
1283
2098
3904
2271
4855
4967
-1
-1
5009
5291
1354
1157
1601
1931
5133
71
2122
2165
5080
261
5062
5344
5025
147
5032
4988
5466
4226
425
5497
3894
1044
1619
3139
1154
637
5133
2200
1429
51
16
3640
1642
5191
108
3721
4792
5193
3037
5001
2149
5350
5382
1579
4400
2207
4884
2989
1425
5587
275
1229
4720
2915
4400
1713
3695
5512
1178
3453
4372
1571
4654
2196
1778
1584
4434
810
4718
1619
2911
34
4007
2083
5070
1022
1979
5587
369
1686
2001
4243
-1
1429
5402
4236
1085
3994
5402
1298
1429
3405
3271
1588
2098
4395
4261
3790
1650
1915
1242
4763
1549
2098
57
3887
77
3742
2336
592
143
2703
1420
2882
5739
2200
378
4188
2870
3931
427
2196
530
1480
-1
3495
822
1147
5521
5062
4256
446
2813
3139
957
2880
4302
2807
4840
5719
2196
3331
5387
4902
3056
5062
4332
2722
689
3533
5200
4358
2671
4689
5276
-1
5049
482
2696
3139
630
1095
2065
2057
1298
5062
1583
1583
3754
2023
1779
-1
4783
5638
3139
3139
3379
1949
2376
523
898
4445
3676
1489
2663
632
1475
3139
3017
2196
25
2196
2122
1496
5466
3748
3880
2196
3139
3139
1602
5497
3139
150
2390
5551
3139
144
2619
1748
-1
1699
887
1288
3139
2050
3148
4423
4193
-1
2196
4007
3139
1155
584
1800
3833
1230
4721
2196
2375
4028
2196
4593
3642
129
540
369
3750
1613
2582
2697
337
-1
-1
3139
3003
2754
2301
1019
5685
73
2947
2423
2196
2512
5402
3139
25
3594
2196
3507
5402
-1
666
804
576
1339
2418
3840
4373
542
-1
3949
2014
3139
3822
3139
3308
41
5191
-1
3046
3308
3202
1298
5714
4458
1082
-1
4557
4720
3446
5749
1480
-1
3139
-1
4041
5362
4890
5256
4158
494
5238
3793
1178
2895
-1
2697
1466
1112
3139
5077
2186
3139
1339
842
444
1211
834
2122
5177
2615
1941
5390
1601
5571
4158
1570
4722
3072
2762
1244
2691
195
2882
707
1016
168
3717
3396
1371
3139
5271
4188
703
3217
3875
1491
1601
2196
5633
1687
3139
2196
2156
1945
2838
4014
3018
3284
-1
5473
1185
3498
5280
1429
378
432
4057
5497
5628
5595
4531
5309
2147
3739
492
3036
4960
-1
2200
3368
1016
2782
2762
2974
2572
785
1405
5474
395
3139
5362
2483
478
-1
2931
654
3266
344
2913
2189
5049
2196
4796
1575
4478
3139
594
1601
2345
1429
3106
2813
846
1339
339
1548
4339
957
3139
3978
1475
3095
43
3574
3238
2312
-1
2196
5333
2825
5359
1280
5096
3044
1546
3414
25
5547
3139
195
923
4732
4890
2829
985
4228
140
5333
1405
425
373
957
1003
708
4559
2762
4658
-1
3139
2911
2875
5721
4494
482
5496
3854
2649
3139
1206
544
5402
1143
4870
1372
5168
5062
51
2615
1185
899
4670
2825
425
199
3139
4623
314
3139
936
-1
5499
4826
4786
2392
4248
4792
3600
1781
3863
3156
2196
5241
5680
2830
4857
4517
4066
790
3804
284
-1
4497
673
4836
411
-1
1983
2784
1800
-1
1681
2879
2691
1175
1287
2564
4890
2673
3477
5629
2470
4364
3308
1583
2077
66
2657
2242
4682
3581
1060
5461
2788
-1
1675
3190
5587
1111
1101
3205
4654
1016
4337
1003
4596
3139
3139
3934
1012
3621
5600
1765
4247
5062
-1
-1
5379
4497
4549
3139
25
1641
695
5705
4618
2888
3082
2794
1300
4068
3722
1429
4030
2882
634
1016
2383
2615
3139
482
5062
2960
2934
5049
3384
2196
2129
4196
5094
1327
-1
4045
5402
4438
1101
4853
1938
5427
364
5112
5426
5733
3139
3625
4378
787
4335
4201
425
993
3123
2812
1273
3139
3308
1115
3862
3456
4203
486
3302
2664
2619
2762
339
5062
1210
2377
1800
2958
3828
5624
5068
5164
3139
297
425
425
3641
4890
919
4564
5068
5243
5358
275
1897
4176
4852
1307
1534
3724
645
5402
5714
3486
2345
2724
2196
5587
692
5102
3621
195
1427
519
4338
3784
1644
5211
1546
3396
835
3478
2239
4718
5473
3333
5062
4773
5133
4771
3369
2985
2164
3682
5003
-1
3580
2473
1855
3972
5362
923
4158
258
2709
1084
2976
-1
2724
300
2160
2074
5062
1116
4350
1282
4214
1781
5595
3651
2328
1468
62
5195
2338
-1
2097
-1
3139
2359
4513
3308
2514
4189
-1
5515
2697
425
5381
2553
5184
-1
3276
1504
1230
4890
452
2761
5022
5230
-1
5258
3332
5062
3385
3308
25
548
2986
2022
2863
3240
2818
1387
-1
4994
120
16
3139
3958
1067
2118
-1
3139
1282
4940
275
4060
5149
5049
5382
1410
4415
2390
3924
2367
3003
-1
25
4629
4000
-1
1354
4112
1681
1612
1025
1389
1429
4548
25
3637
5062
1219
4872
5401
258
4196
425
5619
5510
3139
5208
5541
1985
4444
4884
-1
3702
425
747
2376
2196
4426
2910
3418
5293
810
3820
3761
-1
4257
1746
911
4804
3878
2615
3139
-1
4032
2128
654
5252
2016
4032
1530
3485
482
-1
3429
304
857
4373
494
2427
2146
1073
3024
3626
3369
2465
177
5094
4226
255
645
16
16
66
1706
1681
975
3139
-1
5557
2285
81
5062
2615
3037
-1
3349
1210
1299
1107
4111
195
265
482
-1
2860
425
5402
3020
25
805
1298
1693
2196
74
1244
2697
-1
1016
4444
2285
425
678
2196
4383
1945
856
1010
5229
3116
2904
5413
4815
3418
5260
1374
2018
2974
391
1353
2196
-1
5175
2196
207
4851
5402
2290
3563
5356
5254
-1
5245
1298
-1
1043
4392
3428
5674
4351
3506
3308
5132
5414
4142
3496
5133
482
3139
1215
-1
3915
2522
2939
1809
2878
1439
1307
3297
-1
2195
630
1701
1504
-1
4373
4763
2070
2122
1405
2449
1744
4808
967
3937
92
4896
425
2250
2146
4005
1089
3879
1680
4142
526
2120
4142
-1
3592
275
482
3485
-1
4184
886
4397
2741
1095
2548
3046
1504
2164
4324
-1
3139
3040
-1
5696
4226
590
3904
3198
1902
-1
3139
-1
3736
3669
1116
3139
582
2476
4651
1230
5547
3474
3818
5671
1300
425
857
3496
3133
5532
115
3136
5742
5000
3401
2004
-1
5456
4447
1838
5049
1313
66
2196
4763
-1
3838
3996
5183
2046
2285
5155
3219
-1
-1
-1
425
4071
4123
997
5062
1692
3139
-1
-1
5062
2246
5667
1565
5133
4915
195
1038
5742
4188
-1
-1
3676
-1
5433
-1
1681
252
5402
3117
1936
4410
1429
1410
3484
-1
2036
2009
1465
2439
1178
3139
1588
5715
5613
634
5362
822
5154
3732
2548
5238
3857
-1
2189
3105
3918
3598
425
2961
-1
406
1918
2934
4000
1601
4389
1703
4045
2718
1821
3914
2573
227
2727
656
3108
5731
1475
-1
1044
196
5241
-1
-1
838
-1
1800
1083
317
5483
-1
1638
2364
2717
1355
1796
3139
4452
1509
4759
2137
5088
4945
5236
4895
4949
425
1998
2952
-1
24
526
2940
4620
1931
303
1313
3902
993
575
504
5026
3056
515
3285
3349
3401
1016
3045
2205
3226
2911
5669
1699
5491
1044
1168
1082
2417
2473
992
630
1647
-1
2078
3760
227
-1
427
2971
4329
-1
3264
5387
3364
258
2114
2285
5093
1821
4598
5221
1453
2762
3632
661
-1
1183
4943
5589
425
2196
2114
-1
2097
222
3633
4777
5215
2882
934
83
-1
628
1307
5155
4640
1501
540
2649
5254
3066
714
25
3139
1744
4277
3293
-1
4966
3356
-1
-1
5293
2012
4392
-1
482
-1
5477
3072
3139
4181
3407
4213
4162
3698
3649
3139
-1
627
3139
3139
3744
5192
5254
3860
629
2825
148
4361
4042
3425
388
1086
4991
1468
3392
921
-1
722
2196
2390
1749
1992
1636
3933
5318
1339
2200
5621
5414
5091
2917
1421
1881
5402
4754
4272
5285
4110
495
2724
1452
2825
5416
5062
16
4039
2669
65
294
2698
2189
-1
-1
-1
1573
127
2762
5062
564
2200
2203
-1
3139
1272
590
1809
1359
23
-1
1230
287
25
586
5402
425
1021
-1
5176
1307
1547
3139
2200
-1
3086
1286
-1
719
425
147
-1
5062
3682
3015
5262
3347
1668
5062
215
5587
4855
2189
-1
4986
1307
3609
2864
5479
5235
4944
5687
4153
1024
540
-1
382
590
4373
1702
1082
590
3107
3800
1044
1114
2146
5340
1016
1504
2988
5062
3081
4275
186
25
5431
630
3527
4074
177
3139
1075
171
4180
951
2361
1049
275
1246
3351
4524
5446
5402
5402
1352
1854
391
834
266
334
4120
4234
4158
5384
5369
2825
1601
4310
4497
4298
3113
5587
-1
5062
1316
3237
284
882
857
1829
-1
1722
4020
1357
4720
-1
-1
5695
4125
695
1122
-1
233
540
1291
2122
2196
4188
3136
5355
2517
5419
482
3290
1307
1157
1298
4059
3139
1619
2383
5494
4438
1206
-1
3139
4584
3308
5023
3989
953
4565
25
2319
5402
5283
4429
2196
4482
5062
2269
1551
474
4945
4163
41
3139
877
1006
3620
348
4785
4792
25
1465
1016
5576
3066
2196
-1
3840
5511
3686
3139
1427
3827
2005
1592
2122
3725
4611
3247
5533
787
3770
4513
3524
3136
3139
3996
2467
2196
59
-1
2486
-1
-1
3139
482
4196
1774
2058
4996
5407
3139
3306
2200
1731
3676
4801
41
5587
-1
2619
5132
3062
3845
4638
5402
3432
-1
1183
3650
993
2762
1405
3139
1598
391
3007
666
2462
4816
1757
5050
3107
1269
3066
2630
203
5433
1286
957
2196
485
2745
4330
5640
1595
3291
3127
1188
275
4993
4576
-1
1044
-1
3871
630
2426
3682
2146
1681
4076
949
1770
4591
4266
3933
275
1650
2448
2724
1298
94
5155
4497
3139
1608
785
292
3608
1601
324
3146
4406
4530
-1
764
3017
4438
372
1706
2558
3569
25
5402
2994
474
1681
2724
2107
425
142
3139
3139
2599
595
1792
259
2824
-1
5587
348
987
2281
1329
4158
1307
2196
3696
2148
-1
1214
5702
2719
5397
3517
769
2122
3139
4226
583
5109
4734
-1
425
3169
5022
52
3308
-1
3913
285
17
3580
1002
3293
3139
2958
4594
4135
1053
3991
4287
3800
1307
1355
3630
3565
1095
4763
2677
5746
227
2762
3360
2021
5295
993
3139
217
3838
5472
1448
4084
3496
5384
4777
-1
2948
3139
553
614
425
676
1650
1185
3047
-1
5028
3151
1731
5583
548
-1
1928
1606
3139
2565
4567
5667
1206
3693
1769
-1
1504
2089
2196
3308
4890
195
-1
4438
5247
2317
5491
2225
2190
2196
1242
3139
5547
5712
482
1465
1178
722
3916
3077
5151
288
-1
1215
2341
-1
5234
3638
1076
2462
3139
4287
3440
5439
1005
2284
3748
2269
2435
391
5271
3964
5402
5218
5433
3229
-1
4654
-1
5742
3485
3676
3526
2200
1481
2314
4994
5402
1589
3137
5085
3317
-1
5313
-1
5302
1830
-1
1703
3069
5418
2364
1700
1429
1061
2619
-1
1776
37
4175
1755
4906
861
-1
314
3676
3269
524
4458
3017
1475
1465
2156
788
1206
-1
1711
4332
-1
3450
1832
1579
1798
2200
4851
1429
2986
2987
5402
4989
753
5323
3885
5269
1165
2691
1361
4680
1601
4473
5077
2762
3057
138
370
5712
3675
5048
3588
3102
2304
4884
4625
2649
4595
5294
1800
2003
1143
1482
2825
4763
547
1388
25
4718
1775
2164
3139
427
5362
3783
-1
2100
5499
1837
-1
-1
-1
5368
3139
4900
4945
2738
482
3139
2435
378
3831
-1
5466
3139
4255
3139
2989
1313
2196
3132
593
5419
2278
4592
4815
1636
1718
72
1681
2682
3552
4207
2196
4596
4890
4792
604
4948
3479
4710
4226
4258
-1
1598
2762
428
2724
18
937
4761
4713
810
2167
195
1127
3189
1480
5553
1163
1478
5180
4226
3139
1568
-1
5402
833
3139
3107
-1
425
4677
3139
135
1354
4789
3139
4966
2395
1636
5602
4500
1071
1255
2605
285
823
2843
2390
4226
4777
3676
3367
1109
4750
3072
5218
4890
5209
195
4174
4158
2055
4713
3054
3139
1465
51
967
785
425
-1
-1
1681
-1
3069
126
3139
242
1865
-1
1405
4331
948
4956
5404
255
5061
2180
5673
5320
2462
742
2435
1307
3141
3834
5216
4654
391
3331
3623
5587
2318
1150
1056
-1
3930
1130
779
4564
1821
-1
2189
3761
5254
3375
3052
2285
2498
3100
3843
425
3057
5497
5453
4226
5744
1017
3382
443
-1
2380
4771
184
1475
4286
-1
4474
3250
1977
-1
1583
340
1339
2110
2122
5162
-1
5718
4998
4323
3370
1485
659
2085
2322
4026
4771
127
485
3415
-1
4654
4341
5402
1155
-1
-1
-1
5724
2084
3771
5195
3696
1217
1309
4561
1206
-1
1974
1796
1802
1427
5475
3139
1269
3621
3676
2160
1131
4070
1359
3139
1756
5021
3240
5062
3016
5426
3120
4559
860
4484
3003
-1
2654
5236
1020
1313
-1
-1
4142
1161
3499
787
1157
-1
3206
1071
5132
2016
3140
548
3875
-1
4890
4191
399
239
2196
3139
-1
2196
3401
227
4039
2060
4342
4836
1645
1016
3139
2183
3053
4746
5038
5414
4152
4300
1034
3139
25
242
5079
3641
-1
272
4874
4032
3841
1323
4332
3401
3696
4416
881
2479
-1
1187
1907
2982
3623
4971
3525
5189
4771
5402
1601
2196
923
4165
289
1717
-1
3057
2196
1858
3139
514
3510
45
1203
5558
2195
823
1924
2243
3139
2190
2196
3623
4484
5249
-1
5069
5133
4283
1540
1265
2828
4740
342
5053
3676
76
3711
1523
5062
5385
5402
5241
1859
1273
1178
3621
-1
4226
4922
5634
3308
3011
1044
1669
3508
1793
4559
937
5532
2196
2852
5028
715
1016
3838
166
1252
2298
2430
3349
1639
1354
1298
1044
2974
540
-1
4666
3820
2635
1452
3800
3452
5050
2066
1564
425
301
-1
2748
3139
5049
739
1601
-1
2196
10
5074
1253
1482
2458
3028
3139
3308
-1
5197
1332
2262
1722
785
5671
5587
2420
3000
431
1
2748
3890
2762
5499
1616
4569
1681
1727
-1
1313
2065
5587
2998
1430
256
31
3676
1113
1300
3676
5491
537
147
425
4039
-1
583
2466
258
2965
1699
930
1771
1998
3072
4851
5402
1636
3139
812
2196
-1
4003
3308
2066
4803
238
695
4609
4763
165
4499
3139
2830
2332
1044
5062
4007
695
5672
4744
2882
5484
4805
3139
2365
653
1405
1163
1026
1333
3046
-1
5254
5280
1692
2113
4713
1601
3240
2016
138
3178
2404
2911
449
1480
215
3360
1601
937
4188
25
1159
4826
3139
411
5471
1119
2615
408
2435
844
141
4778
362
425
1699
3323
-1
4005
4004
4287
4720
3360
1945
2196
695
4894
5311
911
3800
3559
1680
840
-1
2565
1281
350
1636
4727
1507
3139
2516
-1
1777
1963
4384
2169
1781
4657
5402
380
1798
1830
2861
3051
1196
425
-1
3755
482
2755
5062
4181
2813
4704
1824
3481
1601
196
-1
1307
3595
4792
425
4945
1220
1313
2876
110
5062
3676
5455
3139
4272
1636
-1
3545
1562
-1
5402
5164
1427
785
2838
25
4040
3134
2762
5699
2296
1148
1904
1429
16
937
4706
3139
4713
5034
1886
1877
1291
25
-1
689
4488
2462
3115
5646
1885
4039
1313
93
3139
3495
1307
1699
3139
2981
-1
-1
3139
4387
4371
4039
5443
-1
1230
3286
3491
291
1759
41
25
-1
1206
2339
5731
2200
4763
3224
5342
400
2452
4226
2762
3619
1218
2614
3816
2196
4298
225
4719
4158
2785
77
3709
482
-1
3969
3245
1045
4158
296
469
5402
5695
2762
4763
398
2511
2200
1157
5618
4204
4504
4890
5677
4916
3308
1480
4287
3948
1427
1814
4373
3308
1744
1185
147
515
279
850
979
4271
1640
4784
2619
133
2464
547
482
1867
695
1269
4170
3531
4069
4039
-1
5512
2196
2016
4740
4230
3584
5402
975
1890
4797
3862
1465
4373
5442
1152
-1
3838
5402
-1
3592
3003
5325
3260
482
1945
3970
5062
2200
5675
25
540
4439
2911
4493
3507
258
3029
5373
4658
5081
3711
1479
3875
1601
747
3523
1468
2445
1255
1269
1307
4332
4763
-1
4713
5310
1417
3308
427
5000
5595
3592
1623
1429
2390
1780
3718
1193
5282
4115
4064
425
1484
4360
4172
1044
799
1044
-1
1583
-1
987
699
1353
2390
3240
3573
2048
3720
1572
4048
177
5310
883
4520
2619
1573
2735
5028
2666
746
5402
521
1298
-1
690
2200
1504
2358
2196
4871
3289
3933
3838
1307
1400
1122
4161
640
315
3700
2145
5405
4255
4329
482
4127
3876
3139
-1
1337
1601
5102
3280
957
2662
5699
2122
2591
143
5402
2196
1131
-1
912
3252
3139
4308
3308
785
1504
4442
5621
-1
2676
951
4252
929
1222
2630
4158
1898
-1
2950
1483
5049
2356
3876
5028
1016
1846
193
4890
5497
4142
2825
1460
1662
3768
5576
630
2879
5561
4517
557
3139
2803
3944
2117
3003
5507
2462
834
3012
3000
3495
1338
1185
1671
4817
475
2751
746
1119
-1
-1
-1
254
4143
3139
1184
1160
307
5348
630
1999
195
1912
1174
4720
2277
1584
1101
290
2383
4158
2602
2592
4158
2379
4287
2200
1245
2393
510
2200
4787
4501
1183
4784
1168
1902
281
1077
5402
2673
5558
4821
1829
2285
2758
5022
3139
5200
5035
4521
5402
2844
1480
1313
1946
5412
2619
2096
4686
-1
2098
5697
2196
5062
25
1979
275
556
2948
601
5700
195
66
879
2998
5402
2884
5402
1452
4470
3974
1405
4222
1264
2214
425
1286
2023
3695
482
-1
195
1636
3570
2443
5402
5402
5481
5466
4460
2825
4489
2113
4958
16
3485
3875
-1
689
2285
-1
3935
3676
-1
1300
145
4077
2989
2615
1136
4569
2200
3650
4194
195
-1
53
3139
-1
1650
2771
1176
3139
738
3396
1402
5370
5516
5587
3182
4402
5097
3072
2907
4896
1284
2958
1506
5402
4998
3028
4533
2289
1979
147
1988
5554
3650
2189
5062
5676
2196
-1
1653
780
545
-1
2243
124
5587
2300
1651
1194
5062
5457
1681
2762
3824
1482
1429
75
3628
4476
25
889
5428
4713
2547
1429
4707
1037
2598
5653
195
25
4559
227
2762
4792
5062
5547
1704
641
2383
4878
1498
5062
235
25
2645
4149
371
4327
1278
4287
4975
1608
3139
4966
2135
3528
-1
5062
4981
350
3342
5392
3863
5497
-1
1504
4158
-1
2200
348
3313
-1
3308
657
3000
501
5509
482
5285
453
2122
2215
4256
2762
4839
1422
25
1102
3392
4496
25
5679
-1
3266
2146
5062
2019
4945
1139
3636
1058
4226
871
2285
147
66
5062
3357
916
-1
789
3706
740
1633
3768
56
4618
-1
1185
4966
2390
2350
-1
1178
3139
4607
1163
2254
588
-1
147
4771
2360
-1
285
5565
1427
558
1012
-1
5087
103
348
1016
3712
-1
2882
227
415
3139
4075
480
5587
-1
5587
5133
4038
5348
397
3130
1675
3139
5402
2200
2882
1465
5122
3088
5703
2597
2122
3880
1228
227
3040
1650
5491
1098
-1
2828
25
1588
488
4518
4151
548
1131
5519
3771
2196
1652
-1
5331
1598
5271
5587
-1
1636
-1
307
5297
428
3676
926
1699
4866
5402
2945
3824
-1
5402
2563
3131
-1
1101
3768
554
-1
1044
5402
1970
5156
365
5133
425
4684
1003
844
2805
1908
411
5273
425
3461
583
1830
728
2572
1269
2463
5711
5082
3409
1583
4158
2196
4945
147
2390
-1
1298
3240
1283
2196
2196
5402
3725
1313
5362
2919
1405
4484
3738
1405
2122
-1
4884
2135
62
1519
823
3800
5288
3737
1909
4998
2989
1914
2797
3496
2249
1777
-1
4027
218
4966
5663
4091
4377
5298
2652
5571
4260
3069
1178
327
1929
2144
2122
4832
5287
3727
2762
4494
2049
1354
2793
2196
852
3308
1729
1940
4888
2104
1313
5271
3003
5213
2390
128
3879
1249
4142
425
5671
5326
1573
4556
1800
5402
4014
5312
3663
5076
789
2196
2233
84
1747
66
2139
1601
3349
4650
163
4998
2763
2711
3072
5182
127
4748
2882
524
2874
5587
4933
3140
2196
4622
4188
2196
4636
377
4478
923
1952
5402
-1
3139
5419
3066
2500
47
4920
1727
374
3618
2440
425
2196
4081
2285
4771
25
3166
3946
542
2196
3003
4725
722
1686
1294
-1
457
1379
2561
1817
3139
5498
5062
4406
3046
2519
3909
402
-1
4836
1966
2243
3952
-1
2630
4962
594
1588
967
5471
1480
5468
1743
4391
1017
2863
1682
-1
4211
2963
3210
547
1676
2189
928
18
4218
556
5696
-1
891
3139
3996
-1
1449
3659
4555
2122
3139
3800
3887
3862
4837
1860
4890
4095
25
112
1902
521
3185
1991
5386
88
4098
-1
425
1636
1634
3810
1112
2364
2619
2740
1288
-1
1152
147
25
177
3003
2164
-1
3485
1958
3730
1298
5531
4945
4432
5132
202
719
1901
4728
2630
1835
2495
3057
5518
4972
3856
3139
2465
195
343
4884
57
3472
201
1789
5314
5587
957
3711
541
1736
5107
4039
5128
3139
4662
1504
2016
-1
2420
2393
540
1775
1888
4945
1119
425
2285
156
4040
2998
5022
5627
4598
561
2185
1279
5013
3676
5364
610
-1
3053
4598
743
5050
5419
4096
2237
1780
324
1458
1405
3621
5402
5505
158
2155
5712
2762
2164
-1
2867
-1
3488
1636
5736
762
4850
-1
3932
2591
1618
283
-1
713
4082
5391
5628
5331
5433
1798
4226
3139
1094
2192
425
628
1073
-1
1206
1465
-1
-1
5420
3584
1257
5611
1108
2631
3424
3582
3000
3289
3308
1754
5535
4035
4677
53
147
2124
1583
1806
1044
4889
740
2285
1727
1313
2882
-1
3822
324
867
1924
3353
2189
5551
5504
583
2710
1183
2346
450
4356
5259
3139
1140
632
5161
3386
775
-1
5432
1266
243
2901
5306
5313
5094
4663
5476
3717
2566
4615
2413
1830
2435
3838
785
-1
2122
5313
5402
-1
2629
3139
1992
2304
5659
41
2724
570
1809
4568
3139
1210
5101
3494
5172
2559
58
5202
4966
2196
3621
1498
3139
276
1568
3139
3058
1598
706
4945
4373
1452
2619
2212
5028
25
2237
2730
4373
1407
1058
5028
2703
5490
1210
-1
4811
2196
2724
723
3682
4011
2047
3287
53
1307
2200
2196
5744
5426
5681
4297
-1
1587
1480
3861
5685
4039
4325
160
2568
4843
2016
107
2016
630
3615
5049
5609
989
5700
3139
-1
4276
4332
4192
2390
5191
1103
3696
2648
5239
5694
4039
2724
5435
4890
4802
3911
1902
-1
445
25
739
4373
25
10
5293
2566
1019
3803
5604
5271
425
2200
3289
4198
2189
2471
4786
-1
-1
1361
-1
5433
1157
1680
3139
156
1465
1147
2196
189
5463
2198
1490
4073
2122
4718
25
1649
5536
25
4507
3139
2196
829
3668
3732
114
5133
3544
4040
3470
3308
241
679
4555
4779
345
1328
227
5683
785
3682
1313
1044
4836
2729
3590
425
1356
3046
2411
25
3621
1578
457
1496
19
713
3875
4700
4107
5402
1619
4945
1745
5576
4995
1465
-1
594
746
3475
937
1148
425
127
3601
3485
2374
-1
425
4016
2475
4720
-1
-1
2882
5410
600
3005
2154
1442
2146
1656
3113
1298
4966
1593
280
4517
2768
2331
4825
1948
2882
650
-1
2942
4208
5670
2482
3139
2196
2196
99
425
-1
4815
2135
3875
4348
2725
-1
882
630
937
4966
2295
2196
630
3139
3139
3988
3936
3279
1777
5412
1230
3768
127
1588
1778
3161
2619
4149
-1
2911
2953
44
1425
4611
-1
4815
2724
2196
1601
3567
425
5576
2503
597
1297
1586
3689
1551
1928
2587
2577
4270
5362
1263
2189
425
5062
5587
5672
4352
4196
1096
4200
1405
3139
3973
3139
3570
3456
630
1339
2713
-1
3956
3111
5680
2196
5274
1871
1153
3308
4653
5629
3701
4188
2009
5603
2253
147
850
766
2636
147
1616
3257
3722
937
3072
1777
1182
1269
2619
458
3341
4007
3893
650
2221
-1
5191
1331
5394
1601
5255
609
1549
4194
1697
4716
5076
2016
5336
760
5062
3015
5695
5219
3995
1695
3085
3581
4943
5370
2856
4771
-1
-1
-1
1650
1410
1320
4713
4142
1118
4484
227
3744
852
430
5217
4188
303
4491
993
3238
3139
5402
5518
3675
4924
5133
5664
5340
2728
1791
4513
5576
-1
4984
5497
923
5338
3139
2669
2651
5066
539
1203
5022
3139
2495
3192
425
4422
1919
1874
1152
3621
3139
5674
2285
3095
3139
1135
880
2630
3139
-1
1480
1313
1699
2863
4836
3764
3139
3308
4279
4701
4720
4150
3422
3139
2016
827
-1
4404
1362
2762
3954
2148
5402
3947
5706
3931
4321
277
1152
922
-1
1909
975
5703
1506
-1
839
595
3137
482
4233
304
3192
526
4012
759
1520
4479
2724
630
630
4902
450
3078
5433
1216
53
3066
1044
3303
5499
2521
3139
20
4181
4902
4632
450
5402
737
5141
5587
1452
4799
3139
3842
5062
425
227
1726
3427
4925
1185
1504
40
2400
-1
269
4890
5271
2420
1953
3856
4039
4718
3139
1887
5480
227
-1
2581
-1
772
5016
4718
1044
1583
4107
3044
2196
-1
3427
1095
5704
164
-1
2196
-1
4846
2762
2125
5156
2232
1628
882
5162
4945
2196
2934
-1
1463
1307
594
2825
3439
3072
4999
5557
2951
196
3115
3377
2619
5270
5402
2980
524
379
-1
-1
2612
880
3822
3139
5191
716
3623
4891
3139
-1
-1
4032
785
454
2974
1354
4299
2934
4497
4992
2196
-1
404
1452
204
4393
161
3833
2813
3875
41
4171
4878
-1
376
3095
3124
304
-1
41
5199
5587
5587
2435
-1
3139
1185
5396
2267
3139
1062
4226
1218
5626
1210
746
25
5062
1105
2016
4346
1872
2122
-1
4953
2150
1601
1193
4877
1890
2834
663
1129
4957
2574
591
1636
2762
4597
2615
3039
4884
785
5164
4978
3660
4510
3595
2364
2897
3278
5666
3679
3139
2333
5648
4702
5442
1922
1583
223
5402
3139
4441
4890
3677
4121
1354
5062
5022
4875
41
1727
5414
4255
1157
1244
1017
1814
697
3398
13
2555
2724
425
3098
1073
4283
5623
5462
1446
-1
1196
-1
3113
5081
1515
3451
719
3586
5587
5426
3289
1080
4226
4527
-1
726
3676
1872
1313
208
3514
645
1864
1307
1452
3621
768
785
1354
4942
1185
5497
1699
-1
3869
-1
4829
4287
1405
2134
4281
2157
1902
