2730
4713
25
598
1122
5003
4438
3164
3678
5068
3115
147
1825
2875
5576
278
4945
5133
2867
24
1016
2745
4884
2196
3139
1282
3139
3308
4438
3925
3682
5232
1083
3200
485
5152
5349
1813
5285
4784
1429
694
5412
2934
5432
3389
949
3139
1699
4945
5701
965
610
3846
3087
1694
4566
5422
823
3139
304
540
3139
1807
2610
3136
5695
2196
3046
220
2084
4992
3139
4600
274
1690
267
4162
5491
4679
4772
3695
5695
5641
4287
900
1462
3977
2709
666
1646
4654
-1
5156
4884
853
5402
2383
692
5466
4039
5082
25
4482
4000
1405
3222
5340
3443
1307
4951
4908
3240
3000
4158
3176
4217
1073
521
687
1012
3121
3206
-1
4270
3609
5385
1757
2084
2289
1993
5036
1350
4332
3158
2978
258
4718
2069
5714
2277
4037
5178
3218
1556
3066
4800
4516
1656
2749
1260
4348
-1
5329
4815
-1
1016
-1
351
301
2649
2349
937
1427
2850
674
3139
2673
3120
1692
3069
3377
4771
2255
604
3711
-1
5354
2891
1619
3611
1019
4720
297
5081
2154
2153
1298
746
1073
2973
1016
4890
5345
378
548
1961
3665
3888
3269
1206
1601
3377
834
1586
4226
5700
3139
4893
4489
53
3485
1949
5050
1601
5588
5671
2838
5497
3610
3822
4281
5254
1598
1770
2179
25
4298
1842
1210
425
195
3105
-1
2981
4686
3495
2200
2060
876
1928
1213
3272
999
3555
2669
40
3439
1798
1583
2882
2825
746
3583
3257
2285
2697
1450
1057
3479
2090
3139
258
4858
3834
906
4713
4408
2638
2762
5402
3440
3139
2306
1429
279
5491
5581
2430
161
1897
195
4139
4890
5238
127
2786
159
889
2196
2822
2196
4365
5084
38
805
5615
5558
1338
1800
1345
3703
2196
3234
3139
1620
842
4160
-1
425
415
1278
5390
5062
3139
4998
5616
5270
4373
3061
3253
4227
1654
3819
2525
1523
3875
3060
1667
3139
2626
3875
5499
5622
5523
3676
5077
5402
4524
2641
1362
4633
5049
3682
4598
2703
2376
2693
-1
3618
795
3950
2566
2825
223
1486
2484
1049
2778
2122
3139
3139
223
4471
4666
1016
3308
1601
2911
3541
1595
482
2165
4851
2967
3139
5507
2196
722
5160
4047
1504
2691
1616
1206
1816
5248
1407
5428
4032
1073
5049
5744
1973
464
5595
1987
-1
-1
452
1838
2196
4283
746
4890
3139
3308
3326
-1
3916
3003
3473
2673
-1
1572
4397
3139
3119
5044
3139
3000
5402
2378
4142
3141
-1
4497
5706
2825
2335
2383
348
4725
5714
1339
2839
474
1999
112
1405
3947
903
4041
5276
5133
304
556
3139
3091
-1
2722
3666
5468
1210
2444
746
1490
4428
550
1699
3821
1025
5199
740
2196
5402
5016
1513
3076
-1
240
2390
617
3352
5104
3117
1250
1175
-1
2227
4808
5632
2909
1054
5402
4877
174
455
3325
1659
2759
1407
5414
1352
2724
5062
16
246
337
1127
276
-1
2196
5587
3139
2882
2506
3139
3997
4792
1429
1800
1405
5729
4867
5402
3139
3024
5733
3363
2084
1297
2693
2333
5606
-1
1492
4110
-1
1543
5062
4373
785
3875
2196
4400
-1
2735
5695
5402
5500
1702
5466
989
3628
923
140
3687
5402
1950
2152
2164
260
1729
1874
4039
25
1727
5066
3067
2196
555
3090
5537
5049
1586
2882
1220
823
630
1782
2150
5481
3139
2200
1313
4166
4565
-1
1926
4011
3139
2328
3095
1684
4000
61
-1
3453
195
2287
4716
5623
5412
4727
4085
-1
2826
-1
1425
897
3017
1043
-1
-1
-1
1067
3862
957
1475
580
5062
4813
4493
1187
374
4956
1800
998
1361
5587
256
485
594
1913
2196
4729
2743
2138
4603
3881
3139
4473
4975
1583
2615
3035
714
2154
3689
4937
2489
3196
3150
841
1411
3863
3854
3157
1601
2125
996
11
2131
2095
3427
-1
3544
1323
4032
2719
4226
1601
2198
2071
839
1259
1924
5272
695
3257
1594
5402
3468
5571
3595
-1
5426
2998
4249
1841
227
1206
36
5532
1352
5433
3308
2823
1769
5734
1463
1452
1825
300
2299
810
2409
5402
1837
2931
5718
1362
1102
4890
4240
5621
3616
3916
2055
1137
482
2196
2507
5587
3197
5679
5149
4469
2830
1168
1777
1273
471
5522
4040
4795
5195
1210
1825
2954
1083
1056
3003
1516
3000
3037
5013
3028
4915
1339
3853
2390
2538
3263
3139
3413
1429
1780
3996
4829
-1
3139
2241
482
3139
3400
942
5497
3139
5697
4119
3015
352
127
2813
121
5000
3428
2308
1003
754
-1
4847
2200
1240
5390
-1
894
556
25
594
1264
1960
861
746
2662
1408
1103
4532
2160
690
2383
391
-1
2304
195
5571
2164
3770
2144
1354
482
616
4426
3139
2412
1798
5028
1157
2021
2986
-1
1410
766
5109
4884
-1
4039
3137
787
5720
5587
3182
2650
4878
2321
767
1709
2378
3165
4007
4884
1962
3139
77
81
1313
4772
2526
4890
5451
1307
1546
1727
57
3625
772
2140
988
3634
2196
-1
2958
3139
3680
1300
4948
1695
4497
3138
1465
524
1610
4652
5587
1148
460
3048
1601
345
4890
2952
3841
-1
2196
5467
-1
4371
4030
-1
4415
2517
3693
-1
429
2189
-1
4640
5271
2922
921
2825
5242
2196
2196
3592
2159
739
4188
5320
2965
1617
-1
2691
-1
425
1610
5499
3308
2381
193
813
3641
65
2762
3878
299
25
3086
2856
3310
4804
3139
5102
5497
2762
25
1641
4718
3139
1653
1354
264
5495
1073
1184
2780
3107
3156
1588
5402
3396
425
-1
2195
-1
376
3139
820
-1
41
-1
4388
1681
4960
1178
1429
3139
3891
1480
524
5333
1824
27
-1
2836
3750
787
1699
4014
4761
3264
3139
4393
4188
2196
4022
5596
1206
425
2861
127
3072
1320
2904
993
1112
5245
4512
1579
3269
4260
1085
5481
4379
3233
3139
4587
2833
1344
3225
1583
4329
5049
-1
1269
1078
3830
5621
2030
3939
1019
1300
4438
3139
2435
4871
3371
3339
4243
667
5424
5294
1551
3270
2482
2357
4264
1044
5645
4237
1775
2762
-1
629
5178
3880
880
-1
3139
1491
195
1168
2866
425
823
31
681
5133
3360
-1
2601
5293
4623
1050
1783
1815
5384
3358
2163
1307
5271
284
3139
5243
3139
3338
1847
5395
-1
2113
4744
2850
2691
4724
2832
350
4912
2285
4137
916
357
1150
2947
3980
1563
4861
5561
5505
1931
4742
1429
3278
3374
1731
540
3139
4105
3442
2122
3247
4004
3313
1675
380
2971
2817
4039
2412
-1
3875
2795
2196
-1
3031
1738
16
3386
1188
221
3057
1583
1307
1699
4000
3768
3254
1767
3308
4315
4925
176
5362
3308
4578
1215
2326
5402
1210
5638
5564
3641
4355
4531
2787
1168
314
-1
-1
4099
3729
425
4722
3224
-1
1206
1429
3814
3985
350
1786
4340
4740
3682
425
1008
3878
1945
-1
2267
3842
5200
5551
4499
3149
1480
-1
1501
5402
4903
3427
-1
787
3563
608
195
3699
-1
2050
937
2196
2416
4488
4014
4827
3930
41
3139
5049
2762
3043
823
5375
3401
3139
-1
1873
57
1271
542
1407
2189
2587
3346
928
5671
1178
1016
3999
4347
319
3139
1218
785
46
937
3676
2619
2998
1405
3151
4433
2344
5402
-1
2023
3307
1618
957
1168
2228
1174
237
876
2486
5323
3592
5185
25
-1
482
3139
1157
1054
-1
282
1914
4945
5526
1619
2882
1033
2732
2120
5419
208
4993
3139
4890
737
3490
2056
2023
3553
41
2113
963
5062
5321
3145
3139
2566
5473
4718
3806
4902
398
3139
3630
425
3892
4219
2016
156
5470
1249
1157
485
3850
1682
3308
2246
2510
1549
3051
5289
5413
1429
852
41
1201
1647
1178
5451
446
1230
118
-1
127
2285
746
110
5373
620
687
1242
3635
1779
156
4075
695
888
2196
-1
2619
4052
127
654
2614
1552
1953
-1
220
5402
4432
3041
4515
1136
4975
2970
5232
5405
3308
4454
4039
2615
2243
1522
-1
2888
5062
4050
-1
1313
2164
3139
1561
1297
1429
1618
2945
3955
5062
1178
3496
722
-1
3623
5524
348
3841
2307
2698
4855
2196
4229
1902
1794
4348
3800
41
4655
324
3879
583
3132
2442
2197
1298
3921
4682
4462
2196
3046
3139
4335
3139
1579
4142
3887
2023
-1
4000
120
2813
275
4777
2374
907
3139
4188
4571
1902
4453
5587
2435
4754
4986
1405
2230
377
1571
5331
3139
1530
1504
5115
778
-1
5742
849
583
-1
3841
4348
3159
4346
1277
1506
-1
425
425
-1
-1
62
4082
2164
1057
1280
3518
5725
5182
1116
5093
3139
-1
1703
645
785
3813
2101
3608
4039
1655
5038
425
195
2996
-1
4016
5241
2285
2440
4284
5712
1429
4357
3557
66
4225
1902
1692
5086
1332
2771
5655
2124
3676
4348
934
838
1116
3377
1230
5254
436
1705
1832
5056
3330
25
4171
2838
1899
456
1429
2631
1016
4697
2901
3791
1427
3240
5197
4803
4975
4226
3979
-1
510
402
3369
1022
2196
3340
3629
3591
5587
-1
229
4287
1405
1016
548
1298
4998
4471
3517
3411
4546
2386
-1
3450
3308
3505
1555
166
-1
2046
127
2548
5749
494
1300
1313
1197
4975
2703
336
3738
-1
3139
4713
5289
25
1475
4000
1470
2923
2463
2746
1205
4816
724
2770
2468
2762
3069
823
2196
25
2899
955
5735
4441
2664
4299
902
5402
4945
2736
3768
2825
4076
441
4246
2092
3880
811
3139
3621
3139
1883
3884
4418
3139
5063
2148
-1
5284
5031
1829
84
1226
3751
2634
1463
2034
127
66
1904
2285
4730
2762
1991
2803
1160
4793
2313
1637
1872
303
141
3740
-1
2681
5170
736
1016
1819
3621
3139
5009
5049
-1
1045
3139
3489
2708
2200
3003
1293
400
4497
1860
4158
1699
5402
1291
3139
785
25
4181
5085
259
3461
227
3676
2749
1307
3228
5062
3931
1601
25
5572
1149
1297
3510
4320
3771
1598
3689
-1
-1
2762
1995
-1
4007
4733
1623
3071
3028
5239
2367
474
2270
2228
3003
2221
-1
5257
1918
812
572
1212
3308
760
3595
2370
1699
1003
3406
1405
3046
1473
-1
4032
3139
318
1480
-1
5408
5133
937
1298
5534
1354
2333
4946
4529
3139
2196
4092
4836
3187
4383
3139
5122
1376
2646
1817
1410
3003
3418
2883
4633
4188
3139
1636
1636
309
3139
3139
4644
293
138
3115
373
4209
3104
5518
2615
2196
626
3726
5554
5442
844
1429
4378
1281
1945
2911
3028
2934
1065
2250
1371
1681
4849
186
3581
-1
425
4168
1622
2768
5330
284
3139
5234
3139
5251
3466
5674
5204
3701
3474
275
4333
5313
3689
1246
2407
79
2531
945
561
301
425
4757
4240
1583
3506
463
374
4007
5191
5587
3931
5195
2197
4742
423
5528
5133
2459
-1
2333
695
3139
3865
136
127
2591
4541
129
5014
1339
5402
3488
-1
4278
5402
3139
644
1547
1810
1206
2084
5241
2196
5527
5402
5384
2326
904
3924
1217
856
1168
5402
-1
5745
5566
2196
261
-1
1017
3139
3711
2615
1200
5413
2842
3605
5494
390
1129
2225
131
1307
964
4771
-1
2832
4897
263
2122
3722
4941
4815
-1
2811
3288
1652
68
359
5169
2858
1888
4589
1196
1795
1349
-1
3862
2097
-1
4380
1429
1465
3984
127
1073
595
41
2615
4840
5497
2290
2016
4717
2292
1101
3240
3139
2200
4216
851
5417
5577
787
3395
2326
195
3712
3883
2122
5213
587
1587
2196
3139
2285
1778
4082
2912
2603
2122
2792
1269
5587
5241
541
-1
16
2383
3970
425
5276
1427
1475
4035
385
5457
3303
5657
2122
99
1504
243
1847
556
2691
-1
3139
3139
1475
602
4771
3139
4362
1681
5433
25
2353
2085
5483
5119
1583
3785
2196
258
307
4226
2639
1643
1331
-1
4471
1379
1273
2021
3982
3213
4255
3139
2882
1680
1601
1313
2547
3566
4083
1581
1297
-1
2196
895
1273
2724
4584
497
1219
5402
2619
2003
606
4154
365
3879
4484
3963
1527
1307
1095
3291
1759
733
2962
3875
4915
4269
2061
1735
-1
-1
2877
5299
1699
1636
165
845
3438
4614
5062
2196
2949
3875
3861
5620
1429
1919
1105
4268
3255
184
1446
1559
16
-1
1475
4896
425
2523
2279
5150
584
4226
16
1444
2390
3382
1672
2376
3822
1584
1034
-1
1992
2055
2075
-1
3380
4945
2555
-1
3621
1944
3008
5579
3003
3321
635
2157
-1
5302
3822
1938
1774
4302
2630
3887
4658
3553
1480
-1
1157
2347
1307
4373
5271
1181
4196
428
-1
1477
3392
427
5426
2285
1611
3712
4639
-1
5062
2174
3139
4557
2164
2517
5326
1608
3978
3057
558
3439
4222
1354
1703
4642
-1
425
4938
4625
1313
2343
4763
2205
1845
3139
1625
4336
5518
4298
2023
2028
-1
2701
-1
1406
4735
5164
457
1465
-1
3175
2465
-1
25
4884
2200
-1
4039
3139
-1
3567
2788
3139
4611
2196
1651
4447
3836
2169
35
-1
4626
5273
494
2005
5471
4999
-1
4031
5398
56
1632
3530
3935
1010
3395
3887
4071
3139
4974
2276
425
4008
1718
41
4226
2147
1501
5271
3139
2549
-1
2662
2377
2110
3139
4282
2014
656
4143
1791
536
2697
5368
4226
-1
2196
2168
3003
578
3318
1721
5466
3753
5269
5430
2196
2338
3598
5189
3139
-1
482
1659
195
2200
2956
2937
2067
4053
3742
2819
52
5502
1825
1448
3904
3830
3618
3153
2876
4301
4691
2196
3802
3139
1429
1809
923
378
2333
2251
4535
5215
2401
3139
1429
4158
1487
5404
275
3139
1754
1824
3139
432
3996
2285
2196
1766
1730
2504
1601
4226
64
1945
139
3005
920
2269
5354
1588
3139
689
425
3840
975
-1
1829
4158
3139
4273
2698
2315
33
5287
2456
2285
-1
1210
2392
-1
5446
2196
3126
1821
1352
3139
1238
205
3260
5140
967
545
659
3435
1508
801
4675
1598
-1
1871
3691
1241
4446
4188
4721
1814
2440
-1
2320
1588
-1
-1
4657
-1
3640
3356
1044
3920
3798
1564
3676
5402
5587
2196
-1
5085
2142
4493
-1
-1
498
4078
488
5172
5449
5172
3038
2762
2406
-1
324
140
301
5359
3139
702
275
1044
5235
98
1583
3066
1307
-1
5352
1288
-1
-1
-1
1302
4677
1475
1568
2549
1480
661
5440
2825
4998
-1
2845
25
3449
1980
1214
425
3363
726
5714
3139
-1
5282
254
3840
304
3011
4127
1765
2190
3115
4063
3720
5724
5317
5228
3384
-1
2311
3479
1601
6
2724
177
5706
-1
1619
-1
4494
3399
865
1427
3539
3887
1119
5062
5370
3308
1775
4784
1756
-1
3623
751
4209
4332
4165
2537
5497
482
2077
4088
4097
1830
2617
4013
3003
2285
-1
247
275
2278
-1
193
621
366
147
3139
-1
3139
5028
1465
3762
-1
1469
4944
2902
-1
2515
425
4160
3046
-1
665
1745
2714
5402
2222
2109
144
3789
195
609
3170
1887
5543
428
2333
2562
5184
-1
850
2062
473
3046
1429
1480
-1
3933
1915
2269
3139
2196
1429
4332
5426
4226
2920
2238
1480
3171
2405
3183
5049
1876
421
4992
425
4568
4497
1374
1204
-1
2447
2333
5128
2390
4381
3139
529
623
2751
596
4158
2027
1922
3735
4453
3308
3989
4332
2531
3319
4534
1275
2619
4975
75
1526
1901
5599
5491
-1
-1
227
5191
756
2398
547
3907
2195
3160
541
632
2852
-1
3102
3496
2346
440
425
5009
2122
1791
4036
2645
1872
275
1621
3456
2598
1452
2186
1383
5135
4226
-1
5236
4158
192
370
-1
4596
4158
4019
-1
-1
2831
1820
3522
1727
1405
3938
2495
3139
3932
3822
-1
4240
3615
4763
148
350
219
3139
1638
2825
2533
2698
3308
5085
2513
5433
2748
2224
4591
3006
5674
4255
741
3139
5062
2905
1307
1081
285
1654
1147
2619
599
485
1047
1676
4371
4032
5246
404
544
563
1688
3308
1979
2189
3139
4192
2411
476
3312
1269
1155
779
2122
3139
859
2630
1049
1583
1003
1307
2231
5587
304
1604
4196
3918
2524
3223
2895
5402
3826
5183
3139
5081
3354
3139
4624
3763
5062
4993
2370
195
5673
3738
4763
425
477
5192
1818
3240
4611
1906
4067
2135
241
4226
425
203
5402
3614
-1
3003
2144
3191
4038
3511
5171
-1
3248
4359
1016
4244
2206
5475
1452
2718
1178
425
5521
1032
5487
2917
3592
4391
2769
5053
1360
2455
1365
917
2149
5270
166
1601
5049
-1
4152
425
4945
2548
2016
4534
4826
594
1452
5062
5062
3725
1012
1178
-1
5109
4763
3139
1583
951
4718
2196
-1
3139
5493
5028
4505
3970
-1
2167
1286
2503
-1
5133
282
443
4092
1323
4188
4846
-1
2898
3587
3308
-1
3185
3349
2605
57
-1
2881
3676
3396
-1
5426
5304
2724
4511
432
3339
-1
1286
5247
705
1798
1601
2191
3485
1465
1438
5626
3139
4900
3696
3621
2146
833
430
-1
1285
425
1319
2196
2676
4890
2911
3072
-1
-1
2724
5132
695
3056
2196
2615
-1
4427
1192
5696
5129
2352
2196
3073
3496
3329
857
2595
4127
4966
4615
4585
5402
425
5313
3346
1686
4977
967
5525
327
3580
4188
3139
3139
2411
2869
4799
2285
450
5587
2762
2216
559
1087
5071
-1
1850
3003
2086
5587
1601
3331
3875
1482
5119
3980
4280
5531
2196
899
4972
1798
3786
2798
3633
5060
3748
4281
2243
2622
418
4835
1687
1166
1452
2762
5402
2161
5094
5473
187
787
1719
4763
25
4276
196
2060
3994
1261
343
1839
850
5415
4723
4341
5442
2285
5370
5690
521
4388
4538
1480
446
2621
4287
925
957
2882
4839
-1
111
1437
-1
2615
2317
227
326
1907
2535
2884
3192
425
5156
835
411
2975
5049
1680
1157
2676
2762
3641
234
4759
4878
5565
1833
-1
3072
4107
5049
5062
4586
1588
3139
4107
427
201
276
5473
425
-1
4235
4158
89
5699
3696
1933
3800
1691
4990
3489
3316
-1
-1
3893
-1
3996
4032
4276
5709
4507
2196
-1
5434
1429
41
2304
5431
4478
-1
3015
425
3800
2259
1313
5310
4929
3711
425
-1
-1
927
1949
25
1079
4517
2775
3128
3139
1704
1119
3283
477
-1
2828
4920
2569
2200
3427
1480
1429
2828
4222
879
4174
5083
3931
-1
3245
3291
4832
1692
5292
1115
2078
5118
1304
3864
2202
53
3040
1058
2285
-1
3618
4234
-1
1601
3948
3139
2172
41
1448
4158
2825
425
-1
1701
3139
5049
2825
2383
4646
3737
1825
5629
3107
3139
-1
1269
4115
3139
3139
2841
5049
1002
788
5744
1618
1083
1056
2724
2296
1800
581
-1
25
25
1803
5188
2390
2285
3817
4994
4922
-1
2196
3304
2480
2016
1158
1601
-1
3130
2690
-1
29
1583
3017
2575
1152
2762
3139
1313
3219
2717
5719
758
2572
1429
4761
590
-1
-1
4324
5547
2071
3696
3139
686
2382
4720
364
-1
5529
744
191
1699
4720
3460
4774
4409
2243
953
3139
666
3139
-1
3872
381
3731
4209
3856
2644
1083
1546
25
4984
1119
1948
4389
5007
2907
5363
4007
-1
4039
2619
3788
185
-1
3922
371
-1
-1
-1
2964
4844
3437
3002
932
1588
1765
51
2160
2474
4445
5442
4553
2762
5127
4792
923
3838
4700
4228
3911
51
253
1286
774
-1
1405
2164
561
4476
2196
25
3139
2737
4054
1157
4342
2682
3376
5074
2194
1283
5034
1118
2567
3676
4169
739
2122
946
4648
3681
4373
4763
1307
-1
4005
3107
-1
1806
2177
1601
3139
437
4350
4720
533
3860
2258
4188
5426
5402
5714
3139
323
-1
4417
4130
3139
1614
4039
1054
-1
5426
907
2196
2196
-1
3716
-1
1840
2527
3592
3569
5338
815
3688
3139
4039
482
3139
4124
583
3139
4373
4921
4851
1080
25
3219
1958
4561
937
2189
5049
4569
5133
1062
4252
5316
1739
5336
5003
3139
3937
258
583
1968
1429
3833
2825
3344
-1
1588
1922
4890
1791
450
1263
4998
-1
3431
5313
3662
3509
1334
1637
4420
1119
-1
3139
223
5402
2651
-1
-1
5609
3621
2605
-1
2859
1832
77
2615
3139
4073
5318
552
2122
1185
147
1722
5133
2072
5062
92
4945
5744
3252
1465
197
1112
3139
882
5402
1358
4749
4059
3305
402
1583
5172
867
4486
4226
258
961
5605
1433
1157
4598
2425
3095
2462
4306
-1
2064
2688
5092
3830
3663
5164
4093
2196
556
2594
-1
3306
4208
3025
3139
5587
2196
5062
1122
3003
3057
1170
5250
770
1985
1601
1787
2545
2364
3745
1298
5402
745
3807
107
4890
4828
1354
1185
265
2119
1475
227
3456
2189
1178
5364
5133
3139
3592
5310
-1
-1
2200
2117
5264
5402
4833
3139
1399
2285
5062
1759
5219
-1
-1
1139
5062
2023
5278
4636
-1
2243
1530
1583
2762
2127
1799
2838
5362
5062
3062
2446
2130
301
1312
425
5274
1969
4723
1564
2131
324
3139
3581
5148
4503
-1
3621
5425
25
1161
2534
4823
3869
2196
227
1313
-1
-1
3016
2196
-1
147
4957
482
-1
3769
1583
-1
2196
4371
771
482
304
929
1821
2531
3139
1510
2122
2576
5062
936
5402
1664
-1
2766
1311
-1
1699
3924
2285
469
1601
1405
1163
2485
-1
3833
195
3482
1273
2656
3095
973
2703
3139
291
3943
4274
4707
2710
2724
425
2790
2838
4163
3627
2837
5355
3309
2195
285
2032
16
5721
3845
25
1482
960
5133
3139
3621
3139
5059
3139
1434
1828
2825
5097
722
3139
5330
594
695
462
420
2136
-1
5558
532
2189
4634
1699
195
4131
1029
3139
5206
4222
3396
-1
-1
1796
1538
482
2426
3139
5200
4144
1322
653
3010
746
2196
3139
630
25
3676
1560
5337
990
823
8
1365
5062
2043
583
460
425
4560
3161
3179
3968
4171
1692
314
1882
1885
1949
4945
1480
177
2200
3137
-1
1333
1650
1178
1681
2241
4896
3676
3139
3240
4130
-1
3139
3144
-1
-1
2747
4720
3139
785
2462
5087
878
1681
5271
4397
1044
2196
1480
2843
5493
664
4419
147
3324
5512
3765
1159
1185
25
3808
3890
4998
-1
4226
5269
2033
5193
95
2882
1482
844
2762
5614
2593
-1
2074
4935
4335
4751
4142
5024
957
4028
3003
4204
-1
378
-1
4196
1157
1788
416
2281
4406
25
1929
4400
4371
1041
190
-1
3623
3651
3926
5405
1328
1298
5499
298
-1
4578
4296
3139
1779
1307
5587
-1
3942
4763
3139
4044
3134
909
1909
1320
-1
5743
2417
5340
1831
4863
775
3676
3496
1949
-1
5604
425
2785
1636
2838
454
540
4877
4784
1793
5402
3139
4377
-1
4564
882
1198
3139
2164
227
3139
3621
425
1536
1705
5340
2122
2988
4777
378
3744
937
-1
4890
5695
2832
1670
1671
1955
4342
1448
3008
4255
3761
5009
4399
5549
2615
2400
2196
2911
169
3451
5704
5419
-1
5474
1044
3479
-1
3258
16
25
4884
2863
3139
521
2478
485
5379
1504
1178
5658
1583
4669
25
863
5155
1496
787
2196
5090
3136
-1
2051
5617
2219
3767
2269
1699
3308
1095
-1
2350
276
425
5357
2196
3650
147
4998
2196
1528
25
4582
3139
4616
3279
3991
1897
2285
2413
1635
3238
5133
2198
1504
4689
5558
2045
4647
1794
3256
2612
3139
2314
3139
3139
4226
1975
2000
5022
2122
3393
4378
425
1323
985
5015
5271
4497
1298
2016
4792
3068
5587
1307
2958
739
1916
3139
-1
-1
3641
1898
3139
823
2047
2285
4000
4998
2196
2035
1681
5576
4864
285
1800
3222
2388
5128
3139
3046
2449
5520
2984
2457
3580
5664
1168
1465
3139
3461
2462
425
-1
4963
3540
2166
3139
353
4049
-1
5143
3677
2196
2220
5712
4564
3682
3267
3840
4307
597
5687
285
1589
3311
4837
-1
-1
2196
5587
1583
1401
3621
4884
699
5174
3139
4004
1506
275
4109
3139
5213
1653
3838
-1
5177
2285
5376
1108
5627
631
1273
3378
4087
3875
2995
2196
4055
916
666
2711
-1
5642
923
2619
1946
-1
425
5695
1016
1330
425
1958
41
3459
2269
3269
4039
3360
3576
4116
2122
3367
5671
751
2948
-1
3327
227
4964
1037
4547
53
5610
362
5313
831
2183
2124
730
5269
-1
2196
4838
857
5062
5068
3840
195
4966
3350
3342
1298
4690
3139
766
-1
5017
3533
1608
4913
5232
3702
2269
2421
-1
5383
4677
3139
1182
2613
5049
2420
-1
1504
2243
1522
301
3768
1152
3913
5719
5029
3127
506
482
4029
4718
3211
957
5155
5414
1623
227
5254
2196
5201
2784
5562
-1
3410
5501
3676
3139
196
3139
2196
1763
2376
4158
4158
1923
1583
3776
3878
2619
-1
1835
3653
4973
520
2196
-1
5163
4890
3838
4039
4618
539
5667
3139
5062
482
3359
2856
3586
3308
4726
719
1814
2493
5586
2933
1340
1496
5402
3139
701
5676
425
2285
5013
4620
2903
4884
1021
4226
3139
-1
3139
3929
4225
1480
4929
2084
127
1606
1692
4997
-1
4890
5312
3487
4497
4497
1462
1238
1298
3139
4039
425
177
5402
5133
695
1448
4158
3676
2662
2196
1945
3499
1101
1185
1318
425
789
4537
-1
4193
3250
2196
5587
4009
1616
855
177
3208
3940
1117
1016
4417
3299
1722
2390
5499
4934
5062
1026
2160
2200
2137
25
2291
3367
3552
-1
5466
425
3139
1422
470
-1
321
3139
792
2290
1878
4841
2196
2455
5191
1172
2619
-1
4598
5102
4330
4902
3351
3946
2285
66
1306
4850
810
2173
482
2728
5402
147
1834
3139
213
2122
2755
2615
3575
2466
747
5313
583
3139
57
2008
459
1346
5741
3139
5366
4729
-1
2729
1235
1107
4635
4725
3201
5746
5402
2958
3455
1420
3445
1320
-1
5616
5060
425
4259
258
1583
1462
3621
785
636
823
1465
3139
4077
2154
3645
2761
2122
1651
1601
5020
619
5671
4245
1230
2487
5630
1465
4287
1681
1601
1300
546
1405
3139
3139
-1
1116
2054
3139
3415
5402
4998
3676
373
4654
3591
2399
3259
2145
1872
-1
-1
4945
36
1789
3139
3308
3436
5455
-1
3682
3668
3139
3077
850
302
3308
-1
3377
-1
2196
34
4079
807
2253
242
3882
5587
-1
25
582
4332
4221
3192
2466
-1
-1
554
4038
5475
2706
3021
884
2580
5271
2200
1800
541
2879
4039
2620
1044
5402
2196
3078
725
328
1821
4562
5062
1606
5271
1148
3003
443
3432
3139
3139
3072
5699
2382
2724
5253
5062
3523
5402
3367
3139
4494
3439
695
425
5062
3139
-1
1405
2615
3896
275
1800
1722
5736
-1
3401
1178
4069
448
816
2122
-1
984
3621
4004
4188
-1
5162
3238
5582
5594
3003
4629
2196
3111
5413
2211
5689
-1
2669
346
2242
1044
2647
1465
4779
5589
857
1427
5254
-1
3139
969
4411
288
425
3139
4458
-1
1183
1367
2544
1405
1532
4051
-1
5062
5269
-1
2199
5077
-1
2196
2196
4226
3003
923
-1
3793
4598
3676
1429
1157
-1
5673
3669
4945
1165
5362
-1
2189
4776
5226
4574
785
330
1624
241
3284
4771
1725
-1
4602
3139
3057
2196
4147
3875
3621
2336
3139
2938
4394
-1
3139
5153
836
425
622
10
-1
2127
3139
160
2665
3467
4633
4444
3394
2706
4494
1636
2583
883
5068
25
2932
3964
16
5726
377
2762
3139
5340
-1
798
5292
-1
3560
3682
3139
501
2156
4226
3641
5280
4740
585
4082
485
4272
2269
-1
1415
2200
1579
-1
1823
3531
4509
4829
195
1601
3559
2958
3139
5165
3139
1307
1405
2919
425
-1
1357
3070
2089
540
1298
392
-1
3430
481
3996
-1
391
-1
3046
4290
1601
2682
3193
4373
2350
3676
1307
1298
2091
693
3545
5063
4892
1239
1636
207
3139
2196
1755
5744
1717
1798
4238
-1
4860
5042
5576
2846
5491
1452
3621
5491
1964
4397
4226
1407
3280
4265
2196
1185
1853
1619
1149
4994
3139
934
18
2175
2584
3391
5384
5402
1314
3000
2654
311
4027
444
1157
1771
5710
4107
-1
2762
4375
4900
3093
266
1858
2659
5450
746
3139
5504
-1
2567
1753
2148
1366
4293
669
3003
5133
3139
5183
3189
2006
-1
1903
5341
3676
-1
4998
633
5183
1339
376
2269
4731
2150
674
3863
-1
5212
3931
25
5104
1003
5096
2992
3993
4450
4195
2196
1230
923
1699
1616
5587
5687
1814
281
4371
4710
1206
3003
1065
2014
5587
4331
740
2042
3308
4413
1364
350
3536
4018
2048
5685
4567
4444
522
-1
4497
3380
1325
4343
540
1446
785
3139
475
-1
1294
2591
1585
5402
747
1677
2806
-1
1941
21
1038
2724
448
1230
1748
4771
3194
4491
2998
5587
4226
1867
3139
3735
5554
425
5037
3673
4817
1564
2596
5062
5247
2963
3862
3895
2804
4471
3709
1468
3800
5412
-1
3139
1429
-1
-1
3160
3862
425
1488
-1
4758
5491
5183
2642
3682
3139
25
502
1414
3909
5482
4540
-1
4270
4753
2068
4975
1746
2689
2999
325
5491
1300
3433
2863
-1
425
2572
2762
4032
1152
1040
2196
-1
2196
1619
5576
3139
2164
-1
5618
-1
2191
3278
5556
1089
5213
-1
4175
2390
1189
4545
25
576
4750
1044
5695
5447
1093
324
5401
-1
-1
-1
922
5593
4886
938
-1
-1
2825
5664
2413
2200
3707
25
5133
5636
3139
4226
3166
4179
776
4192
594
4422
-1
3623
4206
3449
5402
5469
891
1429
3007
4075
3597
4926
3954
3139
2699
5001
3150
2653
3592
4728
347
1742
3139
1639
2197
3991
-1
2531
3592
1362
3095
4719
1535
4329
3458
4689
526
-1
1054
425
2843
2968
898
1722
-1
5331
1429
3781
485
5127
1016
5671
3599
5136
3469
3240
540
2439
1469
2864
5511
5288
5558
632
2096
5200
2122
195
1101
1427
4966
2697
5402
-1
411
3996
2619
4056
3139
5682
69
-1
2285
586
5062
4966
993
2925
5681
3422
2321
5733
3696
-1
2084
25
2724
2777
4181
1601
4005
4188
2196
5154
574
5209
1650
583
3139
3403
4972
3676
3139
4283
3051
954
3980
5587
5382
4878
5731
1448
418
4771
3139
285
557
2861
634
4998
5571
4121
2591
5619
275
3139
2762
785
-1
1459
1007
5675
2697
-1
3835
124
5580
1608
5642
5094
5633
4286
2285
3422
639
3139
4263
5407
4485
739
138
3308
2470
5062
4966
535
5272
984
645
3085
1351
5269
1681
3298
743
3766
537
2295
2615
3621
4815
2364
1545
3139
4155
5062
-1
1681
2391
1945
2481
1178
3178
1230
637
967
3674
3644
4500
3139
2300
425
2615
4425
1269
1633
5656
2551
4975
2376
5028
-1
3139
3561
1095
66
5389
5601
-1
2085
-1
1161
3212
1053
3964
2900
4884
5051
4945
5022
1283
2012
3930
3139
-1
1475
1307
482
3101
2370
-1
5176
1796
4502
2813
4487
1504
4019
2196
517
2563
2540
42
4039
-1
-1
2515
2950
1512
162
1178
101
5195
1892
3971
1843
255
-1
2196
4494
5049
3768
1347
3086
2443
4398
5306
-1
3139
4878
5022
1425
3231
5472
1429
1940
3301
3139
1252
2285
1256
2198
2568
428
5028
1042
540
-1
2285
5571
4564
810
177
2843
-1
1333
4792
4304
2619
2367
5538
1629
2196
1044
4298
4298
3114
4142
1790
133
5515
4068
2
315
3180
2122
2200
2418
4297
5621
672
3456
3139
3242
-1
1554
1218
1479
3057
4599
3676
2590
4682
1245
4663
5695
5648
3139
846
3139
3095
1429
5068
-1
5416
1441
2200
2285
2615
1680
1849
-1
1071
784
-1
2742
3139
-1
3552
3284
-1
4650
2195
5587
4590
1372
5527
4396
3046
5364
2882
4718
2993
3139
3456
1011
1429
5162
785
155
2165
3240
1145
1499
630
1313
5419
4138
1061
1793
5062
2804
1891
3822
5173
5126
5254
650
-1
5448
4449
5300
2011
3139
4870
4188
5062
1258
4865
3139
5691
3139
4986
862
4438
630
4794
2557
5402
-1
-1
1502
4945
1939
5427
1044
4045
4933
2104
4521
1902
2174
-1
10
5445
2942
4985
482
4725
1902
2243
3139
3139
195
3692
976
5671
702
482
4371
4158
5062
2243
94
1555
-1
2615
5218
1382
1749
3628
-1
1307
2619
1056
722
3875
1297
227
2158
4331
3461
5731
3838
5731
-1
2762
2196
2511
2768
1221
-1
3989
-1
4032
5305
4497
2196
2354
873
2672
3139
2100
1178
-1
1081
3139
3676
4438
-1
2044
4923
1636
4008
4158
5009
525
-1
3915
-1
-1
2196
3139
3139
3139
985
1083
3589
2496
2285
-1
3139
3382
52
3000
3838
2143
-1
2375
5402
5402
1396
1184
3240
993
3616
3316
4142
223
288
4207
1601
1465
2991
2196
1817
1972
3139
2474
-1
-1
5402
1931
1570
-1
3363
1013
2274
3796
3139
4145
1891
3240
5402
1902
3937
1888
361
1185
227
5433
1405
3595
-1
4596
5069
2724
1206
1913
4039
2761
3053
-1
3862
4267
1186
2611
5054
2974
5015
3045
826
-1
425
3771
-1
632
2629
-1
3308
2285
3003
4732
-1
2203
5576
3221
1911
1895
50
5252
2015
4188
25
5216
51
882
1831
5546
1400
3229
1133
5402
480
5088
1480
4718
5402
-1
1353
2574
5702
5587
2400
3360
1639
177
3501
4998
2285
504
5714
5547
1315
1012
3676
5077
2396
5130
3606
2926
3081
1185
3554
-1
652
5004
3139
4210
195
147
1123
1016
1203
5479
1329
2619
227
2170
3039
5444
-1
4023
881
382
1894
3875
1442
3446
2483
696
3139
1313
1465
3875
965
4191
5087
540
3241
1327
1230
4125
2768
2122
5711
4080
1788
5062
3901
4588
1059
5466
487
4898
3768
4285
4048
2493
2084
1902
1230
2087
3456
231
1583
4696
486
3712
595
4226
4945
2018
171
4091
2812
1945
1395
3562
227
3700
3503
1054
104
3139
227
3424
1269
482
241
1313
3139
1425
2380
5384
886
4734
2612
4653
5108
4039
304
3015
3139
4158
2360
930
5035
2724
3933
3621
156
3600
3331
761
2887
4851
1206
2691
2285
261
713
4408
4457
1830
99
452
5740
-1
5429
2196
2684
4042
5133
25
4605
509
4072
3621
4792
3593
5269
3017
2285
3685
443
54
1298
3682
3728
83
1194
1209
2830
3308
746
2390
1449
3139
1931
3243
-1
2462
2541
3139
4808
5402
18
1476
2838
3036
2200
2285
25
3659
2989
3317
482
2697
1298
915
3770
-1
3581
489
1925
2966
5402
5360
3139
1268
5062
5574
4128
1264
4854
1035
30
5050
255
2882
-1
1149
4270
1230
-1
5258
1398
117
2790
3843
1830
-1
-1
5485
4687
3877
1681
1990
4664
324
5062
25
3748
1155
2156
3139
5062
5729
191
5176
4521
-1
3946
3724
2830
4133
4890
5155
612
-1
787
2196
628
4608
4539
5566
1168
-1
227
540
5673
4853
2196
356
975
-1
3727
3623
890
1337
1019
2615
445
3696
3375
3139
-1
2677
4310
4191
-1
2146
4258
227
-1
2796
249
4034
288
2974
4713
2635
3139
516
5671
242
3880
4978
4035
1269
3959
2184
4966
630
864
1616
-1
16
2050
3741
4936
1588
3037
1452
250
1996
-1
1090
-1
482
600
1826
3363
4701
5133
1571
5535
3062
-1
3869
5587
1321
4057
1384
2762
2318
1678
1501
3072
5607
1167
225
1038
4504
556
4792
1300
2296
425
482
2016
2308
4577
195
41
4628
5382
4492
-1
5285
2838
1307
5049
3139
5402
5086
1941
-1
4158
5671
1202
4743
782
1004
4318
3139
1255
255
2724
5322
3941
5019
2016
5062
5446
100
2218
1298
2619
5200
25
5661
3655
387
4945
41
548
1928
531
-1
3106
3148
443
1868
3139
4778
590
4776
457
3139
212
2553
2974
1178
4966
216
1829
4720
4319
-1
5650
4853
1910
4330
1072
-1
5333
96
5426
5026
294
290
5547
4876
3548
1313
3139
719
2691
3240
2408
5577
668
5018
87
5670
1381
-1
3749
2247
2615
1977
2196
4594
1393
2383
5345
4703
3139
3003
4736
25
-1
1706
5712
3953
2465
5576
2724
4699
2031
25
4890
-1
2521
4820
3421
2404
4763
2873
2390
1016
5273
2067
709
2448
135
5567
2055
3817
4672
5100
3139
1744
5267
41
4484
-1
1669
-1
-1
4158
-1
147
127
3772
4787
2196
2196
4945
2475
5332
1323
4082
1139
391
-1
4142
4248
1504
3276
1017
16
3682
3914
5340
4928
-1
2433
-1
4615
1429
1429
1865
5402
1504
425
1493
2863
4040
2948
3744
4226
1405
4693
249
-1
2762
3124
195
1024
5384
5576
3139
670
1316
224
4255
4188
3249
4158
5210
2578
3800
5518
1465
5461
3139
5005
3904
1772
-1
3108
5558
3568
2196
3734
-1
3135
340
2121
1240
2825
486
1965
4983
1266
2781
2630
5480
1242
4332
1636
3944
5590
3800
1716
4371
1099
1339
2196
4410
3506
3838
2122
-1
-1
25
4265
1044
1699
5370
5402
5733
731
2410
3069
2685
272
1429
5025
25
494
5085
2762
-1
2903
3732
-1
923
1054
4153
5738
778
414
2762
2884
2726
2414
2151
4461
1483
2209
5030
1017
2111
3704
-1
5597
3202
4745
-1
1407
5362
5049
1130
-1
3139
2226
255
2666
3066
2762
1822
2863
1019
25
718
425
5476
3487
4332
3485
4954
-1
4740
3937
2196
1012
1313
2271
2285
3279
3139
2384
3759
861
2757
1095
615
2196
3074
3274
2196
5402
1970
5653
941
-1
-1
2704
3441
183
3308
5491
225
5122
5497
1675
4788
1482
-1
5077
3308
122
2539
4567
3794
3323
3139
91
-1
1353
1405
1157
482
3152
3621
5112
3054
553
4510
4443
3542
1856
1686
5003
1989
-1
1769
1429
-1
3401
-1
26
4799
1821
769
1480
-1
4966
789
5465
2530
4784
5405
305
425
425
-1
225
3199
2825
304
4177
2400
540
4158
4158
172
1480
1877
1994
2019
5158
4732
3493
25
630
275
1142
3139
2585
5402
746
4680
1307
-1
227
482
37
-1
170
5028
4032
4563
425
5049
1354
3676
3865
4712
4045
2609
3139
3431
5402
2285
2673
1521
4888
1586
425
2608
-1
2122
5699
1429
5587
1313
1017
4021
5222
3139
1073
-1
25
2004
5091
2196
1429
3378
5587
4949
1704
540
5133
4720
1681
4007
5587
4187
3131
2934
2390
5062
1482
834
1354
5324
444
836
353
4254
1255
5027
646
-1
-1
818
5578
-1
1675
5384
1922
-1
521
5224
2911
1942
5385
5728
4075
2285
4378
3730
3046
615
971
-1
1405
630
3065
2762
3139
93
-1
1083
1230
4798
4966
5077
3139
5576
3139
198
4384
4039
232
2793
3465
878
41
4142
3280
3072
1661
5335
25
848
138
1890
236
4915
4226
3039
5104
238
5123
3139
147
2546
3139
1598
1407
1988
3072
3139
4213
3805
913
1185
2039
320
5390
3308
3296
4170
1754
402
635
4287
1924
4452
-1
4771
1987
2196
5109
2762
5466
2080
5008
1071
1178
82
987
3708
4622
4890
823
-1
747
2435
1805
4039
-1
2122
4362
457
271
2724
1091
3888
4371
4438
2227
1874
-1
3976
937
3139
5505
2243
2625
2619
1885
-1
2066
5049
1429
4896
5402
1579
5268
1194
3838
5364
425
3715
1976
2764
3875
4956
5078
1429
4914
4609
4702
1785
5197
1811
-1
2195
994
5576
1157
5128
4945
2810
348
2178
2023
2196
5333
3432
4024
2382
5194
3774
-1
425
1044
2694
3485
425
1244
-1
1533
1851
3418
4825
3139
722
2198
1152
1984
4720
1429
1475
3139
2689
3331
4497
3139
-1
3722
2949
-1
3917
-1
425
5648
556
2908
5466
216
5265
5713
5284
3395
5198
4818
835
2306
4536
1936
4177
4039
2627
5177
2724
1044
3139
341
5017
2189
3139
1471
3034
52
195
2098
2097
5544
127
-1
747
222
2698
4315
1683
576
-1
1289
3396
2657
3246
3265
645
482
-1
2882
5731
1168
-1
2196
673
2107
4896
5569
2762
3139
632
5669
2731
4978
1599
1417
3308
4393
3051
-1
3139
1407
1931
2200
1811
5629
2195
-1
5062
1608
1468
4912
5402
743
4621
4235
4822
3621
3139
-1
4791
4222
498
1177
4481
4158
25
-1
2196
5517
3385
391
2858
220
1706
4787
1230
3551
2927
1809
175
227
2629
3308
4188
5402
2844
25
4890
4550
567
4373
-1
5062
1426
242
5052
2748
4298
4971
5462
4641
5671
3139
5433
3607
3676
5142
2371
804
227
2751
2974
1693
4319
482
4498
2084
417
-1
3679
1605
3771
5202
1139
5471
2724
3289
3232
2724
482
3072
4853
5394
5695
1287
2860
1821
1429
2196
4400
2697
3951
24
1323
248
-1
630
4631
1979
5574
648
296
1243
3058
2464
3672
3800
4732
307
4233
2462
3139
4327
1823
5609
4518
919
1540
5576
3584
540
-1
1313
4272
5559
-1
4668
2122
3851
4884
2397
515
-1
3641
3738
2332
-1
4157
630
4226
5671
25
4612
276
4094
5671
-1
4739
3996
2697
983
810
3869
823
5651
5062
521
482
2196
5062
4552
-1
5714
196
70
2376
2146
2002
3512
630
4812
3626
286
1731
5362
3771
270
4429
5402
2193
4829
-1
2809
3813
524
4529
1514
4307
3588
-1
-1
1796
787
752
5275
2892
52
5028
3139
5313
-1
4763
5509
2196
2196
5385
2148
556
500
-1
5439
1320
5409
-1
1902
304
1636
4881
5471
4141
1292
1000
498
1809
71
4611
5062
5053
4360
1740
4132
2940
5723
134
5362
3676
2503
434
5062
1706
5466
4610
25
854
2994
3676
2882
4330
1073
5028
5548
1036
1777
-1
5336
3066
3676
850
-1
-1
4016
495
4575
2574
126
3139
4444
1663
-1
3140
295
5094
4497
1583
1850
4224
3619
1598
2619
5099
3621
3623
4374
5451
1474
4201
1044
3092
3804
2196
4551
1919
4465
3139
227
275
450
1003
4966
1303
-1
414
-1
4440
3676
785
5157
1987
425
5516
4555
76
594
482
281
2122
2724
4978
-1
57
5356
66
41
2339
5384
2328
4667
2341
1297
1668
827
1800
4911
948
425
1722
1601
2998
4256
3831
5313
3139
4677
3139
1744
3764
2380
1147
-1
66
4673
2498
641
5744
4635
5254
735
1480
1998
827
1468
1549
199
1583
3409
2741
1163
832
1583
1244
950
2863
4995
2497
1213
2285
-1
3401
451
1381
1044
444
2200
4032
-1
1480
405
2619
1781
2122
25
2531
1498
810
1016
3613
1153
5611
1971
2495
2129
3139
1634
2229
5402
986
3422
4654
3592
4771
1495
2546
5098
482
992
5336
2630
1524
2338
4011
2428
2709
1636
5479
3099
1602
-1
3139
5671
2135
4454
85
1343
359
2473
2668
1909
5402
5366
5047
1544
-1
3983
2350
4483
1580
723
-1
5551
18
-1
-1
583
3244
1800
2724
3000
3037
3139
264
4231
4721
4693
2615
25
4501
5077
2369
1809
1601
1658
1384
4373
957
425
4396
4188
630
4936
4226
3492
339
-1
2284
1601
746
425
872
-1
102
3355
3397
907
5402
5402
5414
4373
1339
2514
3697
2943
3992
3768
2783
5147
-1
312
2096
492
719
2867
14
4039
4491
425
3996
4039
3139
-1
3139
-1
2835
147
3748
2009
1781
3139
4808
16
804
4945
2355
3682
281
2019
167
2702
2180
25
1049
1403
1215
322
1966
4489
1290
23
3139
2420
1405
142
610
1427
1307
227
3317
2476
4000
4944
1044
478
3800
2196
2133
3848
4497
630
145
865
2016
2001
5062
482
5519
3844
5454
482
3103
1603
689
5262
5165
4912
1821
2196
5413
-1
2097
5002
558
2576
1044
3504
765
2196
5677
1724
3139
2669
5021
66
4314
967
3404
-1
2712
2422
5552
1350
3363
3118
5419
3838
808
5326
4188
1576
2196
1225
3237
1370
1138
3875
2559
268
-1
5497
4291
2267
4484
4823
-1
1661
2195
5259
3116
3594
2196
5156
-1
1309
5402
1612
-1
2189
2662
1210
25
1331
2383
2379
-1
2849
2583
5198
1854
1588
526
3647
1673
3139
5388
3308
195
4039
5149
275
3730
4704
5387
3462
1598
3139
1295
3556
1206
5309
5122
4164
1269
3056
1016
5032
3003
425
1793
1601
1405
4100
3139
2196
4771
425
590
2196
3139
716
425
5039
4469
2016
2070
1049
2196
4825
2350
1352
4226
10
491
2724
127
5587
3139
2123
1598
177
2285
-1
372
1044
-1
-1
5499
3547
1405
4781
4763
1429
827
2564
720
5114
2164
1154
-1
2882
1429
769
1313
3139
3865
1298
-1
2340
127
3059
375
5062
1636
5385
515
3206
4894
2762
-1
4806
5062
2762
-1
2154
4637
605
3139
4523
2189
3855
3558
5402
100
1699
1478
630
984
2857
3676
2762
-1
3711
4226
-1
3676
-1
3621
1453
5250
5065
2958
1206
3760
4812
3899
3281
3139
-1
4792
2189
3401
2825
227
2435
1768
-1
3682
-1
4626
3724
1206
5681
4555
1778
1298
2196
4689
195
618
-1
548
-1
4755
5132
1598
4136
2364
389
25
4039
5595
5402
177
1185
5049
1660
5576
394
2146
-1
1163
4489
2782
1681
3049
5293
5680
1030
5062
5442
1300
294
4778
5221
1171
1073
5518
2961
4332
1777
3308
2395
211
4438
2518
5671
3368
2196
1601
324
3139
5433
4484
510
-1
1928
2600
3621
591
-1
304
1269
4526
5310
4570
4681
5505
-1
1520
718
5271
1240
369
1405
3139
4784
25
-1
2200
3003
413
5703
3046
2672
4271
4718
743
-1
195
310
78
4253
5378
2333
4966
4209
1304
3051
425
5545
609
-1
1976
3139
5303
3448
957
3768
4519
3139
4787
1504
3396
4945
1185
1342
993
2390
594
5566
5587
2333
1465
1586
2762
1800
3686
4811
-1
5028
2196
2714
5369
3478
4604
1337
2724
5156
634
1095
1208
-1
5451
5696
5072
4405
2762
4125
4559
5022
2196
2435
36
3752
3139
395
3133
4084
3379
2619
1435
3779
5733
2194
3996
630
25
1112
41
3139
3980
5385
5595
3154
1601
2016
4763
2979
-1
5506
4632
3320
4414
4720
755
3308
2285
3676
806
60
4606
-1
410
4089
2196
4142
5402
515
4712
-1
5162
41
4106
1542
227
2619
5452
947
3250
425
-1
3962
5022
4110
303
5414
4279
3302
4406
5171
593
5649
972
3683
3615
4869
2911
4961
3046
3549
482
4158
993
2602
5266
2612
2146
5532
2753
889
882
5070
3573
1600
1881
5340
53
3308
25
-1
3075
3139
1185
3449
993
4082
2196
3494
3573
5062
2196
-1
1472
4945
3820
3139
540
-1
4685
3418
1017
4108
2058
1048
1244
4980
5405
314
1707
4406
3147
5140
2302
3519
5213
5249
3790
1804
5380
-1
3696
-1
-1
2098
2139
1777
-1
4836
-1
2884
2619
1257
1419
3289
-1
922
1927
2196
1429
4039
5386
-1
2329
217
-1
-1
3139
1167
3317
3142
4674
1619
2660
1307
2200
25
2268
4205
2971
3761
3838
4944
787
2098
630
3139
-1
4014
1601
53
3110
425
1681
4353
1405
1798
316
1764
3345
3139
3747
3472
1809
5224
2441
1618
1410
-1
4525
3139
1601
1821
2196
1405
4600
2096
5587
2285
4847
334
5466
605
4321
2989
2615
1044
4802
3139
3875
1601
329
2980
2797
1653
2655
1339
4348
4261
4654
4194
2168
3660
4142
460
1288
1249
3139
2499
4066
3139
2662
715
5346
657
5475
-1
1407
2196
5667
4689
4771
4149
689
258
2285
-1
1792
5609
2570
503
4949
482
1584
834
3752
25
1902
2674
400
3080
2543
3289
1672
285
1954
4945
3112
4998
1981
3050
425
1157
-1
2283
4579
4891
1074
5022
-1
5402
2200
4158
3266
3601
-1
2427
-1
447
2122
5203
5183
822
3513
601
367
127
540
2305
3676
5022
2196
1848
5062
5724
2649
2972
5671
2319
2285
623
2196
5671
-1
3521
2196
4879
1172
716
4300
5049
1982
3139
3755
5587
4113
4057
934
3997
4407
4196
875
2695
3139
2164
1359
3308
3139
147
1650
5062
858
1475
2412
425
4548
303
127
2877
1347
2273
2462
1852
4777
2714
2189
2194
2794
1014
1498
1058
4705
4966
-1
2948
-1
4460
-1
4890
5155
630
676
3162
1698
5404
2913
1368
3426
4404
2354
3267
5518
3676
3887
2860
2519
1917
4361
5151
4438
404
568
4966
5433
1157
4020
694
2974
2579
3139
5453
5730
4999
2288
4203
1444
-1
3994
1057
3711
5165
425
890
703
4401
1506
3696
2345
3167
3296
4158
419
177
2619
4226
4702
2096
5205
5387
2052
1618
443
-1
4093
527
3676
981
25
2016
3285
2813
25
1793
1638
1156
5362
4467
4247
2196
5457
3308
2864
638
1515
713
2998
2339
3615
1583
1071
3390
195
3856
-1
5074
-1
2946
2200
1796
425
188
3836
2196
3875
3139
2442
775
827
391
630
425
425
2880
4782
1518
3353
4987
3833
2359
4877
-1
1465
1584
239
2813
1577
987
5133
147
3220
241
-1
1313
195
3000
3139
-1
3480
1413
5625
5648
1636
1003
163
658
5587
458
3936
4706
2060
2122
2196
5062
4287
2196
3210
5062
9
5313
4900
18
871
5344
2508
3308
3262
3139
4280
3510
5497
-1
1546
4033
866
3869
5642
2825
-1
3349
3139
-1
5662
-1
5587
5062
4480
425
5062
3812
1134
1373
3139
1436
3235
-1
-1
4189
1902
202
425
4227
5497
1402
3579
2189
425
3139
1048
-1
3069
3139
1095
195
2943
5062
3639
785
5460
3139
1019
4497
757
1380
1965
1120
107
3139
4878
177
-1
5271
4437
3486
4431
5402
5200
3139
2189
5684
4198
127
1636
5657
3651
4464
939
1734
1273
915
80
2196
5207
1452
3190
2279
3308
995
4188
2372
4287
1417
1484
2200
1068
2055
5196
3416
4438
519
-1
3003
1681
3139
333
5109
4348
3871
2652
2189
3139
2886
5471
4773
2207
4643
5133
4615
3859
1114
3074
5648
5671
2597
5576
-1
3752
1885
5493
3139
4884
3696
3360
-1
4369
5530
-1
1859
4148
3000
147
5049
809
2133
2825
4479
1945
5493
4226
2252
1475
4916
4371
1588
2337
275
2285
2241
5497
5402
1429
594
1699
1452
2882
1313
5112
2196
3621
5121
2205
3348
4424
1119
5062
5154
4852
4709
1681
5142
4348
2624
3543
2189
1650
72
2096
5695
3811
1094
4778
1885
5573
5484
2532
1301
2196
1479
2464
5073
4802
3646
834
2813
4966
25
5022
4046
695
2339
5545
4322
698
5201
2918
590
-1
5692
5028
2550
2911
-1
3991
3378
1307
2724
2245
5387
3315
3240
4966
472
5685
3952
482
-1
4877
3139
4082
5371
2248
16
3566
982
3057
893
5587
3621
1335
-1
5068
579
1338
-1
4005
1307
5087
3139
5700
2164
4033
-1
4173
2715
5293
2094
4226
3675
5280
1793
132
2882
2435
5402
5144
4824
4986
-1
1410
880
5557
2263
1054
2986
3027
1550
3139
2719
4634
4497
564
5502
3146
5148
388
2962
450
5062
482
147
2196
5489
5419
5466
4496
4090
3095
4325
5166
2196
3139
4096
195
4373
5402
4199
3313
2122
4712
128
1601
1196
1313
227
-1
292
4888
5512
3974
-1
1230
5178
275
5402
2394
2373
763
4559
1082
324
3682
2762
4910
2867
5319
5049
-1
5062
4809
5097
1055
1647
1071
738
-1
4945
689
3139
2016
2813
3139
1429
2760
1479
-1
3328
4039
-1
869
25
3423
1287
4356
2700
938
3604
2333
5238
2724
4015
4567
5238
3337
2891
3215
3015
4938
1725
-1
632
1168
4466
195
2828
3621
1439
3447
5062
1952
1313
2196
4408
4158
4309
2724
1909
5439
2939
2017
2758
2020
2118
4950
2196
289
383
2977
138
3297
425
1827
-1
4836
4890
-1
3057
4226
-1
-1
4732
2515
4376
3096
2333
1405
1780
1601
-1
3139
-1
4256
1003
3275
-1
4662
649
2592
2462
4074
3139
2213
-1
1185
4338
849
43
3797
4906
2285
5474
1018
482
4142
3037
1016
542
2589
2822
4815
1958
5642
3271
3240
5281
2146
442
5737
3136
3496
1832
4720
783
5254
689
66
2154
784
1958
1095
2348
5503
5183
3000
1362
3970
4316
3958
3139
-1
1019
-1
547
5584
25
2196
499
2364
2196
2702
1308
25
3110
2079
5410
611
3869
870
4492
-1
2393
1732
3719
4932
2864
-1
4239
3086
5244
4851
2870
540
461
3800
2762
5031
165
-1
1470
3961
2556
1095
1044
-1
3481
1023
4763
1588
-1
5402
968
5402
5396
482
4188
395
905
3139
4924
482
1688
3684
-1
5062
1361
-1
2789
1467
4153
5022
443
3251
2217
2615
2153
630
-1
1979
2990
1324
2721
4349
3139
2200
5392
4213
5298
5402
1405
645
1185
2200
-1
425
4890
2200
539
4421
2196
108
4444
3387
1218
25
4555
41
2739
493
2189
1095
5466
3520
4733
-1
1155
1722
-1
4158
1307
1937
2246
2245
173
338
3573
890
2619
5176
1650
3040
2762
3317
2955
5707
2196
4081
5441
1598
-1
177
-1
3139
3097
157
4654
3139
45
5640
5133
5491
1931
25
-1
2135
5595
3139
540
3829
2200
4251
258
2200
4621
910
2825
5125
3676
4901
1480
3565
5133
77
1095
1161
-1
425
3676
5313
1636
2196
2950
1681
5693
5113
3654
5419
2196
2243
2185
3139
3995
3139
3474
425
3072
3139
2096
494
1569
5155
3857
3458
1647
4158
5687
4989
3308
3887
3139
4447
3139
3972
-1
840
967
-1
5133
4746
3641
-1
3495
1843
4039
1140
4808
5402
908
4053
3169
110
1681
3887
1743
3577
3139
3803
1480
114
2200
5712
5591
2008
3822
2939
2762
5547
482
5055
819
571
2583
4060
5043
97
-1
4209
5397
3945
1418
4763
4698
4000
4595
2164
3139
5247
2671
2195
3273
1624
25
4998
5271
4787
1185
3843
823
1639
4180
2122
4720
-1
3139
5343
3987
5062
5087
2582
3595
4872
41
4713
3139
5505
2462
4887
1584
5433
3037
1638
3139
685
763
-1
3072
2619
764
1931
653
2380
2825
2023
5326
4549
335
5706
-1
1761
1116
569
1313
88
956
4497
243
62
-1
2629
41
4435
2619
425
3461
2235
1185
2156
1019
2989
924
3507
2201
1210
422
5402
4733
-1
4053
5472
3934
2281
3738
425
4720
4039
4078
484
5433
2661
833
2435
2243
427
3139
612
1313
4339
787
-1
4654
4713
5690
1390
195
-1
2571
2124
4771
691
4123
1945
425
3334
3139
5049
4825
3629
971
2239
1722
44
3139
4002
2196
5227
2868
4178
3506
2114
41
5354
-1
275
3392
4981
5576
3903
5399
1595
25
1601
3649
5550
1031
4241
3623
654
713
5362
3417
1557
482
3815
5347
4125
5478
-1
-1
13
707
4890
1811
4026
5222
-1
628
425
1348
1914
-1
1168
2615
3428
1354
58
3057
2148
-1
4007
1057
-1
5402
1609
5464
-1
4008
496
2818
25
5111
589
3532
3139
4885
3487
1727
-1
432
378
1722
1664
704
3139
614
1298
-1
708
2196
2680
1020
1504
4530
2196
3057
2196
4200
301
2266
62
5225
1759
4142
2244
4352
-1
1195
-1
4771
1378
2619
2195
2196
1930
1681
3139
-1
3641
4109
1153
4226
1780
1420
3698
1131
1404
-1
5068
3887
4001
3308
681
3422
-1
4295
2196
3467
3308
2016
5336
632
3139
25
3139
1583
3783
5267
4358
18
2196
2196
3139
1057
4372
-1
4373
1183
3139
4713
3139
25
5475
1466
2663
2825
1601
397
2830
5288
1457
1244
3875
2501
3139
1269
5598
5672
4880
2678
16
2196
1183
-1
425
1938
-1
2724
3139
974
3863
3003
532
1846
4181
1132
2038
4979
-1
227
4482
2356
2016
1595
4159
2354
5079
2399
4769
5233
1686
5370
178
5583
18
787
5101
105
1044
4693
4708
3308
3676
3420
4978
355
1503
41
425
1830
1168
2911
-1
4763
1116
1193
2919
5133
-1
-1
11
1583
3577
3165
2516
25
-1
469
4043
3875
3621
1864
2167
-1
1294
923
2196
4193
633
5402
4373
3261
4193
4836
-1
4690
5698
822
3148
25
3584
2522
3238
1588
1095
539
2085
2195
2248
4039
3408
747
5028
245
1700
1185
1891
5695
-1
-1
2189
1077
226
5557
2707
5703
62
5508
3139
4373
4158
2162
4559
5033
3516
2813
-1
5733
2725
393
449
5437
4255
164
591
3139
3226
3349
-1
-1
3066
4332
1386
2462
3308
-1
1297
1095
5107
2989
3781
3216
3095
3139
4966
16
5339
5293
4810
-1
2196
3317
1648
2196
3139
3808
852
5674
5370
1006
2754
4953
787
4875
3028
1680
-1
3875
-1
452
5421
4351
63
2102
1583
-1
348
228
1456
-1
3139
-1
4142
4060
3973
4520
2122
1019
3838
-1
5028
281
548
2539
5491
-1
5521
3215
1709
642
287
2196
2435
2196
427
3040
4569
2198
2059
52
1935
5456
1356
3013
3139
1178
2065
3139
1889
2630
1662
4804
177
4373
3365
2281
1431
4966
1339
2859
5290
2200
3475
2285
-1
3528
2196
3641
25
4131
16
4287
4497
3875
425
3928
4967
583
1562
2016
4127
5324
-1
2523
-1
2164
1269
2724
4478
2773
785
2096
1405
2583
2879
4890
5122
5706
-1
5518
92
1183
3631
1168
680
2220
3991
2124
189
1009
1384
209
5608
490
3115
2164
2196
3514
-1
-1
2196
2189
275
4700
3470
881
2390
7
3800
937
2196
-1
3139
2153
2936
1341
1313
4506
993
1800
5402
923
739
1890
5156
5271
2265
3957
1956
1429
1681
5702
3207
3825
2558
2146
3381
5587
3756
2934
3139
3137
3139
728
3139
3238
1696
3003
2372
1485
834
3894
4073
1313
-1
25
92
-1
3155
4064
3192
4939
425
1549
5132
2615
1183
2998
5490
1999
513
3139
1601
847
5643
1601
1465
2949
5088
1088
25
824
1384
3227
5583
2281
2390
749
3582
3191
3484
3139
742
5049
923
2285
630
1452
5156
4062
1936
5140
1178
1230
1336
5616
227
277
4890
3139
4567
-1
1187
5419
4654
2115
1802
1465
3173
1405
4232
2049
-1
4226
1699
2093
3944
2067
1902
-1
3177
1702
1194
5293
252
1076
-1
2200
1019
4358
4142
4890
1830
3902
2636
4555
3139
1338
4176
3139
1427
2473
-1
5402
5050
1231
2196
3498
3139
1143
3642
3003
2882
425
3904
-1
195
3623
5402
-1
4484
425
-1
3761
2057
3602
4181
5694
3136
4158
2762
1286
1468
5155
5340
2196
613
275
-1
540
5381
540
2821
1727
3139
1582
2103
542
3682
1307
957
-1
3139
5402
5536
2196
5280
1511
2882
2628
4312
448
5075
2691
3308
4988
4671
1776
4158
4597
-1
1210
3357
-1
5558
4688
4549
4542
4142
-1
2577
-1
1184
-1
1223
2285
3057
1206
4153
4654
4074
2542
-1
3499
830
3139
3803
1482
923
25
1567
3084
4945
3401
5402
2181
1298
1044
3139
2122
3838
746
5616
5611
195
4470
1782
3077
2200
4607
-1
2122
2212
4280
5587
2911
3524
885
168
4007
5431
5402
1905
303
214
4611
1624
3139
1949
195
25
4126
1699
1429
-1
3139
5551
630
-1
425
2458
4890
3174
-1
1588
25
1504
2041
25
482
1631
2220
1893
5553
2297
1178
4718
4373
4317
4584
1185
3003
1054
5218
1210
4890
4107
2911
2374
4945
5402
3277
258
2679
1335
1500
227
2200
4929
-1
1480
2196
5512
1215
2200
188
528
1636
5695
1650
5062
4342
1812
16
4521
62
5095
4702
-1
3139
3933
4311
5402
137
200
4771
2332
-1
5134
1601
5322
5499
1391
1131
781
3313
4819
4303
5049
1269
4720
1407
425
4286
1505
5406
3139
1601
5254
5714
3725
2164
590
2189
524
5686
5419
833
1460
343
4250
-1
5022
2200
1692
1699
474
4555
2987
1928
5342
3139
787
2423
3100
3308
2876
1775
1178
2738
1601
258
3491
5561
3139
1371
1405
1565
682
3139
3484
2333
-1
2805
2615
4438
-1
627
4645
1097
3919
4014
5010
-1
3447
2200
2325
1862
-1
3775
549
2345
5402
1558
4416
2122
5062
937
4373
4890
3139
4188
-1
1681
-1
4323
-1
92
-1
4592
3139
4969
2040
3781
4181
1615
5221
3139
-1
2897
3072
4718
3508
3139
651
1163
3592
4287
3341
650
1307
3139
1429
1429
1073
5179
3784
3139
2196
724
5006
5436
2269
5145
5293
115
1681
2895
-1
3377
1016
4866
5131
1429
2762
5023
4890
25
19
15
2149
3946
602
3139
4598
4463
4683
304
1800
2989
1116
425
4891
4945
4533
4514
4611
4737
3139
3638
2762
1331
1298
3591
25
425
331
896
5080
4142
2196
5587
4474
127
5062
4158
2724
5402
3280
3920
1392
-1
5087
5732
2122
1945
837
5440
-1
1830
545
3141
5295
3695
2824
5547
-1
4764
-1
2196
2914
-1
2645
4940
937
2924
4158
5498
-1
5213
3192
2196
1468
1699
3896
583
2390
425
4777
5650
3781
113
594
2762
603
1269
3905
-1
5488
746
5171
3066
24
-1
5466
747
993
5402
1630
624
5367
1573
-1
1809
193
-1
5587
2440
-1
-1
3064
-1
539
3003
2196
874
2807
3139
1139
4086
2196
-1
1452
3139
4906
3852
3139
3537
5111
4856
978
5022
827
4265
5603
4615
3139
1429
1796
4996
5402
4815
2619
3754
861
-1
678
5602
4354
3400
5062
684
-1
5077
4158
1759
530
1269
5362
5333
5402
5595
3214
2196
3069
-1
-1
2182
3868
1583
1146
5688
1339
3139
2882
-1
3591
1844
2727
1616
2196
4118
3139
1374
3643
2438
1601
-1
485
2825
2986
1297
1752
25
2873
3240
5595
2930
2285
1588
3650
1185
1135
4927
5172
4236
2911
4495
-1
1095
3139
2452
548
3667
2989
3994
882
4649
926
834
695
2196
1480
4451
1468
1504
1282
127
797
4775
304
-1
1412
-1
3139
-1
4395
1230
183
152
5426
400
3429
2989
977
1307
3782
1066
477
4962
2122
594
5471
4332
5260
4080
2122
4998
-1
2243
2512
3240
3139
5663
1044
2368
2463
5402
1943
-1
4112
1339
957
5322
401
1187
2548
2267
5402
1272
25
5621
5108
2380
-1
914
153
5256
759
2097
4167
4513
5061
3714
2880
3139
5491
5729
850
2324
5062
229
2364
4135
3072
514
1898
2799
4836
719
2723
-1
2635
-1
1095
1429
957
1016
2453
494
3029
1809
5076
1452
1429
4890
5133
342
5087
1210
2762
1157
3366
3139
675
2750
2099
1054
2573
3697
1125
5587
3139
2153
3139
5254
2200
2460
2096
25
5318
4658
2874
4982
5695
2420
1296
3967
3658
1152
275
4993
4255
-1
1601
16
1168
-1
1681
284
1354
3139
2527
5062
5085
5497
-1
3739
4117
1843
1167
4998
4192
90
4902
3974
74
1354
2865
547
4796
4257
2098
3528
82
1675
1762
1086
4884
5497
4142
2330
768
-1
-1
2867
565
3003
3434
3240
1636
339
5419
4222
614
-1
3139
5629
1206
3308
1548
344
1636
5598
3628
700
2010
2463
4787
1494
2189
425
3800
4111
-1
2135
628
368
-1
-1
486
482
-1
4003
5393
2306
2489
2148
1429
4770
5164
1307
1998
285
2106
446
4222
1427
3191
4162
1592
4195
1480
5082
3372
1777
4039
-1
3139
1699
2200
3810
4387
962
1429
425
2192
3139
297
1465
5587
5402
25
41
4748
1273
4955
3485
-1
227
-1
2285
3139
3139
3018
2834
-1
482
3656
3596
4890
3621
116
1751
1664
5654
1902
5085
5433
-1
258
2911
1945
1405
1016
5364
1458
2195
1432
2390
3996
130
-1
647
2939
3139
2190
3743
943
4826
2929
1725
5687
2135
1096
2261
2063
2618
1298
2113
425
4492
2724
3139
3816
2825
785
400
3630
4287
-1
719
283
2911
5155
-1
4871
4032
1405
146
3139
4966
5358
3188
5297
3032
1012
41
3139
2325
4651
-1
4162
5659
-1
4010
5502
3148
3959
2603
1722
-1
5521
-1
1193
-1
5062
-1
2196
3980
2285
1101
1921
-1
315
5214
2569
5161
214
540
-1
5254
5236
4181
1699
4039
4834
1234
3339
4497
1498
4490
-1
5377
308
1298
3240
4226
4756
4371
5162
2516
-1
53
-1
4294
4371
2196
438
1588
48
1425
3139
4676
2867
448
2257
2985
5271
1039
2762
243
4104
2200
1584
5062
-1
3721
3676
317
103
5587
5089
4226
5132
5336
3623
5665
4193
1489
2615
16
940
3401
5402
5240
4456
5587
1479
2816
2196
4039
5077
5175
3617
1169
1298
2599
195
3730
3139
2841
2214
5112
630
5712
25
823
4720
1957
4689
5271
4802
5159
-1
-1
2082
3450
1504
3965
1848
4223
1416
1405
183
3023
2022
2196
4475
4185
1928
2724
594
3191
1016
1588
4522
5057
508
2548
1866
2286
1692
5402
17
5062
3163
3054
1405
645
494
4497
4720
3867
4238
4406
957
4945
2196
2083
3195
2934
662
1817
3425
3139
4859
-1
2128
4693
4142
4442
3875
3009
-1
821
4423
3931
5402
2645
5348
1085
5637
5062
2383
1681
1506
3622
5449
1005
1359
1300
66
3398
2312
4032
1900
4366
817
5463
1429
844
4725
2196
5384
-1
1307
4805
1326
712
3939
5466
1480
2762
-1
-1
4786
-1
5714
-1
3139
583
5574
4713
5325
161
666
3945
4945
4326
3711
5541
5402
475
4942
1190
1664
194
4593
1356
2390
3139
5551
5744
2825
3217
4591
2393
2619
4984
4830
541
1352
3830
3055
2155
3139
5612
4711
2509
5403
1429
4627
3289
425
1482
1897
1339
482
2724
2196
1152
2200
739
2196
4576
5595
1028
5314
2196
25
3349
3449
482
1699
570
5486
-1
5062
-1
5211
1452
3204
-1
2196
-1
3139
2619
5121
3595
3139
1507
3407
25
3713
5671
254
1465
1863
2801
2762
179
4966
4373
3095
993
-1
1151
5402
5195
3139
5651
5062
3181
1568
5181
4150
5455
3139
2691
3139
1776
1269
-1
56
4146
-1
2196
4654
3444
1126
1644
1931
5180
4559
3470
3485
-1
4983
4660
3139
2813
2285
4763
5049
1300
3139
4025
1627
823
3454
4502
3139
1573
882
1206
86
-1
4513
2196
1128
2164
1016
3308
1912
3392
2196
934
1836
3347
5271
4368
5521
1178
5512
1464
2328
4188
3046
4436
5402
5012
1044
41
3332
1427
1409
3615
3282
2196
-1
1354
4564
2581
-1
3980
5528
227
4517
1429
-1
-1
1713
1475
1681
421
485
467
92
32
548
-1
681
1168
2645
2066
3308
1781
4783
4947
1394
5287
1012
2494
2685
4058
4821
2853
2088
5402
3743
1626
2440
-1
-1
-1
4895
3448
3139
2906
3500
407
5243
1854
773
5507
3052
4226
1897
5587
1699
5122
2200
2495
4095
2345
25
5575
1098
1986
1808
227
-1
5387
425
1339
5592
2648
195
5022
2491
2200
2944
1636
515
-1
3210
2462
4315
4715
-1
2196
399
3139
595
1206
3333
1300
-1
540
3308
4158
916
1307
3139
5271
1583
-1
1796
5574
2560
3222
3386
2462
53
655
5639
5700
5497
3287
5048
4157
3139
3139
4976
5142
4740
4966
2430
3003
5716
3620
-1
4367
1636
4188
3641
3837
573
825
966
5313
5402
935
793
53
5304
-1
1902
3787
5049
4957
3139
5540
2196
1583
227
-1
3373
2813
3139
3682
5414
5140
2196
2724
4406
1429
3874
252
1211
5122
3621
5140
710
5613
2615
3956
4720
5110
3869
2703
284
1521
5362
645
5746
1253
4308
4986
-1
2323
-1
2450
5587
810
2196
2189
1465
5473
2567
2528
-1
2376
1339
5049
2402
1307
3636
3139
3317
1429
67
669
5031
53
2830
399
1601
1082
2196
2269
4966
304
4998
4040
4184
41
734
102
2778
-1
4945
1429
3139
227
1244
2122
3485
3315
560
1294
3467
4945
-1
4342
923
4078
4945
1389
196
-1
4242
1934
4966
3230
1506
1945
716
650
4966
2200
3022
1429
5230
5062
2146
1613
3139
382
4890
4276
5160
1996
2245
1075
5362
1608
547
2813
2007
-1
748
2282
1157
523
2364
-1
4661
1430
1509
3997
1671
3880
3308
3072
4603
425
4619
425
3308
639
5402
3650
3849
1298
1642
1463
2247
5664
4634
5262
-1
2586
3139
3292
2227
494
2294
2467
425
4298
3950
1307
3800
-1
911
4438
4845
1951
1283
5208
25
-1
-1
2196
957
2882
2122
1160
5348
2623
425
1111
1855
4630
-1
3476
2517
1405
5362
932
2338
-1
1947
3991
787
875
5362
586
2333
5402
109
1101
970
4482
2762
2084
2903
5739
5146
2496
99
4484
16
4238
2619
1307
4438
2882
2195
4995
2176
2762
1313
5062
5210
3139
4252
4651
1674
3139
1778
3462
936
2471
409
3139
722
740
1207
4468
2100
1379
5423
2451
1185
967
4521
3308
3876
3818
1712
1224
-1
623
538
3343
5598
2982
1210
4305
3671
2529
1101
2196
3988
5497
5513
4986
-1
2112
3308
4527
241
-1
5107
5671
-1
53
3139
3862
2882
-1
3592
425
244
5327
2838
5585
431
5154
2196
-1
3477
482
1578
5547
3981
425
425
4200
2383
363
2838
2114
575
1121
218
1756
2285
450
1298
2191
1776
1673
5191
661
3139
540
5475
-1
1313
2848
-1
1359
-1
2376
785
41
4836
2264
937
-1
1482
2314
1161
3736
1534
1230
3139
3870
5077
4991
2716
3139
3139
3897
975
195
4188
1978
3053
2437
-1
2552
2333
-1
5254
3107
2021
887
2435
1601
5714
-1
1313
243
2420
2465
425
4843
-1
2435
4040
753
786
1222
2131
1573
1283
1785
4882
3241
1823
1860
1152
594
-1
3396
1465
4287
-1
2574
1427
4272
4602
4692
1606
3580
1497
1601
3139
3003
1775
2470
-1
-1
41
-1
2976
-1
469
-1
2469
2515
2465
1017
835
5198
5028
3264
4161
2096
1230
3576
514
5362
4825
5223
5062
5576
4039
5353
4448
1601
3452
4151
2294
4720
2187
1058
1377
4670
3675
303
526
1076
3414
3781
1144
3513
5400
-1
-1
3886
3139
957
2960
3139
5402
2019
1800
2362
2196
1429
3725
1210
1636
425
1194
4373
2770
2538
3875
25
1294
2286
5156
3317
4873
1666
2196
923
4598
3621
-1
1583
1736
25
1298
1429
630
412
1001
425
1466
1307
3039
-1
1465
1583
4497
4393
2196
4007
-1
356
4760
5062
3296
1183
406
-1
857
1429
3139
3242
3123
2703
2934
1870
4733
1757
2838
-1
3089
425
594
49
4202
3139
5301
4718
3664
5340
3580
5402
1161
3139
2314
-1
-1
1830
4266
4966
1044
1178
3242
4114
3139
4097
53
3933
-1
2189
2361
3291
2196
-1
711
829
3650
485
2420
-1
5049
3706
3690
1608
2167
3139
5402
3139
4694
3405
2187
2196
2756
3139
5714
1173
3172
2256
3012
3139
4096
-1
4650
823
206
3113
25
257
-1
2651
5402
2306
2331
2691
25
5062
743
-1
3069
5587
-1
993
-1
-1
5164
3760
2924
1967
3044
5497
435
3162
3308
1092
2443
4884
1744
2462
2934
2691
3139
1084
719
5093
3820
2016
4437
1596
5231
1529
1313
5642
3676
1230
4877
2024
3969
4684
275
3139
3067
5062
4801
3047
4226
4313
1453
3777
4288
5391
-1
3457
-1
5123
5631
5402
-1
3139
-1
2414
4120
-1
3302
5190
1645
2772
4032
1699
1636
4220
5162
5587
3723
5616
3136
1109
5141
1119
12
5420
1452
275
5724
5496
1300
4720
4434
5062
641
5049
5715
-1
1016
4172
923
1780
1313
1307
2389
314
-1
4693
3139
4218
3139
695
465
1307
4613
5132
3315
3621
1193
2328
827
5402
4348
3792
3624
5082
3554
5419
-1
2351
-1
2467
5119
4032
-1
5279
3927
3875
3758
-1
1681
4615
1300
1423
1307
3139
-1
3238
1720
5040
1583
2652
5666
1699
5746
3526
3296
4569
923
2572
4186
2196
2445
-1
3887
1012
3115
3083
4889
3026
787
4275
5254
2696
1625
4197
3139
808
4934
1113
4807
2304
1887
507
1857
1974
425
4968
1640
1714
1279
4225
4038
24
3240
4999
1210
3757
1267
5122
5402
959
4230
4772
5285
3595
4944
4618
5587
1229
5258
482
3113
5214
5022
4741
2342
979
5587
2854
5003
2671
607
1448
852
3820
5271
2640
3906
5028
3139
2366
3590
3139
425
249
-1
1796
3139
2840
1777
391
2633
3139
4158
147
739
1902
2326
3139
5062
166
2691
1931
1195
4280
5497
3955
34
1104
4039
3300
4825
4337
1661
2403
1932
5028
-1
1176
2147
3591
2360
4402
1631
4874
1776
524
5049
1727
2350
536
2882
1757
2196
1354
5237
22
5524
2134
-1
3205
2489
473
1240
1178
5062
1004
4529
1703
3139
3773
4211
149
1649
2517
3067
5311
5742
5304
1979
2285
5087
4978
3889
5062
158
1168
303
2431
2390
3139
5471
94
5087
4197
2262
4142
1206
3621
1661
4815
1131
1307
3028
1424
5254
3507
2615
5362
3107
2794
706
1044
5165
1421
911
5616
3139
-1
4792
1628
3198
4868
-1
719
474
4792
150
-1
-1
3615
1593
2515
5714
5565
3072
5263
-1
2953
5062
482
787
4373
2016
4966
1019
2196
3838
2160
1452
1699
5255
5611
951
4848
4543
1179
5587
5587
2190
4998
2791
1481
2085
2196
1945
877
1475
2420
3308
806
1405
4583
3139
4111
5497
4455
369
2196
303
1297
4986
1323
1795
5218
25
1598
1546
4998
3370
4857
1428
4720
4493
5271
5742
-1
349
526
2762
1309
706
1708
2548
20
2122
703
2667
882
2649
5235
625
4890
2200
1622
1681
980
1455
3525
-1
2630
2837
5742
3033
4226
4287
1429
384
1506
3338
3139
182
3986
-1
227
3186
4890
3139
1216
252
25
3139
566
3827
2862
1101
3079
482
5254
5050
719
425
3308
5177
2009
3341
184
3688
2160
2941
4140
4896
2762
4177
4900
4125
3495
3934
24
716
586
138
258
4580
2196
1897
5547
177
3139
3566
425
5419
2196
2232
3809
425
3317
1240
4477
4576
5049
586
3139
2630
1354
5717
3066
5050
25
540
1015
2508
2254
5062
3412
314
2164
1800
2477
-1
3164
255
5510
4311
4484
4007
556
3098
1992
33
1861
3
2818
5194
5333
3139
41
-1
3632
378
2196
425
2682
1722
4435
1452
5062
2548
3139
-1
3139
1265
106
358
3388
2196
591
5419
5106
53
975
1330
548
1776
4720
-1
3485
1809
5167
4045
4966
3621
5183
4890
4012
-1
1482
4478
1016
4497
348
5168
4718
1650
5587
4214
3139
4718
3046
4262
5560
77
2390
3139
915
1800
4762
-1
2615
3041
1269
-1
3885
55
2762
590
1307
2830
3946
4713
1679
3139
2548
2719
3651
258
3139
86
4048
3007
411
-1
51
1262
425
3839
99
5124
2196
2126
3570
1462
2327
740
4415
4149
470
4915
2935
1758
2013
25
3491
396
4747
-1
3558
3718
285
1661
2160
2454
3471
4158
997
1229
5657
4555
-1
2374
5571
2697
3139
1793
5539
25
2164
5624
5280
1699
3139
540
2383
3057
5133
4959
4771
3136
4158
790
785
5628
5683
2183
2779
5049
427
425
1429
4689
4039
2285
177
3139
5013
3290
4226
2762
1443
2660
269
5652
1451
1070
3437
3875
1908
4
425
5313
2314
1427
2616
958
3139
1429
2473
2971
2096
47
2196
4508
671
3139
3652
-1
3527
4638
1178
-1
3648
5037
4572
1143
5378
4392
485
408
1313
3917
1284
2383
1465
4831
5062
5138
1711
1710
-1
2364
-1
2479
5132
1636
4185
3139
923
5271
5471
288
1
2260
-1
2292
5372
5587
3139
1232
3139
5435
3139
4556
4337
2146
1298
4158
3293
4786
1583
-1
57
4439
1313
3107
127
2554
210
1095
2998
5000
1310
1167
25
3427
-1
-1
2196
3710
4028
4966
-1
4608
2029
1405
2096
2825
3485
4280
-1
1427
484
5674
4618
3695
-1
1101
4763
2383
-1
190
1429
1697
1185
1270
3990
1313
1157
482
2195
2921
3485
2781
2249
3507
5232
2748
4548
5667
971
1255
2829
1244
4561
1291
3139
5328
3364
4103
448
-1
-1
41
3139
3057
2813
4344
697
534
4458
4082
396
403
1914
3427
2275
4718
5336
547
4746
3878
1681
-1
3676
5554
1657
1016
785
5402
3308
-1
5111
5458
787
2188
3004
1945
1963
482
3369
2059
5183
4458
892
1408
912
762
5269
-1
1254
2566
2420
1184
4151
1095
5291
4777
2149
1519
5699
425
1445
934
2196
2196
561
2164
2233
3564
1880
2321
5062
-1
3139
2762
3042
2814
3113
-1
425
2196
3887
1869
5477
1607
472
852
3139
5286
1307
425
3239
3657
5160
1579
3768
5402
5183
1276
1405
4122
4789
4528
860
3251
3840
5410
1598
630
2383
1313
2915
425
3139
5402
1083
2961
4287
4332
4708
16
-1
-1
3732
354
1541
2196
2894
2280
5254
3335
2815
3908
5497
-1
4430
1161
2196
1563
2997
1997
425
4919
2066
1183
4158
-1
5313
4929
660
51
3139
2195
3139
1427
2083
2285
5634
3629
5103
4156
2196
1228
5402
1405
453
3283
1352
5609
1561
2250
3800
2767
4733
25
2196
3294
3768
2472
1715
1100
2986
1429
5733
3308
251
3585
4855
425
3139
5712
-1
4564
5433
494
4332
5432
1110
1356
73
5217
3574
5326
3139
3063
347
3072
127
1387
1539
827
5729
3308
3066
2666
1452
482
3240
5443
5514
3140
2385
2122
4513
-1
3139
195
5466
3572
3139
2364
5587
1737
2196
391
-1
5046
2016
379
1407
5235
3603
4958
-1
4833
5418
588
2269
5705
3184
2285
5296
-1
1155
3637
-1
3044
4385
2200
3439
1313
5402
-1
4364
2036
2851
5261
3497
3286
1723
2762
1069
3039
-1
16
852
-1
1879
695
5094
4098
3308
3139
2435
2976
5542
2686
468
5680
-1
1354
5350
2713
3088
1269
-1
4720
4438
1699
1307
4277
4809
147
4307
558
1793
1082
5210
3873
3569
-1
4900
4365
4038
2200
3383
92
1016
147
3139
3369
3139
3308
-1
3308
882
3266
5587
276
411
448
4883
2827
1044
4909
5076
280
2673
-1
2196
2763
2196
25
4689
1689
4420
2102
3592
-1
2734
-1
4183
1299
1044
2774
4356
1313
-1
25
3115
1726
3019
1203
5283
1064
93
2889
5533
1570
799
933
2376
2204
504
1892
1044
3822
1081
2762
3830
2122
4601
4287
5067
2298
1475
1183
391
2196
2882
2196
3746
1496
1131
2122
5362
2160
3875
4497
780
5402
4110
5521
4006
4966
147
195
-1
4713
425
1405
258
25
3402
3361
